-1,
1,
-1,
2,
-1,
3,
-1,
4,
-1,
5,
-1,
6,
-1,
7,
-1,
8,
-1,
9,
-1,
10,
-1,
11,
-1,
12,
-1,
13,
-1,
14,
-1,
15,
-1,
16,
-1,
17,
-1,
18,
-1,
19,
-1,
20,
-1,
21,
-1,
22,
-1,
23,
-1,
24,
-1,
25,
-1,
26,
-1,
27,
-1,
28,
-1,
29,
-1,
30,
-1,
31,
-1,
32,
-1,
33,
-1,
34,
-1,
35,
-1,
36,
-1,
37,
-1,
38,
-1,
39,
-1,
40,
-1,
41,
-1,
42,
-1,
43,
-1,
44,
-1,
45,
-1,
46,
-1,
47,
-2,
17,
-1,
48,
-2,
17,
-1,
49,
-2,
17,
-1,
50,
-2,
17,
-1,
51,
-2,
17,
-1,
52,
-2,
17,
-1,
53,
-2,
17,
-1,
54,
-2,
17,
-1,
55,
-2,
17,
-1,
56,
-2,
17,
-1,
57,
-2,
32,
-2,
17,
-1,
58,
-2,
32,
-2,
17,
-1,
59,
-2,
32,
-2,
17,
-1,
60,
-2,
32,
-2,
17,
-1,
61,
-2,
32,
-2,
17,
-1,
62,
-2,
32,
-2,
17,
-1,
63,
-2,
32,
-2,
17,
-1,
64,
-2,
32,
-2,
17,
-1,
65,
-2,
32,
-2,
17,
-1,
66,
-2,
32,
-2,
17,
-1,
67,
-2,
32,
-2,
17,
-1,
68,
-2,
32,
-2,
17,
-1,
69,
-2,
32,
-2,
17,
-1,
70,
-2,
32,
-2,
17,
-1,
71,
-2,
32,
-2,
17,
-1,
72,
-2,
32,
-2,
17,
-1,
73,
-2,
32,
-2,
17,
-1,
74,
-2,
32,
-2,
17,
-1,
75,
-2,
32,
-1,
76,
-2,
32,
-1,
77,
-2,
32,
-1,
78,
-2,
32,
-1,
79,
-2,
32,
-1,
80,
-2,
32,
-1,
81,
-2,
32,
-1,
82,
-2,
32,
-1,
83,
-2,
32,
-1,
84,
-2,
32,
-1,
85,
-2,
32,
-1,
86,
-2,
32,
-1,
87,
-2,
32,
-1,
88,
-2,
32,
-1,
89,
-2,
32,
-1,
90,
-2,
32,
-1,
91,
-2,
32,
-1,
92,
-2,
32,
-1,
93,
-2,
32,
-1,
94,
-2,
32,
-1,
95,
-2,
32,
-1,
96,
-2,
32,
-1,
97,
-2,
32,
-1,
98,
-2,
32,
-1,
99,
-2,
32,
-1,
100,
-2,
32,
-2,
17,
-1,
101,
-2,
32,
-2,
17,
-1,
102,
-2,
32,
-2,
17,
-1,
103,
-2,
32,
-2,
17,
-1,
104,
-2,
32,
-2,
17,
-1,
105,
-2,
32,
-2,
17,
-1,
106,
-2,
57,
-2,
32,
-2,
17,
-1,
107,
-2,
32,
-2,
17,
-1,
108,
-2,
32,
-2,
17,
-1,
109,
-2,
32,
-2,
17,
-1,
110,
-2,
32,
-2,
17,
-1,
111,
-2,
17,
-1,
112,
-2,
17,
-1,
113,
-2,
17,
-1,
114,
-2,
17,
-1,
115,
-2,
17,
-1,
116,
-2,
17,
-1,
117,
-2,
17,
-1,
118,
-2,
17,
-1,
119,
-2,
17,
-1,
120,
-2,
32,
-2,
17,
