-1,
121,
-2,
32,
-2,
17,
-1,
122,
-2,
32,
-2,
17,
-1,
123,
-2,
32,
-2,
17,
-1,
124,
-2,
32,
-2,
17,
-1,
125,
-2,
32,
-1,
126,
-2,
32,
-1,
127,
-2,
32,
-1,
128,
-2,
32,
-1,
129,
-2,
32,
-1,
130,
-2,
32,
-1,
131,
-2,
32,
-1,
132,
-2,
32,
-1,
133,
-2,
32,
-1,
134,
-2,
32,
-1,
135,
-2,
32,
-1,
136,
-2,
32,
-1,
137,
-2,
32,
-1,
138,
-2,
32,
-1,
139,
-2,
32,
-1,
140,
-2,
32,
-1,
141,
-2,
32,
-1,
142,
-2,
32,
-1,
143,
-2,
32,
-2,
31,
-1,
144,
-2,
32,
-2,
31,
-1,
145,
-2,
32,
-2,
31,
-1,
146,
-2,
32,
-2,
31,
-1,
147,
-2,
32,
-2,
31,
-1,
148,
-2,
32,
-2,
31,
-1,
149,
-2,
32,
-2,
31,
-1,
150,
-2,
32,
-2,
31,
-1,
151,
-2,
32,
-2,
31,
-1,
152,
-2,
32,
-2,
31,
-1,
153,
-2,
32,
-2,
31,
-1,
154,
-2,
31,
-1,
155,
-2,
31,
-1,
156,
-2,
31,
-1,
157,
-2,
31,
-1,
158,
-2,
31,
-1,
159,
-2,
31,
-1,
160,
-2,
31,
-1,
161,
-1,
162,
-1,
163,
-1,
164,
-1,
165,
-1,
166,
-1,
167,
-2,
17,
-1,
168,
-2,
17,
-1,
169,
-2,
17,
-1,
170,
-2,
17,
-1,
171,
-2,
17,
-1,
172,
-2,
17,
-1,
173,
-2,
17,
-1,
174,
-2,
17,
-1,
175,
-2,
17,
-1,
176,
-2,
17,
-1,
177,
-2,
17,
-2,
17,
-1,
178,
-2,
17,
-2,
17,
-1,
179,
-2,
17,
-2,
17,
-1,
180,
-2,
17,
-2,
17,
-1,
181,
-2,
17,
-2,
17,
-1,
182,
-2,
17,
-2,
17,
-1,
183,
-2,
17,
-2,
17,
-1,
184,
-2,
17,
-2,
17,
-1,
185,
-2,
17,
-2,
17,
-1,
186,
-2,
17,
-2,
17,
-1,
187,
-2,
17,
-2,
17,
-1,
188,
-2,
17,
-2,
17,
-1,
189,
-2,
17,
-2,
17,
-1,
190,
-2,
17,
-2,
17,
-1,
191,
-2,
17,
-2,
17,
-1,
192,
-2,
17,
-2,
17,
-1,
193,
-2,
17,
-2,
17,
-1,
194,
-2,
17,
-2,
17,
-1,
195,
-2,
17,
-1,
196,
-2,
17,
-1,
197,
-2,
17,
-1,
198,
-2,
17,
-1,
199,
-2,
17,
-1,
200,
-2,
17,
-1,
201,
-2,
17,
-1,
202,
-2,
17,
-1,
203,
-2,
17,
-1,
204,
-2,
17,
-1,
205,
-2,
17,
-1,
206,
-2,
32,
-1,
207,
-2,
32,
-1,
208,
-2,
32,
-1,
209,
-2,
32,
-1,
210,
-2,
32,
-1,
211,
-2,
32,
-1,
212,
-2,
32,
-1,
213,
-2,
32,
-1,
214,
-2,
32,
-1,
215,
-2,
32,
-1,
216,
-2,
32,
-1,
217,
-2,
32,
-1,
218,
-2,
32,
-1,
219,
-2,
32,
-1,
220,
-2,
32,
-2,
17,
-1,
221,
-2,
32,
-2,
17,
-1,
222,
-2,
32,
-2,
17,
-1,
223,
-2,
32,
-2,
17,
-1,
224,
-2,
32,
-2,
17,
-1,
225,
-2,
32,
-2,
17,
-1,
226,
-2,
57,
-2,
32,
-2,
17,
-1,
227,
-2,
32,
-2,
17,
-1,
228,
-2,
32,
-2,
17,
-1,
229,
-2,
32,
-2,
17,
-1,
230,
-2,
32,
-2,
17,
-1,
231,
-2,
17,
-1,
232,
-2,
17,
-1,
233,
-2,
17,
-1,
234,
-2,
17,
-1,
235,
-2,
17,
-1,
236,
-2,
17,
-1,
237,
-2,
17,
-1,
238,
-2,
17,
-1,
239,
-2,
17,
-1,
240,
-2,
32,
-2,
17,
