-1,
12001,
-2,
30,
-2,
17,
-1,
12002,
-2,
30,
-2,
17,
-1,
12003,
-2,
30,
-2,
17,
-1,
12004,
-2,
30,
-2,
17,
-1,
12005,
-2,
30,
-2,
17,
-1,
12006,
-2,
30,
-2,
17,
-1,
12007,
-2,
30,
-2,
17,
-1,
12008,
-2,
30,
-2,
17,
-1,
12009,
-2,
30,
-2,
17,
-1,
12010,
-2,
30,
-2,
17,
-1,
12011,
-2,
30,
-2,
17,
-1,
12012,
-2,
30,
-2,
17,
-1,
12013,
-2,
30,
-2,
17,
-1,
12014,
-2,
30,
-2,
17,
-1,
12015,
-2,
30,
-2,
17,
-1,
12016,
-2,
30,
-2,
17,
-1,
12017,
-2,
30,
-2,
17,
-1,
12018,
-2,
30,
-2,
17,
-1,
12019,
-2,
30,
-2,
31,
-1,
12020,
-2,
30,
-2,
31,
-1,
12021,
-2,
30,
-2,
31,
-1,
12022,
-2,
30,
-2,
31,
-1,
12023,
-2,
30,
-2,
31,
-1,
12024,
-2,
30,
-2,
31,
-1,
12025,
-2,
30,
-2,
31,
-1,
12026,
-2,
30,
-2,
31,
-1,
12027,
-2,
30,
-2,
31,
-1,
12028,
-2,
30,
-2,
31,
-1,
12029,
-2,
30,
-2,
31,
-1,
12030,
-2,
30,
-2,
31,
-1,
12031,
-2,
30,
-2,
31,
-1,
12032,
-2,
30,
-2,
31,
-1,
12033,
-2,
30,
-2,
31,
-1,
12034,
-2,
30,
-2,
17,
-1,
12035,
-2,
30,
-2,
17,
-1,
12036,
-2,
30,
-2,
17,
-1,
12037,
-2,
30,
-2,
17,
-1,
12038,
-2,
30,
-2,
17,
-1,
12039,
-2,
30,
-2,
17,
-1,
12040,
-2,
30,
-2,
17,
-1,
12041,
-2,
30,
-2,
17,
-1,
12042,
-2,
30,
-2,
17,
-1,
12043,
-2,
30,
-2,
17,
-1,
12044,
-2,
30,
-2,
17,
-1,
12045,
-2,
30,
-2,
17,
-1,
12046,
-2,
30,
-2,
17,
-1,
12047,
-2,
30,
-2,
17,
-1,
12048,
-2,
30,
-2,
17,
-1,
12049,
-2,
30,
-2,
17,
-1,
12050,
-2,
30,
-2,
17,
-1,
12051,
-2,
30,
-2,
17,
-1,
12052,
-2,
30,
-2,
17,
-1,
12053,
-2,
30,
-2,
17,
-1,
12054,
-2,
30,
-2,
17,
-1,
12055,
-2,
30,
-2,
17,
-1,
12056,
-2,
30,
-2,
17,
-1,
12057,
-2,
30,
-2,
17,
-1,
12058,
-2,
30,
-2,
17,
-1,
12059,
-2,
30,
-2,
17,
-1,
12060,
-2,
30,
-2,
17,
-1,
12061,
-2,
30,
-2,
17,
-1,
12062,
-2,
30,
-2,
17,
-1,
12063,
-2,
30,
-2,
31,
-1,
12064,
-2,
30,
-2,
31,
-1,
12065,
-2,
30,
-2,
31,
-1,
12066,
-2,
30,
-2,
31,
-1,
12067,
-2,
30,
-2,
17,
-1,
12068,
-2,
30,
-2,
17,
-1,
12069,
-2,
30,
-2,
17,
-1,
12070,
-2,
30,
-2,
17,
-1,
12071,
-2,
30,
-2,
17,
-1,
12072,
-2,
30,
-2,
17,
-1,
12073,
-2,
30,
-2,
17,
-1,
12074,
-2,
30,
-2,
17,
-1,
12075,
-2,
30,
-2,
17,
-1,
12076,
-2,
30,
-2,
17,
-1,
12077,
-2,
30,
-2,
31,
-1,
12078,
-2,
30,
-2,
31,
-1,
12079,
-2,
30,
-2,
31,
-1,
12080,
-2,
30,
-2,
31,
-1,
12081,
-2,
30,
-2,
31,
-1,
12082,
-2,
30,
-2,
31,
-1,
12083,
-2,
30,
-2,
31,
-1,
12084,
-2,
30,
-2,
31,
-1,
12085,
-2,
30,
-2,
31,
-1,
12086,
-2,
30,
-2,
31,
-1,
12087,
-2,
30,
-2,
17,
-1,
12088,
-2,
30,
-2,
17,
-1,
12089,
-2,
30,
-2,
17,
-1,
12090,
-2,
30,
-2,
17,
-1,
12091,
-2,
30,
-2,
17,
-1,
12092,
-2,
30,
-2,
17,
-1,
12093,
-2,
30,
-2,
17,
-1,
12094,
-2,
30,
-2,
17,
-1,
12095,
-2,
30,
-2,
17,
-1,
12096,
-2,
30,
-2,
17,
-1,
12097,
-2,
30,
-2,
17,
-1,
12098,
-2,
30,
-2,
17,
-1,
12099,
-2,
30,
-2,
31,
-1,
12100,
-2,
30,
-2,
31,
-1,
12101,
-2,
30,
-2,
31,
-1,
12102,
-2,
30,
-2,
31,
-1,
12103,
-2,
30,
-2,
17,
-1,
12104,
-2,
30,
-2,
17,
-1,
12105,
-2,
30,
-2,
17,
-1,
12106,
-2,
30,
-2,
17,
-1,
12107,
-2,
30,
-2,
17,
-1,
12108,
-2,
30,
-2,
17,
-1,
12109,
-2,
30,
-2,
17,
-1,
12110,
-2,
30,
-2,
17,
-1,
12111,
-2,
17,
-2,
17,
-1,
12112,
-2,
17,
-2,
17,
-1,
12113,
-2,
17,
-2,
17,
-1,
12114,
-2,
17,
-2,
17,
-1,
12115,
-2,
17,
-2,
17,
-1,
12116,
-2,
17,
-2,
17,
-1,
12117,
-2,
17,
-2,
17,
-1,
12118,
-2,
17,
-2,
17,
-1,
12119,
-2,
17,
-2,
17,
-1,
12120,
-2,
17,
-2,
17,
