-1,
12121,
-2,
17,
-2,
17,
-1,
12122,
-2,
17,
-2,
17,
-1,
12123,
-2,
17,
-2,
17,
-1,
12124,
-2,
17,
-2,
17,
-1,
12125,
-2,
17,
-2,
17,
-1,
12126,
-2,
17,
-2,
17,
-1,
12127,
-2,
17,
-2,
17,
-1,
12128,
-2,
17,
-2,
17,
-1,
12129,
-2,
17,
-2,
17,
-1,
12130,
-2,
17,
-2,
17,
-1,
12131,
-2,
17,
-2,
17,
-1,
12132,
-2,
17,
-2,
17,
-1,
12133,
-2,
17,
-2,
17,
-1,
12134,
-2,
17,
-2,
17,
-1,
12135,
-2,
17,
-2,
17,
-1,
12136,
-2,
17,
-2,
17,
-1,
12137,
-2,
17,
-2,
17,
-1,
12138,
-2,
17,
-2,
17,
-1,
12139,
-2,
17,
-2,
31,
-1,
12140,
-2,
17,
-2,
31,
-1,
12141,
-2,
17,
-2,
31,
-1,
12142,
-2,
17,
-2,
31,
-1,
12143,
-2,
17,
-2,
31,
-1,
12144,
-2,
17,
-2,
31,
-1,
12145,
-2,
17,
-2,
31,
-1,
12146,
-2,
17,
-2,
31,
-1,
12147,
-2,
17,
-2,
31,
-1,
12148,
-2,
17,
-2,
31,
-1,
12149,
-2,
17,
-2,
31,
-1,
12150,
-2,
17,
-2,
31,
-1,
12151,
-2,
17,
-2,
31,
-1,
12152,
-2,
17,
-2,
31,
-1,
12153,
-2,
17,
-2,
31,
-1,
12154,
-2,
17,
-2,
17,
-1,
12155,
-2,
17,
-2,
17,
-1,
12156,
-2,
17,
-2,
17,
-1,
12157,
-2,
17,
-2,
17,
-1,
12158,
-2,
17,
-2,
17,
-1,
12159,
-2,
17,
-2,
17,
-1,
12160,
-2,
17,
-2,
17,
-1,
12161,
-2,
17,
-2,
17,
-1,
12162,
-2,
17,
-2,
17,
-1,
12163,
-2,
17,
-2,
17,
-1,
12164,
-2,
17,
-2,
17,
-1,
12165,
-2,
17,
-2,
17,
-1,
12166,
-2,
17,
-2,
17,
-1,
12167,
-2,
17,
-2,
17,
-1,
12168,
-2,
17,
-2,
17,
-1,
12169,
-2,
17,
-2,
17,
-1,
12170,
-2,
17,
-2,
17,
-1,
12171,
-2,
17,
-2,
17,
-1,
12172,
-2,
17,
-2,
17,
-1,
12173,
-2,
17,
-2,
17,
-1,
12174,
-2,
30,
-2,
17,
-1,
12175,
-2,
30,
-2,
17,
-1,
12176,
-2,
30,
-2,
17,
-1,
12177,
-2,
30,
-2,
17,
-1,
12178,
-2,
30,
-2,
17,
-1,
12179,
-2,
30,
-2,
17,
-1,
12180,
-2,
30,
-2,
17,
-1,
12181,
-2,
30,
-2,
17,
-1,
12182,
-2,
30,
-2,
17,
-1,
12183,
-2,
30,
-2,
31,
-1,
12184,
-2,
30,
-2,
31,
-1,
12185,
-2,
30,
-2,
31,
-1,
12186,
-2,
30,
-2,
31,
-1,
12187,
-2,
30,
-2,
17,
-1,
12188,
-2,
30,
-2,
17,
-1,
12189,
-2,
30,
-2,
17,
-1,
12190,
-2,
30,
-2,
17,
-1,
12191,
-2,
30,
-2,
17,
-1,
12192,
-2,
30,
-2,
17,
-1,
12193,
-2,
30,
-2,
17,
-1,
12194,
-2,
30,
-2,
17,
-1,
12195,
-2,
30,
-2,
17,
-1,
12196,
-2,
30,
-2,
17,
-1,
12197,
-2,
30,
-2,
31,
-1,
12198,
-2,
30,
-2,
31,
-1,
12199,
-2,
30,
-2,
31,
-1,
12200,
-2,
30,
-2,
31,
-1,
12201,
-2,
30,
-2,
31,
-1,
12202,
-2,
30,
-2,
31,
-1,
12203,
-2,
30,
-2,
31,
-1,
12204,
-2,
30,
-2,
31,
-1,
12205,
-2,
30,
-2,
31,
-1,
12206,
-2,
30,
-2,
31,
-1,
12207,
-2,
30,
-2,
17,
-1,
12208,
-2,
30,
-2,
17,
-1,
12209,
-2,
30,
-2,
17,
-1,
12210,
-2,
30,
-2,
17,
-1,
12211,
-2,
30,
-2,
17,
-1,
12212,
-2,
30,
-2,
17,
-1,
12213,
-2,
30,
-2,
17,
-1,
12214,
-2,
30,
-2,
17,
-1,
12215,
-2,
30,
-2,
17,
-1,
12216,
-2,
30,
-2,
17,
-1,
12217,
-2,
30,
-2,
17,
-1,
12218,
-2,
30,
-2,
17,
-1,
12219,
-2,
30,
-2,
31,
-1,
12220,
-2,
30,
-2,
31,
-1,
12221,
-2,
30,
-2,
31,
-1,
12222,
-2,
30,
-2,
31,
-1,
12223,
-2,
30,
-2,
17,
-1,
12224,
-2,
30,
-2,
17,
-1,
12225,
-2,
30,
-2,
17,
-1,
12226,
-2,
30,
-2,
17,
-1,
12227,
-2,
30,
-2,
17,
-1,
12228,
-2,
30,
-2,
17,
-1,
12229,
-2,
30,
-2,
17,
-1,
12230,
-2,
30,
-2,
17,
-1,
12231,
-2,
30,
-2,
17,
-1,
12232,
-2,
30,
-2,
17,
-1,
12233,
-2,
30,
-2,
17,
-1,
12234,
-2,
30,
-2,
17,
-1,
12235,
-2,
30,
-2,
31,
-1,
12236,
-2,
30,
-2,
31,
-1,
12237,
-2,
30,
-2,
31,
-1,
12238,
-2,
30,
-2,
31,
-1,
12239,
-2,
30,
-2,
31,
-1,
12240,
-2,
30,
-2,
31,
