-1,
12241,
-2,
30,
-2,
31,
-1,
12242,
-2,
30,
-2,
31,
-1,
12243,
-2,
30,
-2,
31,
-1,
12244,
-2,
30,
-2,
31,
-1,
12245,
-2,
30,
-2,
31,
-1,
12246,
-2,
30,
-2,
31,
-1,
12247,
-2,
30,
-2,
31,
-1,
12248,
-2,
30,
-2,
31,
-1,
12249,
-2,
30,
-2,
31,
-1,
12250,
-2,
30,
-2,
31,
-1,
12251,
-2,
31,
-2,
17,
-1,
12252,
-2,
31,
-2,
17,
-1,
12253,
-2,
31,
-2,
17,
-1,
12254,
-2,
31,
-2,
17,
-1,
12255,
-2,
31,
-2,
17,
-1,
12256,
-2,
31,
-2,
17,
-1,
12257,
-2,
31,
-2,
17,
-1,
12258,
-2,
31,
-2,
17,
-1,
12259,
-2,
31,
-2,
31,
-1,
12260,
-2,
31,
-2,
31,
-1,
12261,
-2,
31,
-2,
31,
-1,
12262,
-2,
31,
-2,
31,
-1,
12263,
-2,
31,
-2,
31,
-1,
12264,
-2,
31,
-2,
31,
-1,
12265,
-2,
31,
-2,
31,
-1,
12266,
-2,
31,
-2,
31,
-1,
12267,
-2,
31,
-2,
31,
-1,
12268,
-2,
31,
-2,
31,
-1,
12269,
-2,
31,
-2,
31,
-1,
12270,
-2,
31,
-2,
31,
-1,
12271,
-2,
31,
-2,
31,
-1,
12272,
-2,
31,
-2,
31,
-1,
12273,
-2,
31,
-2,
31,
-1,
12274,
-2,
31,
-2,
17,
-1,
12275,
-2,
31,
-2,
17,
-1,
12276,
-2,
31,
-2,
17,
-1,
12277,
-2,
32,
-2,
31,
-1,
12278,
-2,
32,
-2,
31,
-1,
12279,
-2,
32,
-2,
31,
-1,
12280,
-2,
32,
-2,
31,
-1,
12281,
-2,
32,
-2,
31,
-1,
12282,
-2,
32,
-2,
31,
-1,
12283,
-2,
32,
-2,
31,
-1,
12284,
-2,
32,
-2,
31,
-1,
12285,
-2,
32,
-2,
31,
-1,
12286,
-2,
32,
-2,
31,
-1,
12287,
-2,
32,
-2,
31,
-1,
12288,
-2,
32,
-2,
31,
-1,
12289,
-2,
32,
-2,
31,
-1,
12290,
-2,
32,
-2,
31,
-1,
12291,
-2,
32,
-2,
31,
-1,
12292,
-2,
32,
-2,
31,
-1,
12293,
-2,
32,
-2,
31,
-1,
12294,
-2,
31,
-2,
17,
-1,
12295,
-2,
31,
-2,
17,
-1,
12296,
-2,
31,
-2,
17,
-1,
12297,
-2,
31,
-2,
17,
-1,
12298,
-2,
31,
-2,
17,
-1,
12299,
-2,
31,
-2,
17,
-1,
12300,
-2,
31,
-2,
17,
-1,
12301,
-2,
31,
-2,
17,
-1,
12302,
-2,
31,
-2,
17,
-1,
12303,
-2,
31,
-2,
31,
-1,
12304,
-2,
31,
-2,
31,
-1,
12305,
-2,
31,
-2,
31,
-1,
12306,
-2,
31,
-2,
31,
-1,
12307,
-2,
31,
-2,
17,
-1,
12308,
-2,
31,
-2,
17,
-1,
12309,
-2,
30,
-2,
31,
-1,
12310,
-2,
30,
-2,
31,
-1,
12311,
-2,
30,
-2,
31,
-1,
12312,
-2,
30,
-2,
17,
-1,
12313,
-2,
30,
-2,
17,
-1,
12314,
-2,
30,
-2,
17,
-1,
12315,
-2,
30,
-2,
17,
-1,
12316,
-2,
30,
-2,
17,
-1,
12317,
-2,
30,
-2,
31,
-1,
12318,
-2,
30,
-2,
31,
-1,
12319,
-2,
30,
-2,
31,
-1,
12320,
-2,
30,
-2,
31,
-1,
12321,
-2,
30,
-2,
31,
-1,
12322,
-2,
30,
-2,
31,
-1,
12323,
-2,
30,
-2,
31,
-1,
12324,
-2,
30,
-2,
31,
-1,
12325,
-2,
30,
-2,
31,
-1,
12326,
-2,
30,
-2,
31,
-1,
12327,
-2,
30,
-2,
17,
-1,
12328,
-2,
30,
-2,
17,
-1,
12329,
-2,
30,
-2,
17,
-1,
12330,
-2,
30,
-2,
17,
-1,
12331,
-2,
30,
-2,
17,
-1,
12332,
-2,
30,
-2,
17,
-1,
12333,
-2,
30,
-2,
17,
-1,
12334,
-2,
30,
-2,
17,
-1,
12335,
-2,
30,
-2,
17,
-1,
12336,
-2,
30,
-2,
17,
-1,
12337,
-2,
30,
-2,
17,
-1,
12338,
-2,
30,
-2,
17,
-1,
12339,
-2,
30,
-2,
31,
-1,
12340,
-2,
30,
-2,
31,
-1,
12341,
-2,
30,
-2,
31,
-1,
12342,
-2,
30,
-2,
31,
-1,
12343,
-2,
30,
-2,
17,
-1,
12344,
-2,
30,
-2,
17,
-1,
12345,
-2,
30,
-2,
17,
-1,
12346,
-2,
30,
-2,
17,
-1,
12347,
-2,
30,
-2,
31,
-1,
12348,
-2,
30,
-2,
31,
-1,
12349,
-2,
30,
-2,
31,
-1,
12350,
-2,
30,
-2,
31,
-1,
12351,
-2,
30,
-2,
31,
-1,
12352,
-2,
30,
-2,
31,
-1,
12353,
-2,
30,
-2,
31,
-1,
12354,
-2,
30,
-2,
31,
-1,
12355,
-2,
30,
-2,
31,
-1,
12356,
-2,
30,
-2,
31,
-1,
12357,
-2,
30,
-2,
31,
-1,
12358,
-2,
30,
-2,
31,
-1,
12359,
-2,
30,
-2,
31,
-1,
12360,
-2,
30,
-2,
31,
