-1,
12361,
-2,
30,
-2,
31,
-1,
12362,
-2,
30,
-2,
31,
-1,
12363,
-2,
30,
-2,
31,
-1,
12364,
-2,
30,
-2,
31,
-1,
12365,
-2,
30,
-2,
31,
-1,
12366,
-2,
30,
-2,
31,
-1,
12367,
-2,
30,
-2,
31,
-1,
12368,
-2,
30,
-2,
31,
-1,
12369,
-2,
30,
-2,
31,
-1,
12370,
-2,
30,
-2,
31,
-1,
12371,
-2,
30,
-2,
17,
-1,
12372,
-2,
30,
-2,
17,
-1,
12373,
-2,
30,
-2,
17,
-1,
12374,
-2,
30,
-2,
17,
-1,
12375,
-2,
30,
-2,
17,
-1,
12376,
-2,
30,
-2,
17,
-1,
12377,
-2,
30,
-2,
17,
-1,
12378,
-2,
30,
-2,
17,
-1,
12379,
-2,
30,
-2,
31,
-1,
12380,
-2,
30,
-2,
31,
-1,
12381,
-2,
30,
-2,
31,
-1,
12382,
-2,
30,
-2,
31,
-1,
12383,
-2,
30,
-2,
31,
-1,
12384,
-2,
30,
-2,
31,
-1,
12385,
-2,
30,
-2,
31,
-1,
12386,
-2,
30,
-2,
31,
-1,
12387,
-2,
30,
-2,
31,
-1,
12388,
-2,
30,
-2,
31,
-1,
12389,
-2,
30,
-2,
31,
-1,
12390,
-2,
30,
-2,
31,
-1,
12391,
-2,
30,
-2,
31,
-1,
12392,
-2,
30,
-2,
31,
-1,
12393,
-2,
30,
-2,
31,
-1,
12394,
-2,
30,
-2,
17,
-1,
12395,
-2,
30,
-2,
17,
-1,
12396,
-2,
30,
-2,
17,
-1,
12397,
-2,
30,
-2,
17,
-1,
12398,
-2,
30,
-2,
17,
-1,
12399,
-2,
30,
-2,
17,
-1,
12400,
-2,
30,
-2,
17,
-1,
12401,
-2,
30,
-2,
17,
-1,
12402,
-2,
30,
-2,
17,
-1,
12403,
-2,
30,
-2,
17,
-1,
12404,
-2,
30,
-2,
17,
-1,
12405,
-2,
30,
-2,
17,
-1,
12406,
-2,
30,
-2,
17,
-1,
12407,
-2,
30,
-2,
17,
-1,
12408,
-2,
30,
-2,
17,
-1,
12409,
-2,
30,
-2,
17,
-1,
12410,
-2,
30,
-2,
17,
-1,
12411,
-2,
30,
-2,
17,
-1,
12412,
-2,
30,
-2,
17,
-1,
12413,
-2,
30,
-2,
17,
-1,
12414,
-2,
30,
-2,
17,
-1,
12415,
-2,
30,
-2,
17,
-1,
12416,
-2,
30,
-2,
17,
-1,
12417,
-2,
30,
-2,
17,
-1,
12418,
-2,
30,
-2,
17,
-1,
12419,
-2,
30,
-2,
17,
-1,
12420,
-2,
30,
-2,
17,
-1,
12421,
-2,
30,
-2,
17,
-1,
12422,
-2,
30,
-2,
17,
-1,
12423,
-2,
30,
-2,
17,
-1,
12424,
-2,
30,
-2,
17,
-1,
12425,
-2,
30,
-2,
17,
-1,
12426,
-2,
30,
-2,
17,
-1,
12427,
-2,
30,
-2,
17,
-1,
12428,
-2,
30,
-2,
17,
-1,
12429,
-2,
30,
-2,
17,
-1,
12430,
-2,
30,
-2,
17,
-1,
12431,
-2,
30,
-2,
17,
-1,
12432,
-2,
30,
-2,
17,
-1,
12433,
-2,
30,
-2,
17,
-1,
12434,
-2,
30,
-2,
17,
-1,
12435,
-2,
30,
-2,
17,
-1,
12436,
-2,
17,
-2,
17,
-1,
12437,
-2,
17,
-2,
31,
-1,
12438,
-2,
17,
-2,
31,
-1,
12439,
-2,
17,
-2,
31,
-1,
12440,
-2,
17,
-2,
31,
-1,
12441,
-2,
17,
-2,
31,
-1,
12442,
-2,
17,
-2,
31,
-1,
12443,
-2,
17,
-2,
31,
-1,
12444,
-2,
17,
-2,
31,
-1,
12445,
-2,
17,
-2,
31,
-1,
12446,
-2,
17,
-2,
31,
-1,
12447,
-2,
17,
-2,
17,
-1,
12448,
-2,
17,
-2,
17,
-1,
12449,
-2,
17,
-2,
17,
-1,
12450,
-2,
17,
-2,
17,
-1,
12451,
-2,
17,
-2,
17,
-1,
12452,
-2,
17,
-2,
17,
-1,
12453,
-2,
30,
-2,
17,
-1,
12454,
-2,
30,
-2,
17,
-1,
12455,
-2,
30,
-2,
17,
-1,
12456,
-2,
30,
-2,
17,
-1,
12457,
-2,
30,
-2,
17,
-1,
12458,
-2,
30,
-2,
17,
-1,
12459,
-2,
30,
-2,
17,
-1,
12460,
-2,
30,
-2,
17,
-1,
12461,
-2,
30,
-2,
17,
-1,
12462,
-2,
30,
-2,
17,
-1,
12463,
-2,
30,
-2,
17,
-1,
12464,
-2,
30,
-2,
17,
-1,
12465,
-2,
30,
-2,
17,
-1,
12466,
-2,
30,
-2,
17,
-1,
12467,
-2,
30,
-2,
17,
-1,
12468,
-2,
30,
-2,
17,
-1,
12469,
-2,
30,
-2,
17,
-1,
12470,
-2,
30,
-2,
17,
-1,
12471,
-2,
30,
-2,
17,
-1,
12472,
-2,
30,
-2,
17,
-1,
12473,
-2,
30,
-2,
17,
-1,
12474,
-2,
30,
-2,
17,
-1,
12475,
-2,
30,
-2,
17,
-1,
12476,
-2,
30,
-2,
17,
-1,
12477,
-2,
30,
-2,
17,
-1,
12478,
-2,
30,
-2,
17,
-1,
12479,
-2,
30,
-2,
17,
-1,
12480,
-2,
30,
-2,
17,
