-1,
12481,
-2,
30,
-2,
17,
-1,
12482,
-2,
30,
-2,
17,
-1,
12483,
-2,
30,
-2,
17,
-1,
12484,
-2,
30,
-2,
31,
-1,
12485,
-2,
30,
-2,
31,
-1,
12486,
-2,
30,
-2,
31,
-1,
12487,
-2,
30,
-2,
31,
-1,
12488,
-2,
30,
-2,
31,
-1,
12489,
-2,
30,
-2,
31,
-1,
12490,
-2,
30,
-2,
31,
-1,
12491,
-2,
30,
-2,
17,
-1,
12492,
-2,
30,
-2,
17,
-1,
12493,
-2,
30,
-2,
17,
-1,
12494,
-2,
30,
-2,
17,
-1,
12495,
-2,
30,
-2,
17,
-1,
12496,
-2,
30,
-2,
17,
-1,
12497,
-2,
30,
-2,
17,
-1,
12498,
-2,
30,
-2,
17,
-1,
12499,
-2,
30,
-2,
31,
-1,
12500,
-2,
30,
-2,
31,
-1,
12501,
-2,
30,
-2,
31,
-1,
12502,
-2,
30,
-2,
31,
-1,
12503,
-2,
30,
-2,
31,
-1,
12504,
-2,
30,
-2,
31,
-1,
12505,
-2,
30,
-2,
17,
-1,
12506,
-2,
30,
-2,
17,
-1,
12507,
-2,
30,
-2,
17,
-1,
12508,
-2,
30,
-2,
17,
-1,
12509,
-2,
30,
-2,
17,
-1,
12510,
-2,
30,
-2,
17,
-1,
12511,
-2,
30,
-2,
31,
-1,
12512,
-2,
30,
-2,
31,
-1,
12513,
-2,
30,
-2,
31,
-1,
12514,
-2,
30,
-2,
17,
-1,
12515,
-2,
30,
-2,
17,
-1,
12516,
-2,
30,
-2,
17,
-1,
12517,
-2,
30,
-2,
17,
-1,
12518,
-2,
30,
-2,
17,
-1,
12519,
-2,
30,
-2,
17,
-1,
12520,
-2,
30,
-2,
17,
-1,
12521,
-2,
30,
-2,
17,
-1,
12522,
-2,
30,
-2,
17,
-1,
12523,
-2,
30,
-2,
17,
-1,
12524,
-2,
30,
-2,
17,
-1,
12525,
-2,
30,
-2,
17,
-1,
12526,
-2,
30,
-2,
17,
-1,
12527,
-2,
30,
-2,
17,
-1,
12528,
-2,
30,
-2,
17,
-1,
12529,
-2,
30,
-2,
17,
-1,
12530,
-2,
30,
-2,
17,
-1,
12531,
-2,
30,
-2,
17,
-1,
12532,
-2,
30,
-2,
17,
-1,
12533,
-2,
30,
-2,
17,
-1,
12534,
-2,
30,
-2,
17,
-1,
12535,
-2,
30,
-2,
17,
-1,
12536,
-2,
30,
-2,
17,
-1,
12537,
-2,
30,
-2,
17,
-1,
12538,
-2,
30,
-2,
17,
-1,
12539,
-2,
30,
-2,
17,
-1,
12540,
-2,
30,
-2,
17,
-1,
12541,
-2,
30,
-2,
17,
-1,
12542,
-2,
30,
-2,
17,
-1,
12543,
-2,
30,
-2,
17,
-1,
12544,
-2,
30,
-2,
17,
-1,
12545,
-2,
30,
-2,
17,
-1,
12546,
-2,
30,
-2,
17,
-1,
12547,
-2,
30,
-2,
17,
-1,
12548,
-2,
30,
-2,
17,
-1,
12549,
-2,
30,
-2,
17,
-1,
12550,
-2,
30,
-2,
17,
-1,
12551,
-2,
30,
-2,
17,
-1,
12552,
-2,
30,
-2,
17,
-1,
12553,
-2,
30,
-2,
31,
-1,
12554,
-2,
30,
-2,
31,
-1,
12555,
-2,
30,
-2,
31,
-1,
12556,
-2,
30,
-2,
31,
-1,
12557,
-2,
30,
-2,
31,
-1,
12558,
-2,
30,
-2,
31,
-1,
12559,
-2,
30,
-2,
31,
-1,
12560,
-2,
30,
-2,
31,
-1,
12561,
-2,
30,
-2,
31,
-1,
12562,
-2,
30,
-2,
31,
-1,
12563,
-2,
30,
-2,
31,
-1,
12564,
-2,
30,
-2,
31,
-1,
12565,
-2,
30,
-2,
31,
-1,
12566,
-2,
30,
-2,
31,
-1,
12567,
-2,
30,
-2,
31,
-1,
12568,
-2,
30,
-2,
31,
-1,
12569,
-2,
30,
-2,
31,
-1,
12570,
-2,
30,
-2,
31,
-1,
12571,
-2,
30,
-2,
31,
-1,
12572,
-2,
30,
-2,
31,
-1,
12573,
-2,
30,
-2,
31,
-1,
12574,
-2,
30,
-2,
31,
-1,
12575,
-2,
30,
-2,
31,
-1,
12576,
-2,
30,
-2,
31,
-1,
12577,
-2,
30,
-2,
31,
-1,
12578,
-2,
30,
-2,
31,
-1,
12579,
-2,
30,
-2,
31,
-1,
12580,
-2,
30,
-2,
31,
-1,
12581,
-2,
30,
-2,
31,
-1,
12582,
-2,
30,
-2,
31,
-1,
12583,
-2,
30,
-2,
31,
-1,
12584,
-2,
30,
-2,
31,
-1,
12585,
-2,
30,
-2,
31,
-1,
12586,
-2,
30,
-2,
31,
-1,
12587,
-2,
30,
-2,
31,
-1,
12588,
-2,
30,
-2,
31,
-1,
12589,
-2,
30,
-2,
31,
-1,
12590,
-2,
30,
-2,
31,
-1,
12591,
-2,
30,
-2,
31,
-1,
12592,
-2,
30,
-2,
31,
-1,
12593,
-2,
30,
-2,
31,
-1,
12594,
-2,
30,
-2,
31,
-1,
12595,
-2,
30,
-2,
31,
-1,
12596,
-2,
30,
-2,
31,
-1,
12597,
-2,
30,
-2,
31,
-1,
12598,
-2,
30,
-2,
31,
-1,
12599,
-2,
30,
-2,
31,
-1,
12600,
-2,
30,
-2,
31,
