-1,
12601,
-2,
30,
-2,
31,
-1,
12602,
-2,
30,
-2,
31,
-1,
12603,
-2,
30,
-2,
31,
-1,
12604,
-2,
30,
-2,
31,
-1,
12605,
-2,
30,
-2,
31,
-1,
12606,
-2,
30,
-2,
31,
-1,
12607,
-2,
30,
-2,
31,
-1,
12608,
-2,
30,
-2,
31,
-1,
12609,
-2,
30,
-2,
31,
-1,
12610,
-2,
30,
-2,
31,
-1,
12611,
-2,
30,
-2,
31,
-1,
12612,
-2,
30,
-2,
31,
-1,
12613,
-2,
30,
-2,
31,
-1,
12614,
-2,
30,
-2,
31,
-1,
12615,
-2,
30,
-2,
31,
-1,
12616,
-2,
30,
-2,
31,
-1,
12617,
-2,
30,
-2,
31,
-1,
12618,
-2,
30,
-2,
31,
-1,
12619,
-2,
30,
-2,
31,
-1,
12620,
-2,
30,
-2,
31,
-1,
12621,
-2,
30,
-2,
31,
-1,
12622,
-2,
30,
-2,
31,
-1,
12623,
-2,
30,
-2,
31,
-1,
12624,
-2,
30,
-2,
31,
-1,
12625,
-2,
30,
-2,
31,
-1,
12626,
-2,
30,
-2,
31,
-1,
12627,
-2,
30,
-2,
31,
-1,
12628,
-2,
30,
-2,
31,
-1,
12629,
-2,
30,
-2,
31,
-1,
12630,
-2,
30,
-2,
31,
-1,
12631,
-2,
30,
-2,
31,
-1,
12632,
-2,
30,
-2,
31,
-1,
12633,
-2,
30,
-2,
31,
-1,
12634,
-2,
30,
-2,
31,
-1,
12635,
-2,
30,
-2,
17,
-1,
12636,
-2,
30,
-2,
17,
-1,
12637,
-2,
30,
-2,
17,
-1,
12638,
-2,
30,
-2,
17,
-1,
12639,
-2,
30,
-2,
17,
-1,
12640,
-2,
30,
-2,
17,
-1,
12641,
-2,
30,
-2,
17,
-1,
12642,
-2,
30,
-2,
17,
-1,
12643,
-2,
30,
-2,
17,
-1,
12644,
-2,
30,
-2,
17,
-1,
12645,
-2,
30,
-2,
17,
-1,
12646,
-2,
30,
-2,
17,
-1,
12647,
-2,
30,
-2,
17,
-1,
12648,
-2,
30,
-2,
17,
-1,
12649,
-2,
30,
-2,
17,
-1,
12650,
-2,
30,
-2,
17,
-1,
12651,
-2,
30,
-2,
17,
-1,
12652,
-2,
30,
-2,
17,
-1,
12653,
-2,
30,
-2,
17,
-1,
12654,
-2,
30,
-2,
17,
-1,
12655,
-2,
30,
-2,
17,
-1,
12656,
-2,
30,
-2,
17,
-1,
12657,
-2,
30,
-2,
17,
-1,
12658,
-2,
30,
-2,
17,
-1,
12659,
-2,
30,
-2,
17,
-1,
12660,
-2,
30,
-2,
17,
-1,
12661,
-2,
30,
-2,
17,
-1,
12662,
-2,
30,
-2,
17,
-1,
12663,
-2,
30,
-2,
17,
-1,
12664,
-2,
30,
-2,
17,
-1,
12665,
-2,
30,
-2,
17,
-1,
12666,
-2,
30,
-2,
17,
-1,
12667,
-2,
30,
-2,
17,
-1,
12668,
-2,
30,
-2,
17,
-1,
12669,
-2,
30,
-2,
17,
-1,
12670,
-2,
30,
-2,
17,
-1,
12671,
-2,
30,
-2,
17,
-1,
12672,
-2,
30,
-2,
17,
-1,
12673,
-2,
30,
-2,
17,
-1,
12674,
-2,
30,
-2,
17,
-1,
12675,
-2,
30,
-2,
17,
-1,
12676,
-2,
30,
-2,
17,
-1,
12677,
-2,
30,
-2,
17,
-1,
12678,
-2,
30,
-2,
17,
-1,
12679,
-2,
30,
-2,
17,
-1,
12680,
-2,
30,
-2,
17,
-1,
12681,
-2,
30,
-2,
17,
-1,
12682,
-2,
30,
-2,
17,
-1,
12683,
-2,
30,
-2,
17,
-1,
12684,
-2,
30,
-2,
17,
-1,
12685,
-2,
30,
-2,
17,
-1,
12686,
-2,
30,
-2,
17,
-1,
12687,
-2,
30,
-2,
17,
-1,
12688,
-2,
30,
-2,
17,
-1,
12689,
-2,
30,
-2,
17,
-1,
12690,
-2,
30,
-2,
17,
-1,
12691,
-2,
30,
-2,
17,
-1,
12692,
-2,
30,
-2,
17,
-1,
12693,
-2,
30,
-2,
17,
-1,
12694,
-2,
30,
-2,
17,
-1,
12695,
-2,
30,
-2,
17,
-1,
12696,
-2,
30,
-2,
17,
-1,
12697,
-2,
30,
-2,
17,
-1,
12698,
-2,
30,
-2,
17,
-1,
12699,
-2,
30,
-2,
17,
-1,
12700,
-2,
30,
-2,
17,
-1,
12701,
-2,
30,
-2,
17,
-1,
12702,
-2,
30,
-2,
17,
-1,
12703,
-2,
30,
-2,
17,
-1,
12704,
-2,
30,
-2,
17,
-1,
12705,
-2,
30,
-2,
17,
-1,
12706,
-2,
30,
-2,
17,
-1,
12707,
-2,
30,
-2,
17,
-1,
12708,
-2,
30,
-2,
17,
-1,
12709,
-2,
30,
-2,
17,
-1,
12710,
-2,
30,
-2,
17,
-1,
12711,
-2,
30,
-2,
17,
-1,
12712,
-2,
30,
-2,
17,
-1,
12713,
-2,
30,
-2,
17,
-1,
12714,
-2,
30,
-2,
17,
-1,
12715,
-2,
30,
-2,
17,
-1,
12716,
-2,
30,
-2,
17,
-1,
12717,
-2,
30,
-2,
17,
-1,
12718,
-2,
30,
-2,
17,
-1,
12719,
-2,
30,
-2,
17,
-1,
12720,
-2,
30,
-2,
17,
