-1,
12721,
-2,
30,
-2,
17,
-1,
12722,
-2,
30,
-2,
17,
-1,
12723,
-2,
30,
-2,
17,
-1,
12724,
-2,
30,
-2,
17,
-1,
12725,
-2,
30,
-2,
17,
-1,
12726,
-2,
30,
-2,
17,
-1,
12727,
-2,
30,
-2,
17,
-1,
12728,
-2,
30,
-2,
17,
-1,
12729,
-2,
30,
-2,
17,
-1,
12730,
-2,
30,
-2,
17,
-1,
12731,
-2,
30,
-2,
17,
-1,
12732,
-2,
30,
-2,
17,
-1,
12733,
-2,
30,
-2,
17,
-1,
12734,
-2,
30,
-2,
17,
-1,
12735,
-2,
30,
-2,
17,
-1,
12736,
-2,
30,
-2,
17,
-1,
12737,
-2,
30,
-2,
17,
-1,
12738,
-2,
30,
-2,
31,
-1,
12739,
-2,
30,
-2,
31,
-1,
12740,
-2,
30,
-2,
31,
-1,
12741,
-2,
30,
-2,
31,
-1,
12742,
-2,
30,
-2,
31,
-1,
12743,
-2,
30,
-2,
31,
-1,
12744,
-2,
30,
-2,
31,
-1,
12745,
-2,
30,
-2,
31,
-1,
12746,
-2,
30,
-2,
31,
-1,
12747,
-2,
30,
-2,
31,
-1,
12748,
-2,
30,
-2,
31,
-1,
12749,
-2,
30,
-2,
31,
-1,
12750,
-2,
30,
-2,
31,
-1,
12751,
-2,
30,
-2,
31,
-1,
12752,
-2,
30,
-2,
31,
-1,
12753,
-2,
30,
-2,
31,
-1,
12754,
-2,
30,
-2,
31,
-1,
12755,
-2,
30,
-2,
17,
-1,
12756,
-2,
30,
-2,
17,
-1,
12757,
-2,
30,
-2,
17,
-1,
12758,
-2,
30,
-2,
17,
-1,
12759,
-2,
30,
-2,
17,
-1,
12760,
-2,
30,
-2,
17,
-1,
12761,
-2,
30,
-2,
17,
-1,
12762,
-2,
30,
-2,
17,
-1,
12763,
-2,
30,
-2,
17,
-1,
12764,
-2,
30,
-2,
17,
-1,
12765,
-2,
30,
-2,
17,
-1,
12766,
-2,
30,
-2,
17,
-1,
12767,
-2,
30,
-2,
17,
-1,
12768,
-2,
30,
-2,
17,
-1,
12769,
-2,
30,
-2,
17,
-1,
12770,
-2,
30,
-2,
17,
-1,
12771,
-2,
30,
-2,
17,
-1,
12772,
-2,
30,
-2,
17,
-1,
12773,
-2,
30,
-2,
17,
-1,
12774,
-2,
30,
-2,
17,
-1,
12775,
-2,
30,
-2,
17,
-1,
12776,
-2,
30,
-2,
17,
-1,
12777,
-2,
30,
-2,
17,
-1,
12778,
-2,
30,
-2,
17,
-1,
12779,
-2,
30,
-2,
17,
-1,
12780,
-2,
30,
-2,
17,
-1,
12781,
-2,
30,
-2,
17,
-1,
12782,
-2,
30,
-2,
17,
-1,
12783,
-2,
30,
-2,
17,
-1,
12784,
-2,
30,
-2,
17,
-1,
12785,
-2,
30,
-2,
17,
-1,
12786,
-2,
30,
-2,
17,
-1,
12787,
-2,
30,
-2,
17,
-1,
12788,
-2,
30,
-2,
17,
-1,
12789,
-2,
30,
-2,
17,
-1,
12790,
-2,
30,
-2,
17,
-1,
12791,
-2,
30,
-2,
17,
-1,
12792,
-2,
30,
-2,
17,
-1,
12793,
-2,
30,
-2,
17,
-1,
12794,
-2,
30,
-2,
17,
-1,
12795,
-2,
30,
-2,
17,
-1,
12796,
-2,
30,
-2,
17,
-1,
12797,
-2,
30,
-2,
17,
-1,
12798,
-2,
30,
-2,
17,
-1,
12799,
-2,
30,
-2,
17,
-1,
12800,
-2,
30,
-2,
17,
-1,
12801,
-2,
30,
-2,
17,
-1,
12802,
-2,
30,
-2,
17,
-1,
12803,
-2,
30,
-2,
17,
-1,
12804,
-2,
30,
-2,
17,
-1,
12805,
-2,
30,
-2,
17,
-1,
12806,
-2,
30,
-2,
17,
-1,
12807,
-2,
30,
-2,
17,
-1,
12808,
-2,
30,
-2,
17,
-1,
12809,
-2,
30,
-2,
17,
-1,
12810,
-2,
30,
-2,
17,
-1,
12811,
-2,
30,
-2,
17,
-1,
12812,
-2,
30,
-2,
17,
-1,
12813,
-2,
30,
-2,
17,
-1,
12814,
-2,
30,
-2,
17,
-1,
12815,
-2,
30,
-2,
17,
-1,
12816,
-2,
30,
-2,
17,
-1,
12817,
-2,
30,
-2,
17,
-1,
12818,
-2,
30,
-2,
17,
-1,
12819,
-2,
30,
-2,
31,
-1,
12820,
-2,
30,
-2,
31,
-1,
12821,
-2,
30,
-2,
31,
-1,
12822,
-2,
30,
-2,
31,
-1,
12823,
-2,
30,
-2,
31,
-1,
12824,
-2,
30,
-2,
31,
-1,
12825,
-2,
30,
-2,
31,
-1,
12826,
-2,
30,
-2,
31,
-1,
12827,
-2,
30,
-2,
31,
-1,
12828,
-2,
30,
-2,
31,
-1,
12829,
-2,
30,
-2,
31,
-1,
12830,
-2,
30,
-2,
31,
-1,
12831,
-2,
30,
-2,
31,
-1,
12832,
-2,
30,
-2,
31,
-1,
12833,
-2,
30,
-2,
31,
-1,
12834,
-2,
30,
-2,
31,
-1,
12835,
-2,
30,
-2,
31,
-1,
12836,
-2,
30,
-2,
31,
-1,
12837,
-2,
30,
-2,
31,
-1,
12838,
-2,
30,
-2,
31,
-1,
12839,
-2,
30,
-2,
31,
-1,
12840,
-2,
30,
-2,
31,
