-1,
12841,
-2,
30,
-2,
31,
-1,
12842,
-2,
30,
-2,
31,
-1,
12843,
-2,
30,
-2,
31,
-1,
12844,
-2,
30,
-2,
31,
-1,
12845,
-2,
30,
-2,
31,
-1,
12846,
-2,
30,
-2,
31,
-1,
12847,
-2,
30,
-2,
31,
-1,
12848,
-2,
30,
-2,
31,
-1,
12849,
-2,
30,
-2,
31,
-1,
12850,
-2,
30,
-2,
31,
-1,
12851,
-2,
30,
-2,
31,
-1,
12852,
-2,
30,
-2,
31,
-1,
12853,
-2,
30,
-2,
31,
-1,
12854,
-2,
30,
-2,
31,
-1,
12855,
-2,
30,
-2,
31,
-1,
12856,
-2,
30,
-2,
31,
-1,
12857,
-2,
30,
-2,
31,
-1,
12858,
-2,
30,
-2,
31,
-1,
12859,
-2,
30,
-2,
31,
-1,
12860,
-2,
30,
-2,
31,
-1,
12861,
-2,
30,
-2,
31,
-1,
12862,
-2,
30,
-2,
31,
-1,
12863,
-2,
30,
-2,
31,
-1,
12864,
-2,
30,
-2,
31,
-1,
12865,
-2,
30,
-2,
31,
-1,
12866,
-2,
30,
-2,
31,
-1,
12867,
-2,
30,
-2,
31,
-1,
12868,
-2,
30,
-2,
31,
-1,
12869,
-2,
30,
-2,
31,
-1,
12870,
-2,
30,
-2,
31,
-1,
12871,
-2,
30,
-2,
31,
-1,
12872,
-2,
30,
-2,
31,
-1,
12873,
-2,
30,
-2,
31,
-1,
12874,
-2,
30,
-2,
31,
-1,
12875,
-2,
30,
-2,
31,
-1,
12876,
-2,
30,
-2,
31,
-1,
12877,
-2,
30,
-2,
31,
-1,
12878,
-2,
30,
-2,
31,
-1,
12879,
-2,
30,
-2,
31,
-1,
12880,
-2,
30,
-2,
31,
-1,
12881,
-2,
30,
-2,
31,
-1,
12882,
-2,
30,
-2,
31,
-1,
12883,
-2,
30,
-2,
31,
-1,
12884,
-2,
30,
-2,
31,
-1,
12885,
-2,
30,
-2,
31,
-1,
12886,
-2,
30,
-2,
31,
-1,
12887,
-2,
30,
-2,
31,
-1,
12888,
-2,
30,
-2,
31,
-1,
12889,
-2,
30,
-2,
31,
-1,
12890,
-2,
30,
-2,
31,
-1,
12891,
-2,
30,
-2,
31,
-1,
12892,
-2,
30,
-2,
31,
-1,
12893,
-2,
30,
-2,
31,
-1,
12894,
-2,
30,
-2,
31,
-1,
12895,
-2,
30,
-2,
31,
-1,
12896,
-2,
30,
-2,
31,
-1,
12897,
-2,
30,
-2,
31,
-1,
12898,
-2,
30,
-2,
31,
-1,
12899,
-2,
30,
-2,
31,
-1,
12900,
-2,
30,
-2,
31,
-1,
12901,
-2,
30,
-2,
17,
-1,
12902,
-2,
30,
-2,
17,
-1,
12903,
-2,
30,
-2,
17,
-1,
12904,
-2,
30,
-2,
17,
-1,
12905,
-2,
30,
-2,
17,
-1,
12906,
-2,
30,
-2,
17,
-1,
12907,
-2,
30,
-2,
17,
-1,
12908,
-2,
30,
-2,
17,
-1,
12909,
-2,
30,
-2,
17,
-1,
12910,
-2,
30,
-2,
17,
-1,
12911,
-2,
30,
-2,
17,
-1,
12912,
-2,
30,
-2,
17,
-1,
12913,
-2,
30,
-2,
17,
-1,
12914,
-2,
30,
-2,
17,
-1,
12915,
-2,
30,
-2,
17,
-1,
12916,
-2,
30,
-2,
17,
-1,
12917,
-2,
30,
-2,
17,
-1,
12918,
-2,
30,
-2,
17,
-1,
12919,
-2,
30,
-2,
17,
-1,
12920,
-2,
30,
-2,
17,
-1,
12921,
-2,
30,
-2,
17,
-1,
12922,
-2,
30,
-2,
17,
-1,
12923,
-2,
30,
-2,
17,
-1,
12924,
-2,
30,
-2,
17,
-1,
12925,
-2,
30,
-2,
17,
-1,
12926,
-2,
30,
-2,
17,
-1,
12927,
-2,
30,
-2,
17,
-1,
12928,
-2,
30,
-2,
17,
-1,
12929,
-2,
30,
-2,
31,
-1,
12930,
-2,
30,
-2,
31,
-1,
12931,
-2,
30,
-2,
31,
-1,
12932,
-2,
30,
-2,
31,
-1,
12933,
-2,
30,
-2,
31,
-1,
12934,
-2,
30,
-2,
31,
-1,
12935,
-2,
30,
-2,
31,
-1,
12936,
-2,
30,
-2,
31,
-1,
12937,
-2,
30,
-2,
31,
-1,
12938,
-2,
30,
-2,
31,
-1,
12939,
-2,
30,
-2,
31,
-1,
12940,
-2,
30,
-2,
31,
-1,
12941,
-2,
30,
-2,
31,
-1,
12942,
-2,
30,
-2,
31,
-1,
12943,
-2,
30,
-2,
31,
-1,
12944,
-2,
30,
-2,
31,
-1,
12945,
-2,
30,
-2,
31,
-1,
12946,
-2,
30,
-2,
31,
-1,
12947,
-2,
30,
-2,
31,
-1,
12948,
-2,
30,
-2,
31,
-1,
12949,
-2,
30,
-2,
17,
-1,
12950,
-2,
30,
-2,
17,
-1,
12951,
-2,
30,
-2,
17,
-1,
12952,
-2,
30,
-2,
17,
-1,
12953,
-2,
30,
-2,
17,
-1,
12954,
-2,
30,
-2,
17,
-1,
12955,
-2,
30,
-2,
17,
-1,
12956,
-2,
30,
-2,
17,
-1,
12957,
-2,
30,
-2,
17,
-1,
12958,
-2,
30,
-2,
17,
-1,
12959,
-2,
30,
-2,
17,
-1,
12960,
-2,
30,
-2,
17,
