-1,
12961,
-2,
30,
-2,
17,
-1,
12962,
-2,
30,
-2,
17,
-1,
12963,
-2,
30,
-2,
17,
-1,
12964,
-2,
30,
-2,
17,
-1,
12965,
-2,
30,
-2,
17,
-1,
12966,
-2,
30,
-2,
17,
-1,
12967,
-2,
30,
-2,
17,
-1,
12968,
-2,
30,
-2,
17,
-1,
12969,
-2,
30,
-2,
17,
-1,
12970,
-2,
30,
-2,
17,
-1,
12971,
-2,
30,
-2,
17,
-1,
12972,
-2,
30,
-2,
17,
-1,
12973,
-2,
30,
-2,
17,
-1,
12974,
-2,
30,
-2,
17,
-1,
12975,
-2,
30,
-2,
17,
-1,
12976,
-2,
30,
-2,
17,
-1,
12977,
-2,
30,
-2,
17,
-1,
12978,
-2,
30,
-2,
17,
-1,
12979,
-2,
30,
-2,
17,
-1,
12980,
-2,
30,
-2,
17,
-1,
12981,
-2,
30,
-2,
17,
-1,
12982,
-2,
30,
-2,
17,
-1,
12983,
-2,
30,
-2,
17,
-1,
12984,
-2,
30,
-2,
17,
-1,
12985,
-2,
30,
-2,
17,
-1,
12986,
-2,
30,
-2,
17,
-1,
12987,
-2,
30,
-2,
17,
-1,
12988,
-2,
30,
-2,
17,
-1,
12989,
-2,
30,
-2,
17,
-1,
12990,
-2,
30,
-2,
17,
-1,
12991,
-2,
30,
-2,
17,
-1,
12992,
-2,
30,
-2,
17,
-1,
12993,
-2,
30,
-2,
17,
-1,
12994,
-2,
30,
-2,
17,
-1,
12995,
-2,
30,
-2,
17,
-1,
12996,
-2,
30,
-2,
17,
-1,
12997,
-2,
30,
-2,
17,
-1,
12998,
-2,
30,
-2,
17,
-1,
12999,
-2,
30,
-2,
17,
-1,
13000,
-2,
30,
-2,
17,
-1,
13001,
-2,
30,
-2,
17,
-1,
13002,
-2,
30,
-2,
17,
-1,
13003,
-2,
30,
-2,
17,
-1,
13004,
-2,
30,
-2,
17,
-1,
13005,
-2,
30,
-2,
17,
-1,
13006,
-2,
30,
-2,
17,
-1,
13007,
-2,
30,
-2,
17,
-1,
13008,
-2,
30,
-2,
17,
-1,
13009,
-2,
30,
-2,
17,
-1,
13010,
-2,
30,
-2,
17,
-1,
13011,
-2,
30,
-2,
17,
-1,
13012,
-2,
30,
-2,
17,
-1,
13013,
-2,
30,
-2,
17,
-1,
13014,
-2,
30,
-2,
17,
-1,
13015,
-2,
30,
-2,
17,
-1,
13016,
-2,
30,
-2,
17,
-1,
13017,
-2,
30,
-2,
17,
-1,
13018,
-2,
30,
-2,
17,
-1,
13019,
-2,
30,
-2,
17,
-1,
13020,
-2,
30,
-2,
17,
-1,
13021,
-2,
30,
-2,
17,
-1,
13022,
-2,
30,
-2,
17,
-1,
13023,
-2,
30,
-2,
17,
-1,
13024,
-2,
30,
-2,
17,
-1,
13025,
-2,
30,
-2,
17,
-1,
13026,
-2,
30,
-2,
17,
-1,
13027,
-2,
30,
-2,
17,
-1,
13028,
-2,
30,
-2,
17,
-1,
13029,
-2,
30,
-2,
17,
-1,
13030,
-2,
30,
-2,
17,
-1,
13031,
-2,
30,
-2,
17,
-1,
13032,
-2,
30,
-2,
17,
-1,
13033,
-2,
30,
-2,
17,
-1,
13034,
-2,
30,
-2,
17,
-1,
13035,
-2,
30,
-2,
17,
-1,
13036,
-2,
30,
-2,
17,
-1,
13037,
-2,
30,
-2,
17,
-1,
13038,
-2,
30,
-2,
17,
-1,
13039,
-2,
30,
-2,
17,
-1,
13040,
-2,
30,
-2,
17,
-1,
13041,
-2,
30,
-2,
17,
-1,
13042,
-2,
30,
-2,
17,
-1,
13043,
-2,
30,
-2,
17,
-1,
13044,
-2,
30,
-2,
17,
-1,
13045,
-2,
30,
-2,
17,
-1,
13046,
-2,
30,
-2,
17,
-1,
13047,
-2,
30,
-2,
17,
-1,
13048,
-2,
30,
-2,
17,
-1,
13049,
-2,
30,
-2,
31,
-1,
13050,
-2,
30,
-2,
31,
-1,
13051,
-2,
30,
-2,
31,
-1,
13052,
-2,
30,
-2,
31,
-1,
13053,
-2,
30,
-2,
31,
-1,
13054,
-2,
30,
-2,
31,
-1,
13055,
-2,
30,
-2,
31,
-1,
13056,
-2,
30,
-2,
31,
-1,
13057,
-2,
30,
-2,
31,
-1,
13058,
-2,
30,
-2,
31,
-1,
13059,
-2,
30,
-2,
31,
-1,
13060,
-2,
30,
-2,
31,
-1,
13061,
-2,
30,
-2,
31,
-1,
13062,
-2,
30,
-2,
31,
-1,
13063,
-2,
30,
-2,
31,
-1,
13064,
-2,
30,
-2,
31,
-1,
13065,
-2,
30,
-2,
31,
-1,
13066,
-2,
30,
-2,
31,
-1,
13067,
-2,
30,
-2,
31,
-1,
13068,
-2,
30,
-2,
31,
-1,
13069,
-2,
30,
-2,
17,
-1,
13070,
-2,
30,
-2,
17,
-1,
13071,
-2,
30,
-2,
17,
-1,
13072,
-2,
30,
-2,
17,
-1,
13073,
-2,
30,
-2,
17,
-1,
13074,
-2,
30,
-2,
17,
-1,
13075,
-2,
30,
-2,
17,
-1,
13076,
-2,
30,
-2,
17,
-1,
13077,
-2,
30,
-2,
17,
-1,
13078,
-2,
30,
-2,
17,
-1,
13079,
-2,
30,
-2,
17,
-1,
13080,
-2,
30,
-2,
17,
