-1,
13081,
-2,
30,
-2,
17,
-1,
13082,
-2,
30,
-2,
17,
-1,
13083,
-2,
30,
-2,
17,
-1,
13084,
-2,
30,
-2,
17,
-1,
13085,
-2,
30,
-2,
17,
-1,
13086,
-2,
30,
-2,
17,
-1,
13087,
-2,
30,
-2,
17,
-1,
13088,
-2,
30,
-2,
17,
-1,
13089,
-2,
30,
-2,
31,
-1,
13090,
-2,
30,
-2,
31,
-1,
13091,
-2,
30,
-2,
31,
-1,
13092,
-2,
30,
-2,
31,
-1,
13093,
-2,
30,
-2,
31,
-1,
13094,
-2,
30,
-2,
31,
-1,
13095,
-2,
30,
-2,
31,
-1,
13096,
-2,
30,
-2,
31,
-1,
13097,
-2,
30,
-2,
31,
-1,
13098,
-2,
30,
-2,
31,
-1,
13099,
-2,
30,
-2,
31,
-1,
13100,
-2,
30,
-2,
31,
-1,
13101,
-2,
30,
-2,
31,
-1,
13102,
-2,
30,
-2,
31,
-1,
13103,
-2,
30,
-2,
31,
-1,
13104,
-2,
30,
-2,
31,
-1,
13105,
-2,
30,
-2,
31,
-1,
13106,
-2,
30,
-2,
31,
-1,
13107,
-2,
30,
-2,
31,
-1,
13108,
-2,
30,
-2,
31,
-1,
13109,
-2,
30,
-2,
31,
-1,
13110,
-2,
30,
-2,
31,
-1,
13111,
-2,
30,
-2,
31,
-1,
13112,
-2,
30,
-2,
31,
-1,
13113,
-2,
30,
-2,
31,
-1,
13114,
-2,
30,
-2,
31,
-1,
13115,
-2,
30,
-2,
31,
-1,
13116,
-2,
30,
-2,
31,
-1,
13117,
-2,
30,
-2,
31,
-1,
13118,
-2,
30,
-2,
31,
-1,
13119,
-2,
30,
-2,
31,
-1,
13120,
-2,
30,
-2,
31,
-1,
13121,
-2,
30,
-2,
31,
-1,
13122,
-2,
30,
-2,
31,
-1,
13123,
-2,
30,
-2,
31,
-1,
13124,
-2,
30,
-2,
31,
-1,
13125,
-2,
30,
-2,
31,
-1,
13126,
-2,
30,
-2,
31,
-1,
13127,
-2,
30,
-2,
31,
-1,
13128,
-2,
30,
-2,
31,
-1,
13129,
-2,
30,
-2,
31,
-1,
13130,
-2,
30,
-2,
31,
-1,
13131,
-2,
30,
-2,
31,
-1,
13132,
-2,
30,
-2,
31,
-1,
13133,
-2,
30,
-2,
31,
-1,
13134,
-2,
30,
-2,
31,
-1,
13135,
-2,
30,
-2,
31,
-1,
13136,
-2,
30,
-2,
31,
-1,
13137,
-2,
30,
-2,
31,
-1,
13138,
-2,
30,
-2,
31,
-1,
13139,
-2,
30,
-2,
31,
-1,
13140,
-2,
30,
-2,
31,
-1,
13141,
-2,
30,
-2,
31,
-1,
13142,
-2,
30,
-2,
31,
-1,
13143,
-2,
30,
-2,
31,
-1,
13144,
-2,
30,
-2,
31,
-1,
13145,
-2,
30,
-2,
31,
-1,
13146,
-2,
30,
-2,
31,
-1,
13147,
-2,
30,
-2,
31,
-1,
13148,
-2,
30,
-2,
31,
-1,
13149,
-2,
30,
-2,
31,
-1,
13150,
-2,
30,
-2,
31,
-1,
13151,
-2,
30,
-2,
31,
-1,
13152,
-2,
30,
-2,
31,
-1,
13153,
-2,
30,
-2,
31,
-1,
13154,
-2,
30,
-2,
31,
-1,
13155,
-2,
30,
-2,
31,
-1,
13156,
-2,
30,
-2,
31,
-1,
13157,
-2,
30,
-2,
31,
-1,
13158,
-2,
30,
-2,
31,
-1,
13159,
-2,
30,
-2,
31,
-1,
13160,
-2,
30,
-2,
31,
-1,
13161,
-2,
30,
-2,
31,
-1,
13162,
-2,
30,
-2,
31,
-1,
13163,
-2,
30,
-2,
31,
-1,
13164,
-2,
30,
-2,
31,
-1,
13165,
-2,
30,
-2,
31,
-1,
13166,
-2,
30,
-2,
31,
-1,
13167,
-2,
30,
-2,
31,
-1,
13168,
-2,
30,
-2,
31,
-1,
13169,
-2,
30,
-2,
31,
-1,
13170,
-2,
30,
-2,
31,
-1,
13171,
-2,
30,
-2,
31,
-1,
13172,
-2,
30,
-2,
31,
-1,
13173,
-2,
30,
-2,
31,
-1,
13174,
-2,
30,
-2,
31,
-1,
13175,
-2,
30,
-2,
31,
-1,
13176,
-2,
30,
-2,
31,
-1,
13177,
-2,
30,
-2,
31,
-1,
13178,
-2,
30,
-2,
31,
-1,
13179,
-2,
30,
-2,
31,
-1,
13180,
-2,
30,
-2,
31,
-1,
13181,
-2,
30,
-2,
31,
-1,
13182,
-2,
30,
-2,
31,
-1,
13183,
-2,
30,
-2,
31,
-1,
13184,
-2,
30,
-2,
31,
-1,
13185,
-2,
30,
-2,
31,
-1,
13186,
-2,
30,
-2,
31,
-1,
13187,
-2,
30,
-2,
31,
-1,
13188,
-2,
30,
-2,
31,
-1,
13189,
-2,
30,
-2,
17,
-1,
13190,
-2,
30,
-2,
17,
-1,
13191,
-2,
30,
-2,
17,
-1,
13192,
-2,
30,
-2,
17,
-1,
13193,
-2,
30,
-2,
17,
-1,
13194,
-2,
30,
-2,
17,
-1,
13195,
-2,
30,
-2,
17,
-1,
13196,
-2,
30,
-2,
17,
-1,
13197,
-2,
30,
-2,
31,
-1,
13198,
-2,
30,
-2,
31,
-1,
13199,
-2,
30,
-2,
31,
-1,
13200,
-2,
30,
-2,
31,
