-1,
13201,
-2,
30,
-2,
31,
-1,
13202,
-2,
30,
-2,
31,
-1,
13203,
-2,
30,
-2,
31,
-1,
13204,
-2,
30,
-2,
17,
-1,
13205,
-2,
30,
-2,
17,
-1,
13206,
-2,
30,
-2,
17,
-1,
13207,
-2,
30,
-2,
17,
-1,
13208,
-2,
30,
-2,
17,
-1,
13209,
-2,
30,
-2,
31,
-1,
13210,
-2,
30,
-2,
31,
-1,
13211,
-2,
30,
-2,
31,
-1,
13212,
-2,
30,
-2,
31,
-1,
13213,
-2,
30,
-2,
31,
-1,
13214,
-2,
30,
-2,
31,
-1,
13215,
-2,
30,
-2,
31,
-1,
13216,
-2,
30,
-2,
31,
-1,
13217,
-2,
30,
-2,
31,
-1,
13218,
-2,
30,
-2,
31,
-1,
13219,
-2,
30,
-2,
31,
-1,
13220,
-2,
30,
-2,
31,
-1,
13221,
-2,
30,
-2,
31,
-1,
13222,
-2,
30,
-2,
31,
-1,
13223,
-2,
30,
-2,
31,
-1,
13224,
-2,
30,
-2,
17,
-1,
13225,
-2,
30,
-2,
17,
-1,
13226,
-2,
30,
-2,
17,
-1,
13227,
-2,
30,
-2,
17,
-1,
13228,
-2,
30,
-2,
17,
-1,
13229,
-2,
30,
-2,
17,
-1,
13230,
-2,
30,
-2,
17,
-1,
13231,
-2,
30,
-2,
17,
-1,
13232,
-2,
30,
-2,
17,
-1,
13233,
-2,
30,
-2,
17,
-1,
13234,
-2,
30,
-2,
17,
-1,
13235,
-2,
30,
-2,
17,
-1,
13236,
-2,
30,
-2,
17,
-1,
13237,
-2,
30,
-2,
17,
-1,
13238,
-2,
30,
-2,
17,
-1,
13239,
-2,
30,
-2,
17,
-1,
13240,
-2,
30,
-2,
17,
-1,
13241,
-2,
30,
-2,
17,
-1,
13242,
-2,
30,
-2,
17,
-1,
13243,
-2,
30,
-2,
17,
-1,
13244,
-2,
30,
-2,
17,
-1,
13245,
-2,
30,
-2,
17,
-1,
13246,
-2,
30,
-2,
17,
-1,
13247,
-2,
30,
-2,
17,
-1,
13248,
-2,
30,
-2,
17,
-1,
13249,
-2,
30,
-2,
17,
-1,
13250,
-2,
30,
-2,
17,
-1,
13251,
-2,
30,
-2,
17,
-1,
13252,
-2,
30,
-2,
17,
-1,
13253,
-2,
30,
-2,
17,
-1,
13254,
-2,
30,
-2,
17,
-1,
13255,
-2,
30,
-2,
17,
-1,
13256,
-2,
30,
-2,
17,
-1,
13257,
-2,
30,
-2,
17,
-1,
13258,
-2,
30,
-2,
17,
-1,
13259,
-2,
30,
-2,
17,
-1,
13260,
-2,
30,
-2,
17,
-1,
13261,
-2,
30,
-2,
17,
-1,
13262,
-2,
30,
-2,
17,
-1,
13263,
-2,
30,
-2,
17,
-1,
13264,
-2,
30,
-2,
17,
-1,
13265,
-2,
30,
-2,
17,
-1,
13266,
-2,
30,
-2,
17,
-1,
13267,
-2,
30,
-2,
17,
-1,
13268,
-2,
30,
-2,
17,
-1,
13269,
-2,
30,
-2,
17,
-1,
13270,
-2,
30,
-2,
17,
-1,
13271,
-2,
30,
-2,
17,
-1,
13272,
-2,
30,
-2,
17,
-1,
13273,
-2,
30,
-2,
17,
-1,
13274,
-2,
30,
-2,
17,
-1,
13275,
-2,
30,
-2,
17,
-1,
13276,
-2,
30,
-2,
17,
-1,
13277,
-2,
30,
-2,
17,
-1,
13278,
-2,
30,
-2,
17,
-1,
13279,
-2,
30,
-2,
17,
-1,
13280,
-2,
30,
-2,
17,
-1,
13281,
-2,
30,
-2,
17,
-1,
13282,
-2,
30,
-2,
17,
-1,
13283,
-2,
30,
-2,
17,
-1,
13284,
-2,
30,
-2,
17,
-1,
13285,
-2,
30,
-2,
17,
-1,
13286,
-2,
30,
-2,
17,
-1,
13287,
-2,
30,
-2,
17,
-1,
13288,
-2,
30,
-2,
17,
-1,
13289,
-2,
30,
-2,
17,
-1,
13290,
-2,
30,
-2,
17,
-1,
13291,
-2,
30,
-2,
17,
-1,
13292,
-2,
30,
-2,
17,
-1,
13293,
-2,
30,
-2,
17,
-1,
13294,
-2,
30,
-2,
17,
-1,
13295,
-2,
30,
-2,
17,
-1,
13296,
-2,
30,
-2,
17,
-1,
13297,
-2,
30,
-2,
17,
-1,
13298,
-2,
30,
-2,
17,
-1,
13299,
-2,
30,
-2,
17,
-1,
13300,
-2,
30,
-2,
17,
-1,
13301,
-2,
30,
-2,
17,
-1,
13302,
-2,
30,
-2,
17,
-1,
13303,
-2,
30,
-2,
17,
-1,
13304,
-2,
30,
-2,
17,
-1,
13305,
-2,
30,
-2,
17,
-1,
13306,
-2,
30,
-2,
31,
-1,
13307,
-2,
30,
-2,
31,
-1,
13308,
-2,
30,
-2,
31,
-1,
13309,
-2,
30,
-2,
17,
-1,
13310,
-2,
30,
-2,
17,
-1,
13311,
-2,
30,
-2,
17,
-1,
13312,
-2,
30,
-2,
17,
-1,
13313,
-2,
30,
-2,
17,
-1,
13314,
-2,
30,
-2,
17,
-1,
13315,
-2,
30,
-2,
17,
-1,
13316,
-2,
30,
-2,
17,
-1,
13317,
-2,
30,
-2,
31,
-1,
13318,
-2,
30,
-2,
31,
-1,
13319,
-2,
30,
-2,
31,
-1,
13320,
-2,
30,
-2,
31,
