-1,
13321,
-2,
30,
-2,
17,
-1,
13322,
-2,
30,
-2,
17,
-1,
13323,
-2,
30,
-2,
17,
-1,
13324,
-2,
30,
-2,
17,
-1,
13325,
-2,
30,
-2,
17,
-1,
13326,
-2,
30,
-2,
17,
-1,
13327,
-2,
30,
-2,
17,
-1,
13328,
-2,
30,
-2,
17,
-1,
13329,
-2,
30,
-2,
31,
-1,
13330,
-2,
30,
-2,
31,
-1,
13331,
-2,
30,
-2,
31,
-1,
13332,
-2,
30,
-2,
31,
-1,
13333,
-2,
30,
-2,
31,
-1,
13334,
-2,
30,
-2,
31,
-1,
13335,
-2,
30,
-2,
31,
-1,
13336,
-2,
30,
-2,
31,
-1,
13337,
-2,
30,
-2,
31,
-1,
13338,
-2,
30,
-2,
31,
-1,
13339,
-2,
30,
-2,
31,
-1,
13340,
-2,
30,
-2,
31,
-1,
13341,
-2,
30,
-2,
31,
-1,
13342,
-2,
30,
-2,
31,
-1,
13343,
-2,
30,
-2,
31,
-1,
13344,
-2,
30,
-2,
17,
-1,
13345,
-2,
30,
-2,
17,
-1,
13346,
-2,
30,
-2,
17,
-1,
13347,
-2,
30,
-2,
17,
-1,
13348,
-2,
30,
-2,
17,
-1,
13349,
-2,
30,
-2,
17,
-1,
13350,
-2,
30,
-2,
17,
-1,
13351,
-2,
30,
-2,
17,
-1,
13352,
-2,
30,
-2,
17,
-1,
13353,
-2,
30,
-2,
17,
-1,
13354,
-2,
30,
-2,
17,
-1,
13355,
-2,
30,
-2,
17,
-1,
13356,
-2,
30,
-2,
17,
-1,
13357,
-2,
30,
-2,
17,
-1,
13358,
-2,
30,
-2,
17,
-1,
13359,
-2,
30,
-2,
17,
-1,
13360,
-2,
30,
-2,
17,
-1,
13361,
-2,
30,
-2,
17,
-1,
13362,
-2,
30,
-2,
17,
-1,
13363,
-2,
30,
-2,
17,
-1,
13364,
-2,
30,
-2,
17,
-1,
13365,
-2,
30,
-2,
17,
-1,
13366,
-2,
30,
-2,
17,
-1,
13367,
-2,
30,
-2,
17,
-1,
13368,
-2,
30,
-2,
17,
-1,
13369,
-2,
30,
-2,
31,
-1,
13370,
-2,
30,
-2,
31,
-1,
13371,
-2,
30,
-2,
31,
-1,
13372,
-2,
30,
-2,
31,
-1,
13373,
-2,
30,
-2,
31,
-1,
13374,
-2,
30,
-2,
31,
-1,
13375,
-2,
30,
-2,
31,
-1,
13376,
-2,
30,
-2,
31,
-1,
13377,
-2,
30,
-2,
31,
-1,
13378,
-2,
30,
-2,
31,
-1,
13379,
-2,
30,
-2,
31,
-1,
13380,
-2,
30,
-2,
31,
-1,
13381,
-2,
30,
-2,
31,
-1,
13382,
-2,
30,
-2,
31,
-1,
13383,
-2,
30,
-2,
31,
-1,
13384,
-2,
30,
-2,
31,
-1,
13385,
-2,
30,
-2,
31,
-1,
13386,
-2,
30,
-2,
31,
-1,
13387,
-2,
30,
-2,
31,
-1,
13388,
-2,
31,
-2,
17,
-1,
13389,
-2,
31,
-2,
17,
-1,
13390,
-2,
31,
-2,
17,
-1,
13391,
-2,
31,
-2,
17,
-1,
13392,
-2,
31,
-2,
17,
-1,
13393,
-2,
31,
-2,
17,
-1,
13394,
-2,
31,
-2,
17,
-1,
13395,
-2,
31,
-2,
17,
-1,
13396,
-2,
31,
-2,
17,
-1,
13397,
-2,
31,
-2,
17,
-1,
13398,
-2,
31,
-2,
17,
-1,
13399,
-2,
31,
-2,
17,
-1,
13400,
-2,
31,
-2,
17,
-1,
13401,
-2,
31,
-2,
17,
-1,
13402,
-2,
31,
-2,
17,
-1,
13403,
-2,
31,
-2,
17,
-1,
13404,
-2,
31,
-2,
17,
-1,
13405,
-2,
31,
-2,
17,
-1,
13406,
-2,
31,
-2,
17,
-1,
13407,
-2,
31,
-2,
17,
-1,
13408,
-2,
31,
-2,
17,
-1,
13409,
-2,
31,
-2,
17,
-1,
13410,
-2,
31,
-2,
17,
-1,
13411,
-2,
31,
-2,
17,
-1,
13412,
-2,
31,
-2,
17,
-1,
13413,
-2,
31,
-2,
17,
-1,
13414,
-2,
31,
-2,
17,
-1,
13415,
-2,
31,
-2,
17,
-1,
13416,
-2,
31,
-2,
17,
-1,
13417,
-2,
31,
-2,
17,
-1,
13418,
-2,
31,
-2,
17,
-1,
13419,
-2,
31,
-2,
17,
-1,
13420,
-2,
31,
-2,
17,
-1,
13421,
-2,
31,
-2,
17,
-1,
13422,
-2,
31,
-2,
17,
-1,
13423,
-2,
31,
-2,
17,
-1,
13424,
-2,
31,
-2,
17,
-1,
13425,
-2,
31,
-2,
17,
-1,
13426,
-2,
31,
-2,
31,
-1,
13427,
-2,
31,
-2,
31,
-1,
13428,
-2,
31,
-2,
31,
-1,
13429,
-2,
31,
-2,
17,
-1,
13430,
-2,
31,
-2,
17,
-1,
13431,
-2,
31,
-2,
17,
-1,
13432,
-2,
31,
-2,
17,
-1,
13433,
-2,
31,
-2,
17,
-1,
13434,
-2,
31,
-2,
17,
-1,
13435,
-2,
31,
-2,
17,
-1,
13436,
-2,
31,
-2,
17,
-1,
13437,
-2,
31,
-2,
31,
-1,
13438,
-2,
30,
-2,
31,
-1,
13439,
-2,
30,
-2,
31,
-1,
13440,
-2,
30,
-2,
31,
