-1,
13441,
-2,
30,
-2,
31,
-1,
13442,
-2,
30,
-2,
31,
-1,
13443,
-2,
30,
-2,
31,
-1,
13444,
-2,
30,
-2,
31,
-1,
13445,
-2,
30,
-2,
31,
-1,
13446,
-2,
30,
-2,
31,
-1,
13447,
-2,
30,
-2,
31,
-1,
13448,
-2,
30,
-2,
31,
-1,
13449,
-2,
30,
-2,
31,
-1,
13450,
-2,
30,
-2,
31,
-1,
13451,
-2,
30,
-2,
31,
-1,
13452,
-2,
30,
-2,
31,
-1,
13453,
-2,
30,
-2,
31,
-1,
13454,
-2,
30,
-2,
31,
-1,
13455,
-2,
30,
-2,
31,
-1,
13456,
-2,
30,
-2,
31,
-1,
13457,
-2,
30,
-2,
31,
-1,
13458,
-2,
30,
-2,
31,
-1,
13459,
-2,
30,
-2,
31,
-1,
13460,
-2,
30,
-2,
31,
-1,
13461,
-2,
30,
-2,
31,
-1,
13462,
-2,
30,
-2,
31,
-1,
13463,
-2,
30,
-2,
31,
-1,
13464,
-2,
30,
-2,
17,
-1,
13465,
-2,
30,
-2,
17,
-1,
13466,
-2,
30,
-2,
17,
-1,
13467,
-2,
30,
-2,
17,
-1,
13468,
-2,
30,
-2,
17,
-1,
13469,
-2,
30,
-2,
17,
-1,
13470,
-2,
30,
-2,
17,
-1,
13471,
-2,
30,
-2,
17,
-1,
13472,
-2,
30,
-2,
17,
-1,
13473,
-2,
30,
-2,
17,
-1,
13474,
-2,
30,
-2,
17,
-1,
13475,
-2,
30,
-2,
17,
-1,
13476,
-2,
30,
-2,
17,
-1,
13477,
-2,
30,
-2,
17,
-1,
13478,
-2,
30,
-2,
17,
-1,
13479,
-2,
30,
-2,
17,
-1,
13480,
-2,
30,
-2,
17,
-1,
13481,
-2,
30,
-2,
17,
-1,
13482,
-2,
30,
-2,
17,
-1,
13483,
-2,
30,
-2,
17,
-1,
13484,
-2,
30,
-2,
17,
-1,
13485,
-2,
30,
-2,
17,
-1,
13486,
-2,
30,
-2,
17,
-1,
13487,
-2,
30,
-2,
17,
-1,
13488,
-2,
30,
-2,
17,
-1,
13489,
-2,
30,
-2,
31,
-1,
13490,
-2,
30,
-2,
31,
-1,
13491,
-2,
30,
-2,
31,
-1,
13492,
-2,
30,
-2,
31,
-1,
13493,
-2,
30,
-2,
31,
-1,
13494,
-2,
30,
-2,
31,
-1,
13495,
-2,
30,
-2,
31,
-1,
13496,
-2,
30,
-2,
31,
-1,
13497,
-2,
30,
-2,
31,
-1,
13498,
-2,
30,
-2,
31,
-1,
13499,
-2,
30,
-2,
31,
-1,
13500,
-2,
30,
-2,
31,
-1,
13501,
-2,
30,
-2,
31,
-1,
13502,
-2,
30,
-2,
31,
-1,
13503,
-2,
30,
-2,
31,
-1,
13504,
-2,
30,
-2,
31,
-1,
13505,
-2,
30,
-2,
31,
-1,
13506,
-2,
30,
-2,
31,
-1,
13507,
-2,
30,
-2,
31,
-1,
13508,
-2,
30,
-2,
17,
-1,
13509,
-2,
30,
-2,
17,
-1,
13510,
-2,
30,
-2,
17,
-1,
13511,
-2,
30,
-2,
17,
-1,
13512,
-2,
30,
-2,
17,
-1,
13513,
-2,
30,
-2,
17,
-1,
13514,
-2,
30,
-2,
17,
-1,
13515,
-2,
30,
-2,
17,
-1,
13516,
-2,
30,
-2,
17,
-1,
13517,
-2,
30,
-2,
17,
-1,
13518,
-2,
30,
-2,
17,
-1,
13519,
-2,
30,
-2,
17,
-1,
13520,
-2,
30,
-2,
17,
-1,
13521,
-2,
30,
-2,
17,
-1,
13522,
-2,
30,
-2,
17,
-1,
13523,
-2,
30,
-2,
17,
-1,
13524,
-2,
30,
-2,
17,
-1,
13525,
-2,
30,
-2,
17,
-1,
13526,
-2,
30,
-2,
17,
-1,
13527,
-2,
30,
-2,
17,
-1,
13528,
-2,
30,
-2,
17,
-1,
13529,
-2,
30,
-2,
17,
-1,
13530,
-2,
30,
-2,
17,
-1,
13531,
-2,
30,
-2,
17,
-1,
13532,
-2,
30,
-2,
17,
-1,
13533,
-2,
30,
-2,
17,
-1,
13534,
-2,
30,
-2,
17,
-1,
13535,
-2,
30,
-2,
17,
-1,
13536,
-2,
30,
-2,
17,
-1,
13537,
-2,
30,
-2,
17,
-1,
13538,
-2,
30,
-2,
17,
-1,
13539,
-2,
30,
-2,
17,
-1,
13540,
-2,
30,
-2,
17,
-1,
13541,
-2,
30,
-2,
17,
-1,
13542,
-2,
30,
-2,
17,
-1,
13543,
-2,
30,
-2,
17,
-1,
13544,
-2,
30,
-2,
17,
-1,
13545,
-2,
30,
-2,
17,
-1,
13546,
-2,
30,
-2,
31,
-1,
13547,
-2,
30,
-2,
31,
-1,
13548,
-2,
30,
-2,
31,
-1,
13549,
-2,
30,
-2,
17,
-1,
13550,
-2,
30,
-2,
17,
-1,
13551,
-2,
30,
-2,
17,
-1,
13552,
-2,
30,
-2,
17,
-1,
13553,
-2,
30,
-2,
17,
-1,
13554,
-2,
30,
-2,
17,
-1,
13555,
-2,
30,
-2,
17,
-1,
13556,
-2,
30,
-2,
17,
-1,
13557,
-2,
30,
-2,
31,
-1,
13558,
-2,
30,
-2,
31,
-1,
13559,
-2,
30,
-2,
31,
-1,
13560,
-2,
30,
-2,
31,
