-1,
13561,
-2,
30,
-2,
31,
-1,
13562,
-2,
30,
-2,
31,
-1,
13563,
-2,
30,
-2,
31,
-1,
13564,
-2,
30,
-2,
31,
-1,
13565,
-2,
30,
-2,
31,
-1,
13566,
-2,
30,
-2,
31,
-1,
13567,
-2,
30,
-2,
31,
-1,
13568,
-2,
30,
-2,
31,
-1,
13569,
-2,
30,
-2,
31,
-1,
13570,
-2,
30,
-2,
31,
-1,
13571,
-2,
30,
-2,
31,
-1,
13572,
-2,
30,
-2,
31,
-1,
13573,
-2,
30,
-2,
31,
-1,
13574,
-2,
30,
-2,
17,
-1,
13575,
-2,
30,
-2,
17,
-1,
13576,
-2,
30,
-2,
17,
-1,
13577,
-2,
30,
-2,
17,
-1,
13578,
-2,
30,
-2,
17,
-1,
13579,
-2,
30,
-2,
17,
-1,
13580,
-2,
30,
-2,
17,
-1,
13581,
-2,
30,
-2,
17,
-1,
13582,
-2,
30,
-2,
17,
-1,
13583,
-2,
30,
-2,
17,
-1,
13584,
-2,
30,
-2,
17,
-1,
13585,
-2,
30,
-2,
17,
-1,
13586,
-2,
30,
-2,
17,
-1,
13587,
-2,
30,
-2,
17,
-1,
13588,
-2,
30,
-2,
17,
-1,
13589,
-2,
30,
-2,
17,
-1,
13590,
-2,
30,
-2,
17,
-1,
13591,
-2,
30,
-2,
17,
-1,
13592,
-2,
30,
-2,
17,
-1,
13593,
-2,
30,
-2,
17,
-1,
13594,
-2,
30,
-2,
17,
-1,
13595,
-2,
30,
-2,
17,
-1,
13596,
-2,
30,
-2,
17,
-1,
13597,
-2,
30,
-2,
17,
-1,
13598,
-2,
30,
-2,
17,
-1,
13599,
-2,
30,
-2,
17,
-1,
13600,
-2,
30,
-2,
17,
-1,
13601,
-2,
30,
-2,
17,
-1,
13602,
-2,
30,
-2,
17,
-1,
13603,
-2,
30,
-2,
17,
-1,
13604,
-2,
17,
-2,
17,
-1,
13605,
-2,
17,
-2,
17,
-1,
13606,
-2,
17,
-2,
17,
-1,
13607,
-2,
17,
-2,
17,
-1,
13608,
-2,
17,
-2,
17,
-1,
13609,
-2,
17,
-2,
31,
-1,
13610,
-2,
17,
-2,
31,
-1,
13611,
-2,
17,
-2,
31,
-1,
13612,
-2,
17,
-2,
31,
-1,
13613,
-2,
17,
-2,
31,
-1,
13614,
-2,
17,
-2,
31,
-1,
13615,
-2,
17,
-2,
31,
-1,
13616,
-2,
17,
-2,
31,
-1,
13617,
-2,
17,
-2,
31,
-1,
13618,
-2,
17,
-2,
31,
-1,
13619,
-2,
17,
-2,
31,
-1,
13620,
-2,
17,
-2,
31,
-1,
13621,
-2,
17,
-2,
31,
-1,
13622,
-2,
17,
-2,
31,
-1,
13623,
-2,
17,
-2,
31,
-1,
13624,
-2,
17,
-2,
31,
-1,
13625,
-2,
17,
-2,
31,
-1,
13626,
-2,
17,
-2,
31,
-1,
13627,
-2,
30,
-2,
17,
-1,
13628,
-2,
30,
-2,
17,
-1,
13629,
-2,
30,
-2,
17,
-1,
13630,
-2,
30,
-2,
17,
-1,
13631,
-2,
30,
-2,
17,
-1,
13632,
-2,
30,
-2,
17,
-1,
13633,
-2,
30,
-2,
17,
-1,
13634,
-2,
30,
-2,
17,
-1,
13635,
-2,
30,
-2,
17,
-1,
13636,
-2,
30,
-2,
17,
-1,
13637,
-2,
30,
-2,
17,
-1,
13638,
-2,
30,
-2,
17,
-1,
13639,
-2,
30,
-2,
17,
-1,
13640,
-2,
30,
-2,
17,
-1,
13641,
-2,
30,
-2,
17,
-1,
13642,
-2,
30,
-2,
17,
-1,
13643,
-2,
30,
-2,
17,
-1,
13644,
-2,
30,
-2,
17,
-1,
13645,
-2,
17,
-2,
17,
-1,
13646,
-2,
17,
-2,
17,
-1,
13647,
-2,
17,
-2,
17,
-1,
13648,
-2,
17,
-2,
17,
-1,
13649,
-2,
17,
-2,
17,
-1,
13650,
-2,
17,
-2,
17,
-1,
13651,
-2,
17,
-2,
17,
-1,
13652,
-2,
17,
-2,
17,
-1,
13653,
-2,
30,
-2,
17,
-1,
13654,
-2,
30,
-2,
17,
-1,
13655,
-2,
30,
-2,
17,
-1,
13656,
-2,
30,
-2,
17,
-1,
13657,
-2,
30,
-2,
17,
-1,
13658,
-2,
30,
-2,
17,
-1,
13659,
-2,
30,
-2,
17,
-1,
13660,
-2,
30,
-2,
17,
-1,
13661,
-2,
30,
-2,
17,
-1,
13662,
-2,
30,
-2,
17,
-1,
13663,
-2,
30,
-2,
17,
-1,
13664,
-2,
30,
-2,
17,
-1,
13665,
-2,
30,
-2,
17,
-1,
13666,
-2,
30,
-2,
31,
-1,
13667,
-2,
30,
-2,
31,
-1,
13668,
-2,
30,
-2,
31,
-1,
13669,
-2,
30,
-2,
17,
-1,
13670,
-2,
30,
-2,
17,
-1,
13671,
-2,
30,
-2,
17,
-1,
13672,
-2,
30,
-2,
17,
-1,
13673,
-2,
30,
-2,
17,
-1,
13674,
-2,
30,
-2,
17,
-1,
13675,
-2,
30,
-2,
17,
-1,
13676,
-2,
30,
-2,
17,
-1,
13677,
-2,
30,
-2,
31,
-1,
13678,
-2,
30,
-2,
31,
-1,
13679,
-2,
30,
-2,
31,
-1,
13680,
-2,
30,
-2,
31,
