-1,
13681,
-2,
30,
-2,
31,
-1,
13682,
-2,
30,
-2,
31,
-1,
13683,
-2,
30,
-2,
31,
-1,
13684,
-2,
30,
-2,
31,
-1,
13685,
-2,
30,
-2,
31,
-1,
13686,
-2,
30,
-2,
31,
-1,
13687,
-2,
30,
-2,
31,
-1,
13688,
-2,
30,
-2,
31,
-1,
13689,
-2,
30,
-2,
31,
-1,
13690,
-2,
30,
-2,
31,
-1,
13691,
-2,
30,
-2,
31,
-1,
13692,
-2,
30,
-2,
31,
-1,
13693,
-2,
30,
-2,
31,
-1,
13694,
-2,
30,
-2,
17,
-1,
13695,
-2,
30,
-2,
17,
-1,
13696,
-2,
30,
-2,
31,
-1,
13697,
-2,
30,
-2,
31,
-1,
13698,
-2,
30,
-2,
31,
-1,
13699,
-2,
30,
-2,
31,
-1,
13700,
-2,
30,
-2,
31,
-1,
13701,
-2,
30,
-2,
31,
-1,
13702,
-2,
30,
-2,
31,
-1,
13703,
-2,
30,
-2,
31,
-1,
13704,
-2,
30,
-2,
31,
-1,
13705,
-2,
30,
-2,
31,
-1,
13706,
-2,
30,
-2,
31,
-1,
13707,
-2,
30,
-2,
31,
-1,
13708,
-2,
30,
-2,
31,
-1,
13709,
-2,
30,
-2,
31,
-1,
13710,
-2,
30,
-2,
31,
-1,
13711,
-2,
30,
-2,
31,
-1,
13712,
-2,
30,
-2,
31,
-1,
13713,
-2,
30,
-2,
31,
-1,
13714,
-2,
30,
-2,
31,
-1,
13715,
-2,
30,
-2,
31,
-1,
13716,
-2,
30,
-2,
31,
-1,
13717,
-2,
30,
-2,
31,
-1,
13718,
-2,
30,
-2,
31,
-1,
13719,
-2,
30,
-2,
31,
-1,
13720,
-2,
30,
-2,
31,
-1,
13721,
-2,
30,
-2,
31,
-1,
13722,
-2,
30,
-2,
31,
-1,
13723,
-2,
30,
-2,
31,
-1,
13724,
-2,
30,
-2,
31,
-1,
13725,
-2,
30,
-2,
31,
-1,
13726,
-2,
30,
-2,
31,
-1,
13727,
-2,
30,
-2,
31,
-1,
13728,
-2,
30,
-2,
31,
-1,
13729,
-2,
30,
-2,
31,
-1,
13730,
-2,
30,
-2,
31,
-1,
13731,
-2,
30,
-2,
31,
-1,
13732,
-2,
30,
-2,
31,
-1,
13733,
-2,
30,
-2,
31,
-1,
13734,
-2,
30,
-2,
31,
-1,
13735,
-2,
30,
-2,
31,
-1,
13736,
-2,
30,
-2,
31,
-1,
13737,
-2,
30,
-2,
31,
-1,
13738,
-2,
30,
-2,
31,
-1,
13739,
-2,
30,
-2,
31,
-1,
13740,
-2,
30,
-2,
31,
-1,
13741,
-2,
30,
-2,
31,
-1,
13742,
-2,
30,
-2,
31,
-1,
13743,
-2,
30,
-2,
31,
-1,
13744,
-2,
30,
-2,
31,
-1,
13745,
-2,
30,
-2,
31,
-1,
13746,
-2,
30,
-2,
31,
-1,
13747,
-2,
30,
-2,
31,
-1,
13748,
-2,
30,
-2,
31,
-1,
13749,
-2,
30,
-2,
31,
-1,
13750,
-2,
30,
-2,
31,
-1,
13751,
-2,
30,
-2,
31,
-1,
13752,
-2,
30,
-2,
31,
-1,
13753,
-2,
30,
-2,
31,
-1,
13754,
-2,
30,
-2,
31,
-1,
13755,
-2,
30,
-2,
31,
-1,
13756,
-2,
30,
-2,
31,
-1,
13757,
-2,
30,
-2,
31,
-1,
13758,
-2,
30,
-2,
31,
-1,
13759,
-2,
30,
-2,
31,
-1,
13760,
-2,
30,
-2,
31,
-1,
13761,
-2,
30,
-2,
31,
-1,
13762,
-2,
30,
-2,
31,
-1,
13763,
-2,
30,
-2,
31,
-1,
13764,
-2,
30,
-2,
31,
-1,
13765,
-2,
30,
-2,
31,
-1,
13766,
-2,
30,
-2,
31,
-1,
13767,
-2,
30,
-2,
31,
-1,
13768,
-2,
30,
-2,
31,
-1,
13769,
-2,
30,
-2,
31,
-1,
13770,
-2,
30,
-2,
31,
-1,
13771,
-2,
30,
-2,
31,
-1,
13772,
-2,
30,
-2,
31,
-1,
13773,
-2,
30,
-2,
31,
-1,
13774,
-2,
30,
-2,
31,
-1,
13775,
-2,
30,
-2,
31,
-1,
13776,
-2,
30,
-2,
31,
-1,
13777,
-2,
30,
-2,
31,
-1,
13778,
-2,
30,
-2,
31,
-1,
13779,
-2,
30,
-2,
31,
-1,
13780,
-2,
30,
-2,
31,
-1,
13781,
-2,
30,
-2,
31,
-1,
13782,
-2,
30,
-2,
31,
-1,
13783,
-2,
30,
-2,
31,
-1,
13784,
-2,
30,
-2,
31,
-1,
13785,
-2,
30,
-2,
31,
-1,
13786,
-2,
30,
-2,
31,
-1,
13787,
-2,
30,
-2,
31,
-1,
13788,
-2,
30,
-2,
31,
-1,
13789,
-2,
30,
-2,
17,
-1,
13790,
-2,
30,
-2,
17,
-1,
13791,
-2,
30,
-2,
17,
-1,
13792,
-2,
30,
-2,
17,
-1,
13793,
-2,
30,
-2,
17,
-1,
13794,
-2,
30,
-2,
17,
-1,
13795,
-2,
30,
-2,
17,
-1,
13796,
-2,
30,
-2,
17,
-1,
13797,
-2,
30,
-2,
17,
-1,
13798,
-2,
30,
-2,
17,
-1,
13799,
-2,
30,
-2,
17,
-1,
13800,
-2,
30,
-2,
17,
