-1,
13801,
-2,
30,
-2,
17,
-1,
13802,
-2,
30,
-2,
17,
-1,
13803,
-2,
30,
-2,
17,
-1,
13804,
-2,
30,
-2,
17,
-1,
13805,
-2,
30,
-2,
17,
-1,
13806,
-2,
30,
-2,
17,
-1,
13807,
-2,
30,
-2,
17,
-1,
13808,
-2,
30,
-2,
17,
-1,
13809,
-2,
30,
-2,
17,
-1,
13810,
-2,
30,
-2,
17,
-1,
13811,
-2,
30,
-2,
17,
-1,
13812,
-2,
30,
-2,
17,
-1,
13813,
-2,
30,
-2,
17,
-1,
13814,
-2,
30,
-2,
17,
-1,
13815,
-2,
30,
-2,
17,
-1,
13816,
-2,
30,
-2,
17,
-1,
13817,
-2,
30,
-2,
17,
-1,
13818,
-2,
30,
-2,
17,
-1,
13819,
-2,
30,
-2,
17,
-1,
13820,
-2,
30,
-2,
17,
-1,
13821,
-2,
30,
-2,
17,
-1,
13822,
-2,
30,
-2,
17,
-1,
13823,
-2,
30,
-2,
17,
-1,
13824,
-2,
30,
-2,
17,
-1,
13825,
-2,
30,
-2,
17,
-1,
13826,
-2,
30,
-2,
17,
-1,
13827,
-2,
30,
-2,
17,
-1,
13828,
-2,
30,
-2,
17,
-1,
13829,
-2,
30,
-2,
17,
-1,
13830,
-2,
30,
-2,
31,
-1,
13831,
-2,
30,
-2,
31,
-1,
13832,
-2,
30,
-2,
31,
-1,
13833,
-2,
30,
-2,
31,
-1,
13834,
-2,
30,
-2,
31,
-1,
13835,
-2,
30,
-2,
31,
-1,
13836,
-2,
30,
-2,
31,
-1,
13837,
-2,
30,
-2,
31,
-1,
13838,
-2,
30,
-2,
31,
-1,
13839,
-2,
30,
-2,
31,
-1,
13840,
-2,
30,
-2,
31,
-1,
13841,
-2,
30,
-2,
31,
-1,
13842,
-2,
30,
-2,
31,
-1,
13843,
-2,
30,
-2,
17,
-1,
13844,
-2,
30,
-2,
17,
-1,
13845,
-2,
30,
-2,
17,
-1,
13846,
-2,
30,
-2,
17,
-1,
13847,
-2,
30,
-2,
17,
-1,
13848,
-2,
30,
-2,
17,
-1,
13849,
-2,
30,
-2,
17,
-1,
13850,
-2,
30,
-2,
17,
-1,
13851,
-2,
30,
-2,
17,
-1,
13852,
-2,
30,
-2,
17,
-1,
13853,
-2,
30,
-2,
17,
-1,
13854,
-2,
30,
-2,
17,
-1,
13855,
-2,
30,
-2,
17,
-1,
13856,
-2,
30,
-2,
17,
-1,
13857,
-2,
30,
-2,
17,
-1,
13858,
-2,
30,
-2,
17,
-1,
13859,
-2,
30,
-2,
17,
-1,
13860,
-2,
30,
-2,
17,
-1,
13861,
-2,
30,
-2,
17,
-1,
13862,
-2,
30,
-2,
17,
-1,
13863,
-2,
30,
-2,
17,
-1,
13864,
-2,
30,
-2,
17,
-1,
13865,
-2,
30,
-2,
17,
-1,
13866,
-2,
30,
-2,
17,
-1,
13867,
-2,
30,
-2,
17,
-1,
13868,
-2,
30,
-2,
17,
-1,
13869,
-2,
30,
-2,
17,
-1,
13870,
-2,
30,
-2,
17,
-1,
13871,
-2,
30,
-2,
17,
-1,
13872,
-2,
30,
-2,
17,
-1,
13873,
-2,
30,
-2,
17,
-1,
13874,
-2,
30,
-2,
31,
-1,
13875,
-2,
30,
-2,
31,
-1,
13876,
-2,
30,
-2,
31,
-1,
13877,
-2,
30,
-2,
31,
-1,
13878,
-2,
30,
-2,
31,
-1,
13879,
-2,
30,
-2,
31,
-1,
13880,
-2,
30,
-2,
31,
-1,
13881,
-2,
30,
-2,
31,
-1,
13882,
-2,
30,
-2,
31,
-1,
13883,
-2,
30,
-2,
31,
-1,
13884,
-2,
30,
-2,
31,
-1,
13885,
-2,
30,
-2,
31,
-1,
13886,
-2,
30,
-2,
31,
-1,
13887,
-2,
30,
-2,
31,
-1,
13888,
-2,
30,
-2,
31,
-1,
13889,
-2,
30,
-2,
31,
-1,
13890,
-2,
30,
-2,
17,
-1,
13891,
-2,
30,
-2,
17,
-1,
13892,
-2,
30,
-2,
17,
-1,
13893,
-2,
30,
-2,
17,
-1,
13894,
-2,
30,
-2,
17,
-1,
13895,
-2,
30,
-2,
17,
-1,
13896,
-2,
30,
-2,
17,
-1,
13897,
-2,
30,
-2,
17,
-1,
13898,
-2,
30,
-2,
17,
-1,
13899,
-2,
30,
-2,
31,
-1,
13900,
-2,
30,
-2,
31,
-1,
13901,
-2,
30,
-2,
31,
-1,
13902,
-2,
30,
-2,
31,
-1,
13903,
-2,
30,
-2,
31,
-1,
13904,
-2,
30,
-2,
31,
-1,
13905,
-2,
30,
-2,
31,
-1,
13906,
-2,
30,
-2,
31,
-1,
13907,
-2,
30,
-2,
31,
-1,
13908,
-2,
30,
-2,
31,
-1,
13909,
-2,
30,
-2,
17,
-1,
13910,
-2,
30,
-2,
17,
-1,
13911,
-2,
30,
-2,
17,
-1,
13912,
-2,
30,
-2,
17,
-1,
13913,
-2,
30,
-2,
17,
-1,
13914,
-2,
30,
-2,
17,
-1,
13915,
-2,
30,
-2,
17,
-1,
13916,
-2,
30,
-2,
17,
-1,
13917,
-2,
30,
-2,
17,
-1,
13918,
-2,
30,
-2,
17,
-1,
13919,
-2,
30,
-2,
17,
-1,
13920,
-2,
30,
-2,
17,
