-1,
13921,
-2,
30,
-2,
17,
-1,
13922,
-2,
30,
-2,
17,
-1,
13923,
-2,
30,
-2,
17,
-1,
13924,
-2,
30,
-2,
17,
-1,
13925,
-2,
30,
-2,
17,
-1,
13926,
-2,
30,
-2,
17,
-1,
13927,
-2,
30,
-2,
17,
-1,
13928,
-2,
30,
-2,
17,
-1,
13929,
-2,
30,
-2,
17,
-1,
13930,
-2,
30,
-2,
17,
-1,
13931,
-2,
30,
-2,
17,
-1,
13932,
-2,
30,
-2,
17,
-1,
13933,
-2,
30,
-2,
17,
-1,
13934,
-2,
30,
-2,
17,
-1,
13935,
-2,
30,
-2,
17,
-1,
13936,
-2,
30,
-2,
17,
-1,
13937,
-2,
30,
-2,
17,
-1,
13938,
-2,
30,
-2,
17,
-1,
13939,
-2,
30,
-2,
17,
-1,
13940,
-2,
30,
-2,
17,
-1,
13941,
-2,
30,
-2,
17,
-1,
13942,
-2,
30,
-2,
17,
-1,
13943,
-2,
30,
-2,
17,
-1,
13944,
-2,
30,
-2,
17,
-1,
13945,
-2,
30,
-2,
17,
-1,
13946,
-2,
30,
-2,
17,
-1,
13947,
-2,
30,
-2,
17,
-1,
13948,
-2,
30,
-2,
17,
-1,
13949,
-2,
30,
-2,
17,
-1,
13950,
-2,
30,
-2,
31,
-1,
13951,
-2,
30,
-2,
31,
-1,
13952,
-2,
30,
-2,
31,
-1,
13953,
-2,
30,
-2,
31,
-1,
13954,
-2,
30,
-2,
31,
-1,
13955,
-2,
30,
-2,
31,
-1,
13956,
-2,
30,
-2,
31,
-1,
13957,
-2,
30,
-2,
31,
-1,
13958,
-2,
30,
-2,
31,
-1,
13959,
-2,
30,
-2,
31,
-1,
13960,
-2,
30,
-2,
31,
-1,
13961,
-2,
30,
-2,
31,
-1,
13962,
-2,
30,
-2,
31,
-1,
13963,
-2,
30,
-2,
31,
-1,
13964,
-2,
30,
-2,
31,
-1,
13965,
-2,
30,
-2,
31,
-1,
13966,
-2,
30,
-2,
31,
-1,
13967,
-2,
30,
-2,
31,
-1,
13968,
-2,
30,
-2,
31,
-1,
13969,
-2,
30,
-2,
31,
-1,
13970,
-2,
30,
-2,
31,
-1,
13971,
-2,
30,
-2,
31,
-1,
13972,
-2,
30,
-2,
31,
-1,
13973,
-2,
30,
-2,
31,
-1,
13974,
-2,
30,
-2,
31,
-1,
13975,
-2,
30,
-2,
31,
-1,
13976,
-2,
30,
-2,
31,
-1,
13977,
-2,
30,
-2,
31,
-1,
13978,
-2,
30,
-2,
31,
-1,
13979,
-2,
30,
-2,
31,
-1,
13980,
-2,
30,
-2,
31,
-1,
13981,
-2,
30,
-2,
31,
-1,
13982,
-2,
30,
-2,
31,
-1,
13983,
-2,
30,
-2,
31,
-1,
13984,
-2,
30,
-2,
31,
-1,
13985,
-2,
30,
-2,
31,
-1,
13986,
-2,
30,
-2,
31,
-1,
13987,
-2,
30,
-2,
31,
-1,
13988,
-2,
30,
-2,
31,
-1,
13989,
-2,
30,
-2,
31,
-1,
13990,
-2,
30,
-2,
31,
-1,
13991,
-2,
30,
-2,
31,
-1,
13992,
-2,
30,
-2,
31,
-1,
13993,
-2,
30,
-2,
31,
-1,
13994,
-2,
30,
-2,
31,
-1,
13995,
-2,
30,
-2,
31,
-1,
13996,
-2,
30,
-2,
31,
-1,
13997,
-2,
30,
-2,
31,
-1,
13998,
-2,
30,
-2,
31,
-1,
13999,
-2,
30,
-2,
31,
-1,
14000,
-2,
30,
-2,
31,
-1,
14001,
-2,
30,
-2,
31,
-1,
14002,
-2,
30,
-2,
31,
-1,
14003,
-2,
30,
-2,
31,
-1,
14004,
-2,
30,
-2,
31,
-1,
14005,
-2,
30,
-2,
31,
-1,
14006,
-2,
30,
-2,
31,
-1,
14007,
-2,
30,
-2,
31,
-1,
14008,
-2,
30,
-2,
31,
-1,
14009,
-2,
30,
-2,
31,
-1,
14010,
-2,
30,
-2,
31,
-1,
14011,
-2,
30,
-2,
31,
-1,
14012,
-2,
30,
-2,
31,
-1,
14013,
-2,
30,
-2,
31,
-1,
14014,
-2,
30,
-2,
31,
-1,
14015,
-2,
30,
-2,
31,
-1,
14016,
-2,
30,
-2,
31,
-1,
14017,
-2,
30,
-2,
31,
-1,
14018,
-2,
30,
-2,
31,
-1,
14019,
-2,
30,
-2,
31,
-1,
14020,
-2,
30,
-2,
31,
-1,
14021,
-2,
30,
-2,
31,
-1,
14022,
-2,
30,
-2,
31,
-1,
14023,
-2,
30,
-2,
31,
-1,
14024,
-2,
30,
-2,
31,
-1,
14025,
-2,
30,
-2,
31,
-1,
14026,
-2,
30,
-2,
31,
-1,
14027,
-2,
30,
-2,
31,
-1,
14028,
-2,
30,
-2,
31,
-1,
14029,
-2,
30,
-2,
31,
-1,
14030,
-2,
30,
-2,
31,
-1,
14031,
-2,
30,
-2,
31,
-1,
14032,
-2,
30,
-2,
31,
-1,
14033,
-2,
30,
-2,
31,
-1,
14034,
-2,
30,
-2,
31,
-1,
14035,
-2,
30,
-2,
31,
-1,
14036,
-2,
30,
-2,
31,
-1,
14037,
-2,
30,
-2,
31,
-1,
14038,
-2,
30,
-2,
31,
-1,
14039,
-2,
30,
-2,
31,
-1,
14040,
-2,
30,
-2,
31,
