-1,
14041,
-2,
30,
-2,
31,
-1,
14042,
-2,
30,
-2,
31,
-1,
14043,
-2,
30,
-2,
31,
-1,
14044,
-2,
30,
-2,
31,
-1,
14045,
-2,
30,
-2,
31,
-1,
14046,
-2,
30,
-2,
31,
-1,
14047,
-2,
30,
-2,
31,
-1,
14048,
-2,
30,
-2,
31,
-1,
14049,
-2,
30,
-2,
31,
-1,
14050,
-2,
30,
-2,
31,
-1,
14051,
-2,
30,
-2,
31,
-1,
14052,
-2,
30,
-2,
31,
-1,
14053,
-2,
30,
-2,
31,
-1,
14054,
-2,
30,
-2,
31,
-1,
14055,
-2,
30,
-2,
31,
-1,
14056,
-2,
30,
-2,
31,
-1,
14057,
-2,
30,
-2,
31,
-1,
14058,
-2,
30,
-2,
17,
-1,
14059,
-2,
30,
-2,
17,
-1,
14060,
-2,
30,
-2,
17,
-1,
14061,
-2,
30,
-2,
17,
-1,
14062,
-2,
30,
-2,
17,
-1,
14063,
-2,
30,
-2,
17,
-1,
14064,
-2,
30,
-2,
17,
-1,
14065,
-2,
30,
-2,
17,
-1,
14066,
-2,
30,
-2,
17,
-1,
14067,
-2,
30,
-2,
17,
-1,
14068,
-2,
30,
-2,
17,
-1,
14069,
-2,
30,
-2,
17,
-1,
14070,
-2,
30,
-2,
17,
-1,
14071,
-2,
30,
-2,
17,
-1,
14072,
-2,
30,
-2,
17,
-1,
14073,
-2,
30,
-2,
17,
-1,
14074,
-2,
30,
-2,
17,
-1,
14075,
-2,
30,
-2,
17,
-1,
14076,
-2,
30,
-2,
17,
-1,
14077,
-2,
30,
-2,
17,
-1,
14078,
-2,
30,
-2,
17,
-1,
14079,
-2,
30,
-2,
17,
-1,
14080,
-2,
30,
-2,
17,
-1,
14081,
-2,
30,
-2,
17,
-1,
14082,
-2,
30,
-2,
17,
-1,
14083,
-2,
30,
-2,
17,
-1,
14084,
-2,
30,
-2,
17,
-1,
14085,
-2,
30,
-2,
17,
-1,
14086,
-2,
30,
-2,
17,
-1,
14087,
-2,
30,
-2,
17,
-1,
14088,
-2,
30,
-2,
17,
-1,
14089,
-2,
30,
-2,
17,
-1,
14090,
-2,
30,
-2,
17,
-1,
14091,
-2,
30,
-2,
17,
-1,
14092,
-2,
30,
-2,
17,
-1,
14093,
-2,
30,
-2,
17,
-1,
14094,
-2,
30,
-2,
17,
-1,
14095,
-2,
30,
-2,
17,
-1,
14096,
-2,
30,
-2,
17,
-1,
14097,
-2,
30,
-2,
17,
-1,
14098,
-2,
30,
-2,
17,
-1,
14099,
-2,
30,
-2,
17,
-1,
14100,
-2,
30,
-2,
17,
-1,
14101,
-2,
30,
-2,
17,
-1,
14102,
-2,
30,
-2,
17,
-1,
14103,
-2,
30,
-2,
17,
-1,
14104,
-2,
30,
-2,
17,
-1,
14105,
-2,
30,
-2,
17,
-1,
14106,
-2,
30,
-2,
17,
-1,
14107,
-2,
30,
-2,
17,
-1,
14108,
-2,
30,
-2,
17,
-1,
14109,
-2,
30,
-2,
17,
-1,
14110,
-2,
30,
-2,
17,
-1,
14111,
-2,
30,
-2,
17,
-1,
14112,
-2,
30,
-2,
17,
-1,
14113,
-2,
30,
-2,
17,
-1,
14114,
-2,
30,
-2,
17,
-1,
14115,
-2,
30,
-2,
17,
-1,
14116,
-2,
30,
-2,
17,
-1,
14117,
-2,
30,
-2,
17,
-1,
14118,
-2,
30,
-2,
17,
-1,
14119,
-2,
30,
-2,
17,
-1,
14120,
-2,
30,
-2,
17,
-1,
14121,
-2,
30,
-2,
17,
-1,
14122,
-2,
30,
-2,
17,
-1,
14123,
-2,
30,
-2,
17,
-1,
14124,
-2,
30,
-2,
17,
-1,
14125,
-2,
30,
-2,
17,
-1,
14126,
-2,
30,
-2,
17,
-1,
14127,
-2,
30,
-2,
17,
-1,
14128,
-2,
30,
-2,
17,
-1,
14129,
-2,
30,
-2,
17,
-1,
14130,
-2,
30,
-2,
17,
-1,
14131,
-2,
30,
-2,
17,
-1,
14132,
-2,
30,
-2,
17,
-1,
14133,
-2,
30,
-2,
17,
-1,
14134,
-2,
30,
-2,
17,
-1,
14135,
-2,
30,
-2,
17,
-1,
14136,
-2,
30,
-2,
17,
-1,
14137,
-2,
30,
-2,
17,
-1,
14138,
-2,
30,
-2,
17,
-1,
14139,
-2,
30,
-2,
17,
-1,
14140,
-2,
30,
-2,
17,
-1,
14141,
-2,
30,
-2,
17,
-1,
14142,
-2,
30,
-2,
17,
-1,
14143,
-2,
30,
-2,
17,
-1,
14144,
-2,
30,
-2,
17,
-1,
14145,
-2,
30,
-2,
17,
-1,
14146,
-2,
30,
-2,
17,
-1,
14147,
-2,
30,
-2,
17,
-1,
14148,
-2,
30,
-2,
17,
-1,
14149,
-2,
30,
-2,
17,
-1,
14150,
-2,
30,
-2,
17,
-1,
14151,
-2,
30,
-2,
17,
-1,
14152,
-2,
30,
-2,
17,
-1,
14153,
-2,
30,
-2,
17,
-1,
14154,
-2,
30,
-2,
17,
-1,
14155,
-2,
30,
-2,
17,
-1,
14156,
-2,
30,
-2,
17,
-1,
14157,
-2,
30,
-2,
17,
-1,
14158,
-2,
30,
-2,
17,
-1,
14159,
-2,
30,
-2,
17,
-1,
14160,
-2,
30,
-2,
31,
