-1,
14161,
-2,
30,
-2,
31,
-1,
14162,
-2,
30,
-2,
31,
-1,
14163,
-2,
30,
-2,
31,
-1,
14164,
-2,
30,
-2,
31,
-1,
14165,
-2,
30,
-2,
31,
-1,
14166,
-2,
30,
-2,
31,
-1,
14167,
-2,
30,
-2,
31,
-1,
14168,
-2,
30,
-2,
31,
-1,
14169,
-2,
30,
-2,
31,
-1,
14170,
-2,
30,
-2,
31,
-1,
14171,
-2,
30,
-2,
31,
-1,
14172,
-2,
30,
-2,
31,
-1,
14173,
-2,
30,
-2,
31,
-1,
14174,
-2,
30,
-2,
31,
-1,
14175,
-2,
30,
-2,
31,
-1,
14176,
-2,
30,
-2,
31,
-1,
14177,
-2,
30,
-2,
31,
-1,
14178,
-2,
30,
-2,
17,
-1,
14179,
-2,
30,
-2,
17,
-1,
14180,
-2,
30,
-2,
17,
-1,
14181,
-2,
30,
-2,
17,
-1,
14182,
-2,
30,
-2,
17,
-1,
14183,
-2,
30,
-2,
17,
-1,
14184,
-2,
30,
-2,
17,
-1,
14185,
-2,
30,
-2,
17,
-1,
14186,
-2,
30,
-2,
17,
-1,
14187,
-2,
30,
-2,
17,
-1,
14188,
-2,
30,
-2,
17,
-1,
14189,
-2,
30,
-2,
17,
-1,
14190,
-2,
30,
-2,
17,
-1,
14191,
-2,
30,
-2,
17,
-1,
14192,
-2,
30,
-2,
17,
-1,
14193,
-2,
30,
-2,
17,
-1,
14194,
-2,
30,
-2,
17,
-1,
14195,
-2,
30,
-2,
17,
-1,
14196,
-2,
30,
-2,
17,
-1,
14197,
-2,
30,
-2,
17,
-1,
14198,
-2,
30,
-2,
17,
-1,
14199,
-2,
30,
-2,
17,
-1,
14200,
-2,
30,
-2,
17,
-1,
14201,
-2,
30,
-2,
17,
-1,
14202,
-2,
30,
-2,
17,
-1,
14203,
-2,
30,
-2,
17,
-1,
14204,
-2,
30,
-2,
17,
-1,
14205,
-2,
30,
-2,
17,
-1,
14206,
-2,
30,
-2,
17,
-1,
14207,
-2,
30,
-2,
17,
-1,
14208,
-2,
30,
-2,
17,
-1,
14209,
-2,
30,
-2,
17,
-1,
14210,
-2,
30,
-2,
17,
-1,
14211,
-2,
30,
-2,
17,
-1,
14212,
-2,
30,
-2,
17,
-1,
14213,
-2,
30,
-2,
17,
-1,
14214,
-2,
30,
-2,
17,
-1,
14215,
-2,
30,
-2,
17,
-1,
14216,
-2,
30,
-2,
17,
-1,
14217,
-2,
30,
-2,
17,
-1,
14218,
-2,
30,
-2,
17,
-1,
14219,
-2,
30,
-2,
17,
-1,
14220,
-2,
30,
-2,
17,
-1,
14221,
-2,
30,
-2,
17,
-1,
14222,
-2,
30,
-2,
17,
-1,
14223,
-2,
30,
-2,
17,
-1,
14224,
-2,
30,
-2,
17,
-1,
14225,
-2,
30,
-2,
17,
-1,
14226,
-2,
30,
-2,
17,
-1,
14227,
-2,
30,
-2,
17,
-1,
14228,
-2,
30,
-2,
17,
-1,
14229,
-2,
30,
-2,
17,
-1,
14230,
-2,
30,
-2,
17,
-1,
14231,
-2,
30,
-2,
17,
-1,
14232,
-2,
30,
-2,
17,
-1,
14233,
-2,
30,
-2,
17,
-1,
14234,
-2,
30,
-2,
31,
-1,
14235,
-2,
30,
-2,
31,
-1,
14236,
-2,
30,
-2,
31,
-1,
14237,
-2,
30,
-2,
31,
-1,
14238,
-2,
30,
-2,
31,
-1,
14239,
-2,
30,
-2,
31,
-1,
14240,
-2,
30,
-2,
31,
-1,
14241,
-2,
30,
-2,
31,
-1,
14242,
-2,
30,
-2,
31,
-1,
14243,
-2,
30,
-2,
31,
-1,
14244,
-2,
30,
-2,
31,
-1,
14245,
-2,
30,
-2,
31,
-1,
14246,
-2,
30,
-2,
31,
-1,
14247,
-2,
30,
-2,
31,
-1,
14248,
-2,
30,
-2,
31,
-1,
14249,
-2,
30,
-2,
31,
-1,
14250,
-2,
30,
-2,
31,
-1,
14251,
-2,
30,
-2,
31,
-1,
14252,
-2,
30,
-2,
31,
-1,
14253,
-2,
30,
-2,
31,
-1,
14254,
-2,
30,
-2,
31,
-1,
14255,
-2,
30,
-2,
31,
-1,
14256,
-2,
30,
-2,
31,
-1,
14257,
-2,
30,
-2,
31,
-1,
14258,
-2,
30,
-2,
31,
-1,
14259,
-2,
30,
-2,
31,
-1,
14260,
-2,
30,
-2,
31,
-1,
14261,
-2,
30,
-2,
31,
-1,
14262,
-2,
30,
-2,
31,
-1,
14263,
-2,
30,
-2,
31,
-1,
14264,
-2,
30,
-2,
31,
-1,
14265,
-2,
30,
-2,
31,
-1,
14266,
-2,
30,
-2,
31,
-1,
14267,
-2,
30,
-2,
31,
-1,
14268,
-2,
30,
-2,
31,
-1,
14269,
-2,
30,
-2,
31,
-1,
14270,
-2,
30,
-2,
31,
-1,
14271,
-2,
30,
-2,
31,
-1,
14272,
-2,
30,
-2,
31,
-1,
14273,
-2,
30,
-2,
31,
-1,
14274,
-2,
30,
-2,
31,
-1,
14275,
-2,
30,
-2,
31,
-1,
14276,
-2,
30,
-2,
31,
-1,
14277,
-2,
30,
-2,
31,
-1,
14278,
-2,
30,
-2,
31,
-1,
14279,
-2,
30,
-2,
31,
-1,
14280,
-2,
30,
-2,
31,
