-1,
14281,
-2,
30,
-2,
31,
-1,
14282,
-2,
30,
-2,
31,
-1,
14283,
-2,
30,
-2,
31,
-1,
14284,
-2,
30,
-2,
31,
-1,
14285,
-2,
30,
-2,
31,
-1,
14286,
-2,
30,
-2,
31,
-1,
14287,
-2,
30,
-2,
31,
-1,
14288,
-2,
30,
-2,
31,
-1,
14289,
-2,
30,
-2,
31,
-1,
14290,
-2,
30,
-2,
31,
-1,
14291,
-2,
30,
-2,
31,
-1,
14292,
-2,
30,
-2,
31,
-1,
14293,
-2,
30,
-2,
31,
-1,
14294,
-2,
30,
-2,
31,
-1,
14295,
-2,
30,
-2,
31,
-1,
14296,
-2,
30,
-2,
31,
-1,
14297,
-2,
30,
-2,
31,
-1,
14298,
-2,
30,
-2,
31,
-1,
14299,
-2,
30,
-2,
31,
-1,
14300,
-2,
30,
-2,
31,
-1,
14301,
-2,
30,
-2,
31,
-1,
14302,
-2,
30,
-2,
31,
-1,
14303,
-2,
30,
-2,
31,
-1,
14304,
-2,
30,
-2,
31,
-1,
14305,
-2,
30,
-2,
31,
-1,
14306,
-2,
30,
-2,
31,
-1,
14307,
-2,
30,
-2,
31,
-1,
14308,
-2,
30,
-2,
31,
-1,
14309,
-2,
30,
-2,
31,
-1,
14310,
-2,
30,
-2,
31,
-1,
14311,
-2,
30,
-2,
31,
-1,
14312,
-2,
30,
-2,
31,
-1,
14313,
-2,
30,
-2,
31,
-1,
14314,
-2,
30,
-2,
31,
-1,
14315,
-2,
30,
-2,
31,
-1,
14316,
-2,
30,
-2,
31,
-1,
14317,
-2,
30,
-2,
31,
-1,
14318,
-2,
30,
-2,
31,
-1,
14319,
-2,
30,
-2,
31,
-1,
14320,
-2,
30,
-2,
31,
-1,
14321,
-2,
30,
-2,
31,
-1,
14322,
-2,
30,
-2,
31,
-1,
14323,
-2,
30,
-2,
31,
-1,
14324,
-2,
30,
-2,
31,
-1,
14325,
-2,
30,
-2,
31,
-1,
14326,
-2,
30,
-2,
31,
-1,
14327,
-2,
30,
-2,
31,
-1,
14328,
-2,
30,
-2,
31,
-1,
14329,
-2,
30,
-2,
31,
-1,
14330,
-2,
30,
-2,
17,
-1,
14331,
-2,
30,
-2,
17,
-1,
14332,
-2,
30,
-2,
17,
-1,
14333,
-2,
30,
-2,
17,
-1,
14334,
-2,
30,
-2,
17,
-1,
14335,
-2,
30,
-2,
17,
-1,
14336,
-2,
30,
-2,
17,
-1,
14337,
-2,
30,
-2,
17,
-1,
14338,
-2,
30,
-2,
17,
-1,
14339,
-2,
30,
-2,
17,
-1,
14340,
-2,
30,
-2,
17,
-1,
14341,
-2,
30,
-2,
17,
-1,
14342,
-2,
30,
-2,
17,
-1,
14343,
-2,
30,
-2,
17,
-1,
14344,
-2,
30,
-2,
17,
-1,
14345,
-2,
30,
-2,
17,
-1,
14346,
-2,
30,
-2,
17,
-1,
14347,
-2,
30,
-2,
17,
-1,
14348,
-2,
30,
-2,
17,
-1,
14349,
-2,
30,
-2,
17,
-1,
14350,
-2,
30,
-2,
17,
-1,
14351,
-2,
30,
-2,
17,
-1,
14352,
-2,
30,
-2,
17,
-1,
14353,
-2,
30,
-2,
17,
-1,
14354,
-2,
30,
-2,
17,
-1,
14355,
-2,
30,
-2,
17,
-1,
14356,
-2,
30,
-2,
17,
-1,
14357,
-2,
30,
-2,
17,
-1,
14358,
-2,
30,
-2,
17,
-1,
14359,
-2,
30,
-2,
17,
-1,
14360,
-2,
30,
-2,
17,
-1,
14361,
-2,
30,
-2,
17,
-1,
14362,
-2,
30,
-2,
31,
-1,
14363,
-2,
30,
-2,
31,
-1,
14364,
-2,
30,
-2,
31,
-1,
14365,
-2,
30,
-2,
31,
-1,
14366,
-2,
30,
-2,
31,
-1,
14367,
-2,
30,
-2,
31,
-1,
14368,
-2,
30,
-2,
31,
-1,
14369,
-2,
30,
-2,
31,
-1,
14370,
-2,
30,
-2,
31,
-1,
14371,
-2,
30,
-2,
31,
-1,
14372,
-2,
30,
-2,
17,
-1,
14373,
-2,
30,
-2,
17,
-1,
14374,
-2,
30,
-2,
17,
-1,
14375,
-2,
30,
-2,
17,
-1,
14376,
-2,
30,
-2,
17,
-1,
14377,
-2,
30,
-2,
17,
-1,
14378,
-2,
30,
-2,
17,
-1,
14379,
-2,
30,
-2,
17,
-1,
14380,
-2,
30,
-2,
17,
-1,
14381,
-2,
30,
-2,
17,
-1,
14382,
-2,
30,
-2,
17,
-1,
14383,
-2,
30,
-2,
17,
-1,
14384,
-2,
30,
-2,
17,
-1,
14385,
-2,
30,
-2,
17,
-1,
14386,
-2,
30,
-2,
17,
-1,
14387,
-2,
30,
-2,
17,
-1,
14388,
-2,
30,
-2,
17,
-1,
14389,
-2,
30,
-2,
17,
-1,
14390,
-2,
30,
-2,
17,
-1,
14391,
-2,
30,
-2,
17,
-1,
14392,
-2,
30,
-2,
17,
-1,
14393,
-2,
30,
-2,
17,
-1,
14394,
-2,
30,
-2,
17,
-1,
14395,
-2,
30,
-2,
17,
-1,
14396,
-2,
30,
-2,
17,
-1,
14397,
-2,
30,
-2,
17,
-1,
14398,
-2,
30,
-2,
17,
-1,
14399,
-2,
30,
-2,
17,
-1,
14400,
-2,
30,
-2,
17,
