-1,
1441,
-2,
31,
-2,
30,
-1,
1442,
-2,
17,
-1,
1443,
-2,
17,
-1,
1444,
-2,
32,
-2,
17,
-1,
1445,
-2,
32,
-2,
17,
-1,
1446,
-2,
32,
-2,
17,
-1,
1447,
-2,
32,
-2,
31,
-1,
1448,
-2,
32,
-2,
31,
-1,
1449,
-2,
32,
-2,
31,
-1,
1450,
-2,
32,
-2,
31,
-1,
1451,
-2,
32,
-2,
31,
-1,
1452,
-2,
32,
-2,
31,
-1,
1453,
-2,
32,
-2,
31,
-1,
1454,
-2,
32,
-2,
31,
-1,
1455,
-2,
32,
-2,
31,
-1,
1456,
-2,
32,
-2,
31,
-1,
1457,
-2,
32,
-2,
17,
-1,
1458,
-2,
32,
-2,
17,
-1,
1459,
-2,
32,
-2,
30,
-2,
17,
-1,
1460,
-2,
32,
-2,
31,
-1,
1461,
-2,
32,
-2,
31,
-1,
1462,
-2,
32,
-2,
31,
-1,
1463,
-2,
32,
-1,
1464,
-2,
32,
-1,
1465,
-2,
32,
-1,
1466,
-2,
32,
-1,
1467,
-2,
32,
-1,
1468,
-2,
32,
-1,
1469,
-2,
32,
-1,
1470,
-2,
32,
-2,
17,
-1,
1471,
-2,
32,
-2,
17,
-1,
1472,
-2,
32,
-2,
17,
-1,
1473,
-2,
32,
-2,
17,
-1,
1474,
-2,
32,
-2,
17,
-1,
1475,
-2,
32,
-2,
17,
-1,
1476,
-2,
32,
-2,
17,
-1,
1477,
-2,
32,
-2,
17,
-1,
1478,
-2,
32,
-2,
17,
-1,
1479,
-2,
32,
-2,
17,
-1,
1480,
-2,
32,
-2,
17,
-1,
1481,
-2,
32,
-2,
17,
-1,
1482,
-2,
32,
-2,
17,
-1,
1483,
-2,
32,
-2,
17,
-2,
17,
-1,
1484,
-2,
32,
-2,
17,
-1,
1485,
-2,
32,
-2,
17,
-1,
1486,
-2,
32,
-2,
17,
-1,
1487,
-2,
32,
-2,
17,
-1,
1488,
-2,
32,
-2,
17,
-1,
1489,
-2,
32,
-2,
31,
-1,
1490,
-2,
32,
-1,
1491,
-2,
32,
-1,
1492,
-2,
32,
-1,
1493,
-2,
32,
-1,
1494,
-2,
32,
-1,
1495,
-2,
32,
-2,
31,
-1,
1496,
-2,
32,
-2,
31,
-1,
1497,
-2,
32,
-2,
31,
-1,
1498,
-2,
32,
-2,
31,
-1,
1499,
-2,
32,
-2,
31,
-1,
1500,
-2,
32,
-1,
1501,
-2,
32,
-2,
17,
-1,
1502,
-2,
32,
-2,
17,
-1,
1503,
-2,
31,
-2,
17,
-1,
1504,
-2,
31,
-2,
17,
-1,
1505,
-2,
31,
-2,
17,
-1,
1506,
-2,
31,
-2,
17,
-1,
1507,
-2,
31,
-2,
17,
-1,
1508,
-2,
31,
-2,
17,
-1,
1509,
-2,
31,
-2,
17,
-1,
1510,
-2,
31,
-2,
17,
-1,
1511,
-2,
31,
-2,
17,
-1,
1512,
-2,
31,
-2,
31,
-1,
1513,
-2,
31,
-2,
31,
-1,
1514,
-2,
31,
-2,
31,
-1,
1515,
-2,
31,
-2,
17,
-1,
1516,
-2,
31,
-2,
17,
-1,
1517,
-2,
31,
-2,
17,
-1,
1518,
-2,
31,
-2,
17,
-1,
1519,
-2,
31,
-2,
17,
-1,
1520,
-2,
31,
-2,
17,
-1,
1521,
-2,
31,
-2,
17,
-1,
1522,
-2,
30,
-2,
17,
-1,
1523,
-2,
30,
-2,
17,
-1,
1524,
-2,
30,
-2,
17,
-1,
1525,
-2,
30,
-2,
17,
-1,
1526,
-2,
30,
-2,
17,
-1,
1527,
-2,
17,
-1,
1528,
-2,
17,
-2,
31,
-1,
1529,
-2,
17,
-2,
31,
-1,
1530,
-2,
17,
-2,
31,
-1,
1531,
-2,
17,
-2,
31,
-1,
1532,
-2,
17,
-2,
31,
-1,
1533,
-2,
30,
-2,
31,
-1,
1534,
-2,
30,
-2,
31,
-1,
1535,
-2,
30,
-2,
31,
-1,
1536,
-2,
30,
-2,
31,
-1,
1537,
-2,
30,
-2,
31,
-1,
1538,
-2,
30,
-2,
31,
-1,
1539,
-2,
30,
-2,
31,
-1,
1540,
-2,
30,
-2,
31,
-1,
1541,
-2,
30,
-2,
31,
-2,
17,
-1,
1542,
-2,
30,
-2,
31,
-1,
1543,
-2,
30,
-2,
17,
-1,
1544,
-2,
30,
-2,
17,
-1,
1545,
-2,
30,
-2,
17,
-1,
1546,
-2,
30,
-2,
17,
-1,
1547,
-2,
30,
-2,
17,
-1,
1548,
-2,
47,
-2,
30,
-1,
1549,
-2,
30,
-2,
17,
-1,
1550,
-2,
30,
-2,
31,
-1,
1551,
-2,
30,
-2,
31,
-1,
1552,
-2,
30,
-2,
17,
-1,
1553,
-2,
30,
-2,
17,
-1,
1554,
-2,
32,
-2,
17,
-1,
1555,
-2,
32,
-2,
17,
-1,
1556,
-2,
32,
-2,
17,
-1,
1557,
-2,
32,
-2,
17,
-1,
1558,
-2,
32,
-1,
1559,
-2,
32,
-2,
30,
-1,
1560,
-2,
32,
