-1,
14401,
-2,
30,
-2,
17,
-1,
14402,
-2,
30,
-2,
17,
-1,
14403,
-2,
30,
-2,
17,
-1,
14404,
-2,
30,
-2,
17,
-1,
14405,
-2,
30,
-2,
17,
-1,
14406,
-2,
30,
-2,
17,
-1,
14407,
-2,
30,
-2,
17,
-1,
14408,
-2,
30,
-2,
17,
-1,
14409,
-2,
30,
-2,
17,
-1,
14410,
-2,
30,
-2,
17,
-1,
14411,
-2,
30,
-2,
17,
-1,
14412,
-2,
30,
-2,
17,
-1,
14413,
-2,
30,
-2,
17,
-1,
14414,
-2,
30,
-2,
17,
-1,
14415,
-2,
30,
-2,
17,
-1,
14416,
-2,
30,
-2,
17,
-1,
14417,
-2,
30,
-2,
17,
-1,
14418,
-2,
30,
-2,
17,
-1,
14419,
-2,
30,
-2,
17,
-1,
14420,
-2,
30,
-2,
17,
-1,
14421,
-2,
30,
-2,
17,
-1,
14422,
-2,
30,
-2,
17,
-1,
14423,
-2,
30,
-2,
17,
-1,
14424,
-2,
30,
-2,
17,
-1,
14425,
-2,
30,
-2,
17,
-1,
14426,
-2,
30,
-2,
17,
-1,
14427,
-2,
30,
-2,
17,
-1,
14428,
-2,
30,
-2,
17,
-1,
14429,
-2,
30,
-2,
17,
-1,
14430,
-2,
30,
-2,
17,
-1,
14431,
-2,
30,
-2,
17,
-1,
14432,
-2,
30,
-2,
17,
-1,
14433,
-2,
30,
-2,
17,
-1,
14434,
-2,
30,
-2,
17,
-1,
14435,
-2,
30,
-2,
17,
-1,
14436,
-2,
30,
-2,
17,
-1,
14437,
-2,
30,
-2,
17,
-1,
14438,
-2,
30,
-2,
17,
-1,
14439,
-2,
30,
-2,
17,
-1,
14440,
-2,
30,
-2,
17,
-1,
14441,
-2,
30,
-2,
17,
-1,
14442,
-2,
30,
-2,
17,
-1,
14443,
-2,
30,
-2,
17,
-1,
14444,
-2,
30,
-2,
17,
-1,
14445,
-2,
30,
-2,
31,
-1,
14446,
-2,
30,
-2,
31,
-1,
14447,
-2,
30,
-2,
31,
-1,
14448,
-2,
30,
-2,
31,
-1,
14449,
-2,
30,
-2,
31,
-1,
14450,
-2,
30,
-2,
17,
-1,
14451,
-2,
30,
-2,
17,
-1,
14452,
-2,
30,
-2,
17,
-1,
14453,
-2,
30,
-2,
17,
-1,
14454,
-2,
30,
-2,
17,
-1,
14455,
-2,
30,
-2,
17,
-1,
14456,
-2,
30,
-2,
17,
-1,
14457,
-2,
30,
-2,
17,
-1,
14458,
-2,
30,
-2,
17,
-1,
14459,
-2,
30,
-2,
17,
-1,
14460,
-2,
30,
-2,
17,
-1,
14461,
-2,
30,
-2,
17,
-1,
14462,
-2,
30,
-2,
17,
-1,
14463,
-2,
30,
-2,
17,
-1,
14464,
-2,
30,
-2,
17,
-1,
14465,
-2,
30,
-2,
17,
-1,
14466,
-2,
30,
-2,
17,
-1,
14467,
-2,
30,
-2,
17,
-1,
14468,
-2,
30,
-2,
17,
-1,
14469,
-2,
30,
-2,
17,
-1,
14470,
-2,
30,
-2,
17,
-1,
14471,
-2,
30,
-2,
17,
-1,
14472,
-2,
30,
-2,
17,
-1,
14473,
-2,
30,
-2,
17,
-1,
14474,
-2,
30,
-2,
17,
-1,
14475,
-2,
30,
-2,
17,
-1,
14476,
-2,
30,
-2,
17,
-1,
14477,
-2,
30,
-2,
17,
-1,
14478,
-2,
30,
-2,
17,
-1,
14479,
-2,
30,
-2,
17,
-1,
14480,
-2,
30,
-2,
17,
-1,
14481,
-2,
30,
-2,
17,
-1,
14482,
-2,
30,
-2,
31,
-1,
14483,
-2,
30,
-2,
31,
-1,
14484,
-2,
30,
-2,
31,
-1,
14485,
-2,
30,
-2,
31,
-1,
14486,
-2,
30,
-2,
31,
-1,
14487,
-2,
30,
-2,
31,
-1,
14488,
-2,
30,
-2,
31,
-1,
14489,
-2,
30,
-2,
31,
-1,
14490,
-2,
30,
-2,
31,
-1,
14491,
-2,
30,
-2,
31,
-1,
14492,
-2,
30,
-2,
17,
-1,
14493,
-2,
30,
-2,
17,
-1,
14494,
-2,
30,
-2,
17,
-1,
14495,
-2,
30,
-2,
17,
-1,
14496,
-2,
30,
-2,
17,
-1,
14497,
-2,
30,
-2,
17,
-1,
14498,
-2,
30,
-2,
17,
-1,
14499,
-2,
30,
-2,
17,
-1,
14500,
-2,
30,
-2,
17,
-1,
14501,
-2,
30,
-2,
17,
-1,
14502,
-2,
30,
-2,
17,
-1,
14503,
-2,
30,
-2,
17,
-1,
14504,
-2,
30,
-2,
17,
-1,
14505,
-2,
30,
-2,
17,
-1,
14506,
-2,
30,
-2,
17,
-1,
14507,
-2,
30,
-2,
17,
-1,
14508,
-2,
30,
-2,
17,
-1,
14509,
-2,
30,
-2,
17,
-1,
14510,
-2,
30,
-2,
17,
-1,
14511,
-2,
30,
-2,
17,
-1,
14512,
-2,
30,
-2,
17,
-1,
14513,
-2,
30,
-2,
31,
-1,
14514,
-2,
30,
-2,
31,
-1,
14515,
-2,
30,
-2,
31,
-1,
14516,
-2,
30,
-2,
31,
-1,
14517,
-2,
30,
-2,
31,
-1,
14518,
-2,
30,
-2,
31,
-1,
14519,
-2,
30,
-2,
31,
-1,
14520,
-2,
30,
-2,
31,
