-1,
14521,
-2,
30,
-2,
31,
-1,
14522,
-2,
30,
-2,
31,
-1,
14523,
-2,
30,
-2,
31,
-1,
14524,
-2,
30,
-2,
31,
-1,
14525,
-2,
30,
-2,
31,
-1,
14526,
-2,
30,
-2,
31,
-1,
14527,
-2,
30,
-2,
31,
-1,
14528,
-2,
30,
-2,
31,
-1,
14529,
-2,
30,
-2,
31,
-1,
14530,
-2,
30,
-2,
31,
-1,
14531,
-2,
30,
-2,
31,
-1,
14532,
-2,
30,
-2,
31,
-1,
14533,
-2,
30,
-2,
31,
-1,
14534,
-2,
30,
-2,
31,
-1,
14535,
-2,
30,
-2,
31,
-1,
14536,
-2,
30,
-2,
31,
-1,
14537,
-2,
30,
-2,
31,
-1,
14538,
-2,
30,
-2,
31,
-1,
14539,
-2,
30,
-2,
31,
-1,
14540,
-2,
30,
-2,
31,
-1,
14541,
-2,
30,
-2,
31,
-1,
14542,
-2,
30,
-2,
31,
-1,
14543,
-2,
30,
-2,
31,
-1,
14544,
-2,
30,
-2,
31,
-1,
14545,
-2,
30,
-2,
31,
-1,
14546,
-2,
30,
-2,
31,
-1,
14547,
-2,
30,
-2,
31,
-1,
14548,
-2,
30,
-2,
31,
-1,
14549,
-2,
30,
-2,
31,
-1,
14550,
-2,
30,
-2,
31,
-1,
14551,
-2,
30,
-2,
31,
-1,
14552,
-2,
30,
-2,
31,
-1,
14553,
-2,
30,
-2,
31,
-1,
14554,
-2,
30,
-2,
31,
-1,
14555,
-2,
30,
-2,
31,
-1,
14556,
-2,
30,
-2,
31,
-1,
14557,
-2,
30,
-2,
31,
-1,
14558,
-2,
30,
-2,
31,
-1,
14559,
-2,
30,
-2,
31,
-1,
14560,
-2,
30,
-2,
31,
-1,
14561,
-2,
30,
-2,
31,
-1,
14562,
-2,
30,
-2,
31,
-1,
14563,
-2,
30,
-2,
31,
-1,
14564,
-2,
30,
-2,
31,
-1,
14565,
-2,
30,
-2,
31,
-1,
14566,
-2,
30,
-2,
31,
-1,
14567,
-2,
30,
-2,
31,
-1,
14568,
-2,
30,
-2,
31,
-1,
14569,
-2,
30,
-2,
31,
-1,
14570,
-2,
30,
-2,
31,
-1,
14571,
-2,
30,
-2,
31,
-1,
14572,
-2,
30,
-2,
31,
-1,
14573,
-2,
30,
-2,
31,
-1,
14574,
-2,
30,
-2,
31,
-1,
14575,
-2,
30,
-2,
31,
-1,
14576,
-2,
30,
-2,
31,
-1,
14577,
-2,
30,
-2,
31,
-1,
14578,
-2,
30,
-2,
31,
-1,
14579,
-2,
30,
-2,
31,
-1,
14580,
-2,
30,
-2,
31,
-1,
14581,
-2,
30,
-2,
31,
-1,
14582,
-2,
30,
-2,
31,
-1,
14583,
-2,
30,
-2,
31,
-1,
14584,
-2,
30,
-2,
31,
-1,
14585,
-2,
30,
-2,
31,
-1,
14586,
-2,
30,
-2,
31,
-1,
14587,
-2,
30,
-2,
31,
-1,
14588,
-2,
30,
-2,
31,
-1,
14589,
-2,
30,
-2,
31,
-1,
14590,
-2,
30,
-2,
31,
-1,
14591,
-2,
30,
-2,
31,
-1,
14592,
-2,
30,
-2,
31,
-1,
14593,
-2,
30,
-2,
31,
-1,
14594,
-2,
30,
-2,
31,
-1,
14595,
-2,
30,
-2,
31,
-1,
14596,
-2,
30,
-2,
31,
-1,
14597,
-2,
30,
-2,
31,
-1,
14598,
-2,
30,
-2,
31,
-1,
14599,
-2,
30,
-2,
31,
-1,
14600,
-2,
30,
-2,
31,
-1,
14601,
-2,
30,
-2,
31,
-1,
14602,
-2,
30,
-2,
31,
-1,
14603,
-2,
30,
-2,
31,
-1,
14604,
-2,
30,
-2,
31,
-1,
14605,
-2,
30,
-2,
31,
-1,
14606,
-2,
30,
-2,
31,
-1,
14607,
-2,
30,
-2,
31,
-1,
14608,
-2,
30,
-2,
31,
-1,
14609,
-2,
30,
-2,
31,
-1,
14610,
-2,
30,
-2,
31,
-1,
14611,
-2,
30,
-2,
31,
-1,
14612,
-2,
30,
-2,
17,
-1,
14613,
-2,
30,
-2,
17,
-1,
14614,
-2,
30,
-2,
17,
-1,
14615,
-2,
30,
-2,
17,
-1,
14616,
-2,
30,
-2,
17,
-1,
14617,
-2,
30,
-2,
17,
-1,
14618,
-2,
30,
-2,
17,
-1,
14619,
-2,
30,
-2,
17,
-1,
14620,
-2,
30,
-2,
17,
-1,
14621,
-2,
30,
-2,
17,
-1,
14622,
-2,
30,
-2,
17,
-1,
14623,
-2,
30,
-2,
17,
-1,
14624,
-2,
30,
-2,
17,
-1,
14625,
-2,
30,
-2,
17,
-1,
14626,
-2,
30,
-2,
17,
-1,
14627,
-2,
30,
-2,
17,
-1,
14628,
-2,
30,
-2,
17,
-1,
14629,
-2,
30,
-2,
17,
-1,
14630,
-2,
30,
-2,
17,
-1,
14631,
-2,
30,
-2,
17,
-1,
14632,
-2,
30,
-2,
17,
-1,
14633,
-2,
30,
-2,
31,
-1,
14634,
-2,
30,
-2,
31,
-1,
14635,
-2,
30,
-2,
31,
-1,
14636,
-2,
30,
-2,
17,
-1,
14637,
-2,
30,
-2,
17,
-1,
14638,
-2,
30,
-2,
17,
-1,
14639,
-2,
30,
-2,
17,
-1,
14640,
-2,
30,
-2,
17,
