-1,
14641,
-2,
30,
-2,
17,
-1,
14642,
-2,
30,
-2,
17,
-1,
14643,
-2,
30,
-2,
17,
-1,
14644,
-2,
30,
-2,
17,
-1,
14645,
-2,
30,
-2,
17,
-1,
14646,
-2,
30,
-2,
17,
-1,
14647,
-2,
30,
-2,
17,
-1,
14648,
-2,
30,
-2,
17,
-1,
14649,
-2,
30,
-2,
17,
-1,
14650,
-2,
30,
-2,
17,
-1,
14651,
-2,
30,
-2,
17,
-1,
14652,
-2,
30,
-2,
17,
-1,
14653,
-2,
30,
-2,
17,
-1,
14654,
-2,
30,
-2,
17,
-1,
14655,
-2,
30,
-2,
17,
-1,
14656,
-2,
30,
-2,
17,
-1,
14657,
-2,
30,
-2,
17,
-1,
14658,
-2,
30,
-2,
17,
-1,
14659,
-2,
30,
-2,
17,
-1,
14660,
-2,
30,
-2,
17,
-1,
14661,
-2,
30,
-2,
17,
-1,
14662,
-2,
30,
-2,
17,
-1,
14663,
-2,
30,
-2,
17,
-1,
14664,
-2,
30,
-2,
17,
-1,
14665,
-2,
30,
-2,
17,
-1,
14666,
-2,
30,
-2,
17,
-1,
14667,
-2,
30,
-2,
17,
-1,
14668,
-2,
30,
-2,
17,
-1,
14669,
-2,
30,
-2,
17,
-1,
14670,
-2,
30,
-2,
17,
-1,
14671,
-2,
30,
-2,
17,
-1,
14672,
-2,
30,
-2,
17,
-1,
14673,
-2,
30,
-2,
17,
-1,
14674,
-2,
30,
-2,
17,
-1,
14675,
-2,
30,
-2,
17,
-1,
14676,
-2,
30,
-2,
17,
-1,
14677,
-2,
30,
-2,
17,
-1,
14678,
-2,
30,
-2,
17,
-1,
14679,
-2,
30,
-2,
17,
-1,
14680,
-2,
30,
-2,
17,
-1,
14681,
-2,
30,
-2,
17,
-1,
14682,
-2,
30,
-2,
17,
-1,
14683,
-2,
30,
-2,
17,
-1,
14684,
-2,
30,
-2,
17,
-1,
14685,
-2,
30,
-2,
17,
-1,
14686,
-2,
30,
-2,
17,
-1,
14687,
-2,
30,
-2,
17,
-1,
14688,
-2,
30,
-2,
17,
-1,
14689,
-2,
30,
-2,
17,
-1,
14690,
-2,
30,
-2,
17,
-1,
14691,
-2,
30,
-2,
17,
-1,
14692,
-2,
30,
-2,
17,
-1,
14693,
-2,
30,
-2,
17,
-1,
14694,
-2,
30,
-2,
17,
-1,
14695,
-2,
30,
-2,
17,
-1,
14696,
-2,
30,
-2,
17,
-1,
14697,
-2,
30,
-2,
17,
-1,
14698,
-2,
30,
-2,
17,
-1,
14699,
-2,
30,
-2,
17,
-1,
14700,
-2,
30,
-2,
17,
-1,
14701,
-2,
30,
-2,
17,
-1,
14702,
-2,
30,
-2,
17,
-1,
14703,
-2,
30,
-2,
17,
-1,
14704,
-2,
30,
-2,
17,
-1,
14705,
-2,
30,
-2,
17,
-1,
14706,
-2,
30,
-2,
17,
-1,
14707,
-2,
30,
-2,
17,
-1,
14708,
-2,
30,
-2,
17,
-1,
14709,
-2,
30,
-2,
17,
-1,
14710,
-2,
30,
-2,
17,
-1,
14711,
-2,
30,
-2,
17,
-1,
14712,
-2,
30,
-2,
17,
-1,
14713,
-2,
30,
-2,
17,
-1,
14714,
-2,
30,
-2,
17,
-1,
14715,
-2,
30,
-2,
17,
-1,
14716,
-2,
30,
-2,
17,
-1,
14717,
-2,
30,
-2,
17,
-1,
14718,
-2,
30,
-2,
17,
-1,
14719,
-2,
30,
-2,
17,
-1,
14720,
-2,
30,
-2,
17,
-1,
14721,
-2,
30,
-2,
17,
-1,
14722,
-2,
30,
-2,
17,
-1,
14723,
-2,
30,
-2,
17,
-1,
14724,
-2,
30,
-2,
17,
-1,
14725,
-2,
30,
-2,
17,
-1,
14726,
-2,
30,
-2,
17,
-1,
14727,
-2,
30,
-2,
31,
-1,
14728,
-2,
30,
-2,
31,
-1,
14729,
-2,
30,
-2,
31,
-1,
14730,
-2,
30,
-2,
31,
-1,
14731,
-2,
30,
-2,
31,
-1,
14732,
-2,
30,
-2,
17,
-1,
14733,
-2,
30,
-2,
17,
-1,
14734,
-2,
30,
-2,
17,
-1,
14735,
-2,
30,
-2,
17,
-1,
14736,
-2,
30,
-2,
17,
-1,
14737,
-2,
30,
-2,
17,
-1,
14738,
-2,
30,
-2,
17,
-1,
14739,
-2,
30,
-2,
17,
-1,
14740,
-2,
30,
-2,
17,
-1,
14741,
-2,
30,
-2,
17,
-1,
14742,
-2,
30,
-2,
17,
-1,
14743,
-2,
30,
-2,
17,
-1,
14744,
-2,
30,
-2,
17,
-1,
14745,
-2,
30,
-2,
17,
-1,
14746,
-2,
30,
-2,
17,
-1,
14747,
-2,
30,
-2,
17,
-1,
14748,
-2,
30,
-2,
17,
-1,
14749,
-2,
30,
-2,
17,
-1,
14750,
-2,
30,
-2,
17,
-1,
14751,
-2,
30,
-2,
17,
-1,
14752,
-2,
30,
-2,
17,
-1,
14753,
-2,
30,
-2,
31,
-1,
14754,
-2,
30,
-2,
31,
-1,
14755,
-2,
30,
-2,
31,
-1,
14756,
-2,
30,
-2,
17,
-1,
14757,
-2,
30,
-2,
17,
-1,
14758,
-2,
30,
-2,
17,
-1,
14759,
-2,
30,
-2,
17,
-1,
14760,
-2,
30,
-2,
17,
