-1,
14761,
-2,
30,
-2,
17,
-1,
14762,
-2,
30,
-2,
17,
-1,
14763,
-2,
30,
-2,
17,
-1,
14764,
-2,
30,
-2,
17,
-1,
14765,
-2,
30,
-2,
17,
-1,
14766,
-2,
30,
-2,
17,
-1,
14767,
-2,
30,
-2,
17,
-1,
14768,
-2,
30,
-2,
17,
-1,
14769,
-2,
30,
-2,
17,
-1,
14770,
-2,
30,
-2,
17,
-1,
14771,
-2,
30,
-2,
17,
-1,
14772,
-2,
30,
-2,
17,
-1,
14773,
-2,
30,
-2,
17,
-1,
14774,
-2,
30,
-2,
17,
-1,
14775,
-2,
30,
-2,
17,
-1,
14776,
-2,
30,
-2,
17,
-1,
14777,
-2,
30,
-2,
17,
-1,
14778,
-2,
30,
-2,
17,
-1,
14779,
-2,
30,
-2,
17,
-1,
14780,
-2,
30,
-2,
17,
-1,
14781,
-2,
30,
-2,
17,
-1,
14782,
-2,
30,
-2,
17,
-1,
14783,
-2,
30,
-2,
17,
-1,
14784,
-2,
30,
-2,
17,
-1,
14785,
-2,
30,
-2,
17,
-1,
14786,
-2,
30,
-2,
17,
-1,
14787,
-2,
30,
-2,
17,
-1,
14788,
-2,
30,
-2,
17,
-1,
14789,
-2,
30,
-2,
17,
-1,
14790,
-2,
30,
-2,
31,
-1,
14791,
-2,
30,
-2,
31,
-1,
14792,
-2,
30,
-2,
31,
-1,
14793,
-2,
30,
-2,
31,
-1,
14794,
-2,
30,
-2,
31,
-1,
14795,
-2,
30,
-2,
31,
-1,
14796,
-2,
30,
-2,
31,
-1,
14797,
-2,
30,
-2,
31,
-1,
14798,
-2,
30,
-2,
31,
-1,
14799,
-2,
30,
-2,
31,
-1,
14800,
-2,
30,
-2,
31,
-1,
14801,
-2,
30,
-2,
31,
-1,
14802,
-2,
30,
-2,
31,
-1,
14803,
-2,
30,
-2,
31,
-1,
14804,
-2,
30,
-2,
31,
-1,
14805,
-2,
30,
-2,
31,
-1,
14806,
-2,
30,
-2,
31,
-1,
14807,
-2,
30,
-2,
31,
-1,
14808,
-2,
30,
-2,
31,
-1,
14809,
-2,
30,
-2,
31,
-1,
14810,
-2,
30,
-2,
31,
-1,
14811,
-2,
30,
-2,
31,
-1,
14812,
-2,
30,
-2,
31,
-1,
14813,
-2,
30,
-2,
31,
-1,
14814,
-2,
30,
-2,
31,
-1,
14815,
-2,
30,
-2,
31,
-1,
14816,
-2,
30,
-2,
31,
-1,
14817,
-2,
30,
-2,
31,
-1,
14818,
-2,
30,
-2,
31,
-1,
14819,
-2,
30,
-2,
31,
-1,
14820,
-2,
30,
-2,
31,
-1,
14821,
-2,
30,
-2,
31,
-1,
14822,
-2,
30,
-2,
31,
-1,
14823,
-2,
30,
-2,
31,
-1,
14824,
-2,
30,
-2,
31,
-1,
14825,
-2,
30,
-2,
31,
-1,
14826,
-2,
30,
-2,
31,
-1,
14827,
-2,
30,
-2,
31,
-1,
14828,
-2,
30,
-2,
31,
-1,
14829,
-2,
30,
-2,
31,
-1,
14830,
-2,
30,
-2,
31,
-1,
14831,
-2,
30,
-2,
31,
-1,
14832,
-2,
30,
-2,
31,
-1,
14833,
-2,
30,
-2,
31,
-1,
14834,
-2,
30,
-2,
31,
-1,
14835,
-2,
30,
-2,
31,
-1,
14836,
-2,
30,
-2,
31,
-1,
14837,
-2,
30,
-2,
31,
-1,
14838,
-2,
30,
-2,
31,
-1,
14839,
-2,
30,
-2,
31,
-1,
14840,
-2,
30,
-2,
31,
-1,
14841,
-2,
30,
-2,
31,
-1,
14842,
-2,
30,
-2,
31,
-1,
14843,
-2,
30,
-2,
31,
-1,
14844,
-2,
30,
-2,
31,
-1,
14845,
-2,
30,
-2,
31,
-1,
14846,
-2,
30,
-2,
31,
-1,
14847,
-2,
30,
-2,
31,
-1,
14848,
-2,
30,
-2,
31,
-1,
14849,
-2,
30,
-2,
31,
-1,
14850,
-2,
30,
-2,
31,
-1,
14851,
-2,
30,
-2,
31,
-1,
14852,
-2,
30,
-2,
31,
-1,
14853,
-2,
30,
-2,
31,
-1,
14854,
-2,
30,
-2,
31,
-1,
14855,
-2,
30,
-2,
31,
-1,
14856,
-2,
30,
-2,
31,
-1,
14857,
-2,
30,
-2,
31,
-1,
14858,
-2,
30,
-2,
31,
-1,
14859,
-2,
30,
-2,
31,
-1,
14860,
-2,
30,
-2,
31,
-1,
14861,
-2,
30,
-2,
31,
-1,
14862,
-2,
30,
-2,
31,
-1,
14863,
-2,
30,
-2,
31,
-1,
14864,
-2,
30,
-2,
31,
-1,
14865,
-2,
30,
-2,
31,
-1,
14866,
-2,
30,
-2,
31,
-1,
14867,
-2,
30,
-2,
31,
-1,
14868,
-2,
30,
-2,
31,
-1,
14869,
-2,
30,
-2,
31,
-1,
14870,
-2,
30,
-2,
31,
-1,
14871,
-2,
30,
-2,
31,
-1,
14872,
-2,
30,
-2,
31,
-1,
14873,
-2,
30,
-2,
31,
-1,
14874,
-2,
30,
-2,
31,
-1,
14875,
-2,
30,
-2,
31,
-1,
14876,
-2,
30,
-2,
31,
-1,
14877,
-2,
30,
-2,
31,
-1,
14878,
-2,
30,
-2,
31,
-1,
14879,
-2,
30,
-2,
31,
-1,
14880,
-2,
30,
-2,
31,
