-1,
14881,
-2,
30,
-2,
31,
-1,
14882,
-2,
30,
-2,
31,
-1,
14883,
-2,
30,
-2,
31,
-1,
14884,
-2,
30,
-2,
31,
-1,
14885,
-2,
30,
-2,
31,
-1,
14886,
-2,
30,
-2,
17,
-1,
14887,
-2,
30,
-2,
17,
-1,
14888,
-2,
30,
-2,
17,
-1,
14889,
-2,
30,
-2,
17,
-1,
14890,
-2,
30,
-2,
17,
-1,
14891,
-2,
30,
-2,
17,
-1,
14892,
-2,
30,
-2,
17,
-1,
14893,
-2,
30,
-2,
17,
-1,
14894,
-2,
30,
-2,
17,
-1,
14895,
-2,
30,
-2,
17,
-1,
14896,
-2,
30,
-2,
17,
-1,
14897,
-2,
30,
-2,
17,
-1,
14898,
-2,
30,
-2,
17,
-1,
14899,
-2,
30,
-2,
17,
-1,
14900,
-2,
30,
-2,
17,
-1,
14901,
-2,
30,
-2,
17,
-1,
14902,
-2,
30,
-2,
17,
-1,
14903,
-2,
30,
-2,
17,
-1,
14904,
-2,
30,
-2,
17,
-1,
14905,
-2,
30,
-2,
17,
-1,
14906,
-2,
30,
-2,
17,
-1,
14907,
-2,
30,
-2,
17,
-1,
14908,
-2,
30,
-2,
17,
-1,
14909,
-2,
30,
-2,
17,
-1,
14910,
-2,
30,
-2,
17,
-1,
14911,
-2,
30,
-2,
17,
-1,
14912,
-2,
30,
-2,
17,
-1,
14913,
-2,
30,
-2,
17,
-1,
14914,
-2,
30,
-2,
17,
-1,
14915,
-2,
30,
-2,
17,
-1,
14916,
-2,
30,
-2,
17,
-1,
14917,
-2,
30,
-2,
17,
-1,
14918,
-2,
30,
-2,
17,
-1,
14919,
-2,
30,
-2,
17,
-1,
14920,
-2,
30,
-2,
17,
-1,
14921,
-2,
30,
-2,
17,
-1,
14922,
-2,
30,
-2,
17,
-1,
14923,
-2,
30,
-2,
17,
-1,
14924,
-2,
30,
-2,
17,
-1,
14925,
-2,
30,
-2,
17,
-1,
14926,
-2,
30,
-2,
17,
-1,
14927,
-2,
30,
-2,
17,
-1,
14928,
-2,
30,
-2,
17,
-1,
14929,
-2,
30,
-2,
17,
-1,
14930,
-2,
30,
-2,
17,
-1,
14931,
-2,
30,
-2,
17,
-1,
14932,
-2,
30,
-2,
17,
-1,
14933,
-2,
30,
-2,
17,
-1,
14934,
-2,
30,
-2,
17,
-1,
14935,
-2,
30,
-2,
17,
-1,
14936,
-2,
30,
-2,
17,
-1,
14937,
-2,
30,
-2,
17,
-1,
14938,
-2,
30,
-2,
17,
-1,
14939,
-2,
30,
-2,
17,
-1,
14940,
-2,
30,
-2,
17,
-1,
14941,
-2,
30,
-2,
17,
-1,
14942,
-2,
30,
-2,
17,
-1,
14943,
-2,
30,
-2,
17,
-1,
14944,
-2,
30,
-2,
17,
-1,
14945,
-2,
30,
-2,
17,
-1,
14946,
-2,
30,
-2,
17,
-1,
14947,
-2,
30,
-2,
17,
-1,
14948,
-2,
30,
-2,
17,
-1,
14949,
-2,
30,
-2,
17,
-1,
14950,
-2,
30,
-2,
17,
-1,
14951,
-2,
30,
-2,
17,
-1,
14952,
-2,
30,
-2,
17,
-1,
14953,
-2,
30,
-2,
17,
-1,
14954,
-2,
30,
-2,
17,
-1,
14955,
-2,
30,
-2,
17,
-1,
14956,
-2,
30,
-2,
17,
-1,
14957,
-2,
30,
-2,
17,
-1,
14958,
-2,
30,
-2,
17,
-1,
14959,
-2,
30,
-2,
17,
-1,
14960,
-2,
30,
-2,
17,
-1,
14961,
-2,
30,
-2,
17,
-1,
14962,
-2,
30,
-2,
17,
-1,
14963,
-2,
30,
-2,
17,
-1,
14964,
-2,
30,
-2,
17,
-1,
14965,
-2,
30,
-2,
17,
-1,
14966,
-2,
30,
-2,
17,
-1,
14967,
-2,
30,
-2,
17,
-1,
14968,
-2,
30,
-2,
17,
-1,
14969,
-2,
30,
-2,
17,
-1,
14970,
-2,
30,
-2,
17,
-1,
14971,
-2,
30,
-2,
17,
-1,
14972,
-2,
30,
-2,
17,
-1,
14973,
-2,
30,
-2,
17,
-1,
14974,
-2,
30,
-2,
17,
-1,
14975,
-2,
30,
-2,
17,
-1,
14976,
-2,
30,
-2,
17,
-1,
14977,
-2,
30,
-2,
17,
-1,
14978,
-2,
30,
-2,
17,
-1,
14979,
-2,
30,
-2,
17,
-1,
14980,
-2,
30,
-2,
17,
-1,
14981,
-2,
30,
-2,
17,
-1,
14982,
-2,
30,
-2,
17,
-1,
14983,
-2,
30,
-2,
17,
-1,
14984,
-2,
30,
-2,
17,
-1,
14985,
-2,
30,
-2,
17,
-1,
14986,
-2,
30,
-2,
17,
-1,
14987,
-2,
30,
-2,
17,
-1,
14988,
-2,
30,
-2,
31,
-1,
14989,
-2,
30,
-2,
31,
-1,
14990,
-2,
30,
-2,
31,
-1,
14991,
-2,
30,
-2,
31,
-1,
14992,
-2,
30,
-2,
31,
-1,
14993,
-2,
30,
-2,
31,
-1,
14994,
-2,
30,
-2,
31,
-1,
14995,
-2,
30,
-2,
31,
-1,
14996,
-2,
30,
-2,
31,
-1,
14997,
-2,
30,
-2,
31,
-1,
14998,
-2,
30,
-2,
31,
-1,
14999,
-2,
30,
-2,
31,
-1,
15000,
-2,
30,
-2,
31,
