-1,
15001,
-2,
30,
-2,
31,
-1,
15002,
-2,
30,
-2,
31,
-1,
15003,
-2,
30,
-2,
31,
-1,
15004,
-2,
30,
-2,
31,
-1,
15005,
-2,
30,
-2,
31,
-1,
15006,
-2,
30,
-2,
17,
-1,
15007,
-2,
30,
-2,
17,
-1,
15008,
-2,
30,
-2,
17,
-1,
15009,
-2,
30,
-2,
17,
-1,
15010,
-2,
30,
-2,
17,
-1,
15011,
-2,
30,
-2,
17,
-1,
15012,
-2,
30,
-2,
17,
-1,
15013,
-2,
30,
-2,
17,
-1,
15014,
-2,
30,
-2,
17,
-1,
15015,
-2,
30,
-2,
17,
-1,
15016,
-2,
30,
-2,
17,
-1,
15017,
-2,
30,
-2,
17,
-1,
15018,
-2,
30,
-2,
17,
-1,
15019,
-2,
30,
-2,
17,
-1,
15020,
-2,
30,
-2,
17,
-1,
15021,
-2,
30,
-2,
17,
-1,
15022,
-2,
30,
-2,
17,
-1,
15023,
-2,
30,
-2,
17,
-1,
15024,
-2,
30,
-2,
17,
-1,
15025,
-2,
30,
-2,
17,
-1,
15026,
-2,
30,
-2,
17,
-1,
15027,
-2,
30,
-2,
17,
-1,
15028,
-2,
30,
-2,
17,
-1,
15029,
-2,
30,
-2,
17,
-1,
15030,
-2,
30,
-2,
17,
-1,
15031,
-2,
30,
-2,
17,
-1,
15032,
-2,
30,
-2,
17,
-1,
15033,
-2,
30,
-2,
17,
-1,
15034,
-2,
30,
-2,
17,
-1,
15035,
-2,
30,
-2,
17,
-1,
15036,
-2,
30,
-2,
17,
-1,
15037,
-2,
30,
-2,
17,
-1,
15038,
-2,
30,
-2,
17,
-1,
15039,
-2,
30,
-2,
17,
-1,
15040,
-2,
30,
-2,
17,
-1,
15041,
-2,
30,
-2,
17,
-1,
15042,
-2,
30,
-2,
17,
-1,
15043,
-2,
30,
-2,
17,
-1,
15044,
-2,
30,
-2,
17,
-1,
15045,
-2,
30,
-2,
17,
-1,
15046,
-2,
30,
-2,
17,
-1,
15047,
-2,
30,
-2,
17,
-1,
15048,
-2,
30,
-2,
17,
-1,
15049,
-2,
30,
-2,
17,
-1,
15050,
-2,
30,
-2,
17,
-1,
15051,
-2,
30,
-2,
17,
-1,
15052,
-2,
30,
-2,
17,
-1,
15053,
-2,
30,
-2,
17,
-1,
15054,
-2,
30,
-2,
17,
-1,
15055,
-2,
30,
-2,
17,
-1,
15056,
-2,
30,
-2,
31,
-1,
15057,
-2,
30,
-2,
31,
-1,
15058,
-2,
30,
-2,
31,
-1,
15059,
-2,
30,
-2,
31,
-1,
15060,
-2,
30,
-2,
31,
-1,
15061,
-2,
30,
-2,
31,
-1,
15062,
-2,
30,
-2,
31,
-1,
15063,
-2,
30,
-2,
31,
-1,
15064,
-2,
30,
-2,
31,
-1,
15065,
-2,
30,
-2,
31,
-1,
15066,
-2,
30,
-2,
31,
-1,
15067,
-2,
30,
-2,
31,
-1,
15068,
-2,
30,
-2,
31,
-1,
15069,
-2,
30,
-2,
31,
-1,
15070,
-2,
30,
-2,
31,
-1,
15071,
-2,
30,
-2,
31,
-1,
15072,
-2,
30,
-2,
31,
-1,
15073,
-2,
30,
-2,
31,
-1,
15074,
-2,
30,
-2,
31,
-1,
15075,
-2,
30,
-2,
31,
-1,
15076,
-2,
30,
-2,
31,
-1,
15077,
-2,
30,
-2,
31,
-1,
15078,
-2,
30,
-2,
31,
-1,
15079,
-2,
30,
-2,
31,
-1,
15080,
-2,
30,
-2,
31,
-1,
15081,
-2,
30,
-2,
31,
-1,
15082,
-2,
30,
-2,
31,
-1,
15083,
-2,
30,
-2,
31,
-1,
15084,
-2,
30,
-2,
31,
-1,
15085,
-2,
30,
-2,
31,
-1,
15086,
-2,
30,
-2,
31,
-1,
15087,
-2,
30,
-2,
31,
-1,
15088,
-2,
30,
-2,
31,
-1,
15089,
-2,
30,
-2,
31,
-1,
15090,
-2,
30,
-2,
31,
-1,
15091,
-2,
30,
-2,
31,
-1,
15092,
-2,
30,
-2,
31,
-1,
15093,
-2,
30,
-2,
31,
-1,
15094,
-2,
30,
-2,
31,
-1,
15095,
-2,
30,
-2,
31,
-1,
15096,
-2,
30,
-2,
31,
-1,
15097,
-2,
30,
-2,
31,
-1,
15098,
-2,
30,
-2,
31,
-1,
15099,
-2,
30,
-2,
31,
-1,
15100,
-2,
30,
-2,
31,
-1,
15101,
-2,
30,
-2,
31,
-1,
15102,
-2,
30,
-2,
31,
-1,
15103,
-2,
30,
-2,
31,
-1,
15104,
-2,
30,
-2,
31,
-1,
15105,
-2,
30,
-2,
31,
-1,
15106,
-2,
30,
-2,
31,
-1,
15107,
-2,
30,
-2,
31,
-1,
15108,
-2,
30,
-2,
31,
-1,
15109,
-2,
30,
-2,
31,
-1,
15110,
-2,
30,
-2,
31,
-1,
15111,
-2,
30,
-2,
31,
-1,
15112,
-2,
30,
-2,
31,
-1,
15113,
-2,
30,
-2,
31,
-1,
15114,
-2,
30,
-2,
31,
-1,
15115,
-2,
30,
-2,
31,
-1,
15116,
-2,
30,
-2,
31,
-1,
15117,
-2,
30,
-2,
31,
-1,
15118,
-2,
30,
-2,
31,
-1,
15119,
-2,
30,
-2,
31,
-1,
15120,
-2,
30,
-2,
31,
