-1,
15121,
-2,
30,
-2,
31,
-1,
15122,
-2,
30,
-2,
31,
-1,
15123,
-2,
30,
-2,
31,
-1,
15124,
-2,
30,
-2,
31,
-1,
15125,
-2,
30,
-2,
31,
-1,
15126,
-2,
30,
-2,
31,
-1,
15127,
-2,
30,
-2,
31,
-1,
15128,
-2,
30,
-2,
31,
-1,
15129,
-2,
30,
-2,
31,
-1,
15130,
-2,
30,
-2,
31,
-1,
15131,
-2,
30,
-2,
31,
-1,
15132,
-2,
30,
-2,
31,
-1,
15133,
-2,
30,
-2,
31,
-1,
15134,
-2,
30,
-2,
31,
-1,
15135,
-2,
30,
-2,
17,
-1,
15136,
-2,
30,
-2,
17,
-1,
15137,
-2,
30,
-2,
17,
-1,
15138,
-2,
30,
-2,
17,
-1,
15139,
-2,
30,
-2,
17,
-1,
15140,
-2,
30,
-2,
17,
-1,
15141,
-2,
30,
-2,
17,
-1,
15142,
-2,
30,
-2,
17,
-1,
15143,
-2,
30,
-2,
17,
-1,
15144,
-2,
30,
-2,
17,
-1,
15145,
-2,
30,
-2,
17,
-1,
15146,
-2,
30,
-2,
17,
-1,
15147,
-2,
30,
-2,
17,
-1,
15148,
-2,
30,
-2,
17,
-1,
15149,
-2,
30,
-2,
17,
-1,
15150,
-2,
30,
-2,
17,
-1,
15151,
-2,
30,
-2,
17,
-1,
15152,
-2,
30,
-2,
17,
-1,
15153,
-2,
30,
-2,
17,
-1,
15154,
-2,
30,
-2,
17,
-1,
15155,
-2,
30,
-2,
17,
-1,
15156,
-2,
30,
-2,
17,
-1,
15157,
-2,
30,
-2,
17,
-1,
15158,
-2,
30,
-2,
17,
-1,
15159,
-2,
30,
-2,
17,
-1,
15160,
-2,
30,
-2,
31,
-1,
15161,
-2,
30,
-2,
31,
-1,
15162,
-2,
30,
-2,
31,
-1,
15163,
-2,
30,
-2,
31,
-1,
15164,
-2,
30,
-2,
17,
-1,
15165,
-2,
30,
-2,
17,
-1,
15166,
-2,
30,
-2,
17,
-1,
15167,
-2,
30,
-2,
17,
-1,
15168,
-2,
30,
-2,
17,
-1,
15169,
-2,
30,
-2,
17,
-1,
15170,
-2,
30,
-2,
17,
-1,
15171,
-2,
30,
-2,
17,
-1,
15172,
-2,
30,
-2,
17,
-1,
15173,
-2,
30,
-2,
17,
-1,
15174,
-2,
30,
-2,
17,
-1,
15175,
-2,
30,
-2,
17,
-1,
15176,
-2,
30,
-2,
17,
-1,
15177,
-2,
30,
-2,
17,
-1,
15178,
-2,
30,
-2,
17,
-1,
15179,
-2,
30,
-2,
17,
-1,
15180,
-2,
30,
-2,
17,
-1,
15181,
-2,
30,
-2,
17,
-1,
15182,
-2,
30,
-2,
17,
-1,
15183,
-2,
30,
-2,
17,
-1,
15184,
-2,
30,
-2,
17,
-1,
15185,
-2,
30,
-2,
17,
-1,
15186,
-2,
30,
-2,
17,
-1,
15187,
-2,
30,
-2,
17,
-1,
15188,
-2,
30,
-2,
17,
-1,
15189,
-2,
30,
-2,
17,
-1,
15190,
-2,
30,
-2,
17,
-1,
15191,
-2,
30,
-2,
17,
-1,
15192,
-2,
30,
-2,
17,
-1,
15193,
-2,
30,
-2,
17,
-1,
15194,
-2,
30,
-2,
17,
-1,
15195,
-2,
30,
-2,
17,
-1,
15196,
-2,
30,
-2,
17,
-1,
15197,
-2,
30,
-2,
17,
-1,
15198,
-2,
30,
-2,
17,
-1,
15199,
-2,
30,
-2,
17,
-1,
15200,
-2,
30,
-2,
17,
-1,
15201,
-2,
30,
-2,
17,
-1,
15202,
-2,
30,
-2,
17,
-1,
15203,
-2,
30,
-2,
17,
-1,
15204,
-2,
30,
-2,
17,
-1,
15205,
-2,
30,
-2,
17,
-1,
15206,
-2,
30,
-2,
17,
-1,
15207,
-2,
30,
-2,
17,
-1,
15208,
-2,
30,
-2,
17,
-1,
15209,
-2,
30,
-2,
17,
-1,
15210,
-2,
30,
-2,
17,
-1,
15211,
-2,
30,
-2,
17,
-1,
15212,
-2,
30,
-2,
17,
-1,
15213,
-2,
30,
-2,
17,
-1,
15214,
-2,
30,
-2,
17,
-1,
15215,
-2,
30,
-2,
17,
-1,
15216,
-2,
30,
-2,
17,
-1,
15217,
-2,
30,
-2,
17,
-1,
15218,
-2,
30,
-2,
17,
-1,
15219,
-2,
30,
-2,
17,
-1,
15220,
-2,
30,
-2,
17,
-1,
15221,
-2,
30,
-2,
17,
-1,
15222,
-2,
30,
-2,
17,
-1,
15223,
-2,
30,
-2,
17,
-1,
15224,
-2,
30,
-2,
17,
-1,
15225,
-2,
30,
-2,
17,
-1,
15226,
-2,
30,
-2,
17,
-1,
15227,
-2,
30,
-2,
17,
-1,
15228,
-2,
30,
-2,
17,
-1,
15229,
-2,
30,
-2,
17,
-1,
15230,
-2,
30,
-2,
17,
-1,
15231,
-2,
30,
-2,
17,
-1,
15232,
-2,
30,
-2,
17,
-1,
15233,
-2,
30,
-2,
17,
-1,
15234,
-2,
30,
-2,
17,
-1,
15235,
-2,
30,
-2,
17,
-1,
15236,
-2,
30,
-2,
17,
-1,
15237,
-2,
30,
-2,
17,
-1,
15238,
-2,
30,
-2,
17,
-1,
15239,
-2,
30,
-2,
17,
-1,
15240,
-2,
30,
-2,
17,
