-1,
15241,
-2,
30,
-2,
17,
-1,
15242,
-2,
30,
-2,
17,
-1,
15243,
-2,
30,
-2,
17,
-1,
15244,
-2,
30,
-2,
17,
-1,
15245,
-2,
30,
-2,
17,
-1,
15246,
-2,
30,
-2,
17,
-1,
15247,
-2,
30,
-2,
17,
-1,
15248,
-2,
30,
-2,
17,
-1,
15249,
-2,
30,
-2,
17,
-1,
15250,
-2,
30,
-2,
17,
-1,
15251,
-2,
30,
-2,
17,
-1,
15252,
-2,
30,
-2,
17,
-1,
15253,
-2,
30,
-2,
31,
-1,
15254,
-2,
30,
-2,
31,
-1,
15255,
-2,
30,
-2,
17,
-1,
15256,
-2,
30,
-2,
17,
-1,
15257,
-2,
30,
-2,
17,
-1,
15258,
-2,
30,
-2,
17,
-1,
15259,
-2,
30,
-2,
17,
-1,
15260,
-2,
30,
-2,
17,
-1,
15261,
-2,
30,
-2,
17,
-1,
15262,
-2,
30,
-2,
17,
-1,
15263,
-2,
30,
-2,
17,
-1,
15264,
-2,
30,
-2,
17,
-1,
15265,
-2,
30,
-2,
17,
-1,
15266,
-2,
30,
-2,
17,
-1,
15267,
-2,
30,
-2,
17,
-1,
15268,
-2,
30,
-2,
17,
-1,
15269,
-2,
30,
-2,
17,
-1,
15270,
-2,
30,
-2,
17,
-1,
15271,
-2,
30,
-2,
17,
-1,
15272,
-2,
30,
-2,
17,
-1,
15273,
-2,
30,
-2,
17,
-1,
15274,
-2,
30,
-2,
17,
-1,
15275,
-2,
30,
-2,
17,
-1,
15276,
-2,
30,
-2,
17,
-1,
15277,
-2,
30,
-2,
17,
-1,
15278,
-2,
30,
-2,
17,
-1,
15279,
-2,
30,
-2,
17,
-1,
15280,
-2,
30,
-2,
31,
-1,
15281,
-2,
30,
-2,
31,
-1,
15282,
-2,
30,
-2,
31,
-1,
15283,
-2,
30,
-2,
31,
-1,
15284,
-2,
30,
-2,
17,
-1,
15285,
-2,
30,
-2,
17,
-1,
15286,
-2,
30,
-2,
17,
-1,
15287,
-2,
30,
-2,
17,
-1,
15288,
-2,
30,
-2,
17,
-1,
15289,
-2,
30,
-2,
17,
-1,
15290,
-2,
30,
-2,
17,
-1,
15291,
-2,
30,
-2,
17,
-1,
15292,
-2,
30,
-2,
17,
-1,
15293,
-2,
30,
-2,
17,
-1,
15294,
-2,
30,
-2,
17,
-1,
15295,
-2,
30,
-2,
17,
-1,
15296,
-2,
30,
-2,
17,
-1,
15297,
-2,
30,
-2,
17,
-1,
15298,
-2,
30,
-2,
17,
-1,
15299,
-2,
30,
-2,
17,
-1,
15300,
-2,
30,
-2,
17,
-1,
15301,
-2,
30,
-2,
17,
-1,
15302,
-2,
30,
-2,
17,
-1,
15303,
-2,
30,
-2,
17,
-1,
15304,
-2,
30,
-2,
17,
-1,
15305,
-2,
30,
-2,
17,
-1,
15306,
-2,
30,
-2,
17,
-1,
15307,
-2,
30,
-2,
17,
-1,
15308,
-2,
30,
-2,
17,
-1,
15309,
-2,
30,
-2,
17,
-1,
15310,
-2,
30,
-2,
17,
-1,
15311,
-2,
30,
-2,
17,
-1,
15312,
-2,
30,
-2,
17,
-1,
15313,
-2,
30,
-2,
17,
-1,
15314,
-2,
30,
-2,
17,
-1,
15315,
-2,
30,
-2,
17,
-1,
15316,
-2,
30,
-2,
17,
-1,
15317,
-2,
30,
-2,
17,
-1,
15318,
-2,
30,
-2,
17,
-1,
15319,
-2,
30,
-2,
17,
-1,
15320,
-2,
30,
-2,
17,
-1,
15321,
-2,
30,
-2,
17,
-1,
15322,
-2,
30,
-2,
17,
-1,
15323,
-2,
30,
-2,
17,
-1,
15324,
-2,
30,
-2,
17,
-1,
15325,
-2,
30,
-2,
31,
-1,
15326,
-2,
30,
-2,
31,
-1,
15327,
-2,
30,
-2,
31,
-1,
15328,
-2,
30,
-2,
31,
-1,
15329,
-2,
30,
-2,
31,
-1,
15330,
-2,
30,
-2,
31,
-1,
15331,
-2,
30,
-2,
31,
-1,
15332,
-2,
30,
-2,
31,
-1,
15333,
-2,
30,
-2,
31,
-1,
15334,
-2,
30,
-2,
31,
-1,
15335,
-2,
30,
-2,
31,
-1,
15336,
-2,
30,
-2,
31,
-1,
15337,
-2,
30,
-2,
31,
-1,
15338,
-2,
30,
-2,
31,
-1,
15339,
-2,
30,
-2,
31,
-1,
15340,
-2,
30,
-2,
31,
-1,
15341,
-2,
30,
-2,
31,
-1,
15342,
-2,
30,
-2,
31,
-1,
15343,
-2,
30,
-2,
31,
-1,
15344,
-2,
30,
-2,
31,
-1,
15345,
-2,
30,
-2,
31,
-1,
15346,
-2,
30,
-2,
31,
-1,
15347,
-2,
30,
-2,
31,
-1,
15348,
-2,
30,
-2,
31,
-1,
15349,
-2,
30,
-2,
31,
-1,
15350,
-2,
30,
-2,
31,
-1,
15351,
-2,
30,
-2,
31,
-1,
15352,
-2,
30,
-2,
31,
-1,
15353,
-2,
30,
-2,
31,
-1,
15354,
-2,
30,
-2,
31,
-1,
15355,
-2,
30,
-2,
31,
-1,
15356,
-2,
30,
-2,
31,
-1,
15357,
-2,
30,
-2,
31,
-1,
15358,
-2,
30,
-2,
31,
-1,
15359,
-2,
30,
-2,
31,
-1,
15360,
-2,
30,
-2,
31,
