-1,
15361,
-2,
30,
-2,
31,
-1,
15362,
-2,
30,
-2,
31,
-1,
15363,
-2,
30,
-2,
31,
-1,
15364,
-2,
30,
-2,
31,
-1,
15365,
-2,
30,
-2,
31,
-1,
15366,
-2,
30,
-2,
31,
-1,
15367,
-2,
30,
-2,
31,
-1,
15368,
-2,
30,
-2,
31,
-1,
15369,
-2,
30,
-2,
31,
-1,
15370,
-2,
30,
-2,
31,
-1,
15371,
-2,
30,
-2,
31,
-1,
15372,
-2,
30,
-2,
31,
-1,
15373,
-2,
30,
-2,
31,
-1,
15374,
-2,
30,
-2,
31,
-1,
15375,
-2,
30,
-2,
31,
-1,
15376,
-2,
30,
-2,
31,
-1,
15377,
-2,
30,
-2,
31,
-1,
15378,
-2,
30,
-2,
31,
-1,
15379,
-2,
30,
-2,
31,
-1,
15380,
-2,
30,
-2,
31,
-1,
15381,
-2,
30,
-2,
31,
-1,
15382,
-2,
30,
-2,
31,
-1,
15383,
-2,
30,
-2,
31,
-1,
15384,
-2,
30,
-2,
31,
-1,
15385,
-2,
30,
-2,
31,
-1,
15386,
-2,
30,
-2,
31,
-1,
15387,
-2,
30,
-2,
31,
-1,
15388,
-2,
30,
-2,
31,
-1,
15389,
-2,
30,
-2,
31,
-1,
15390,
-2,
30,
-2,
31,
-1,
15391,
-2,
30,
-2,
31,
-1,
15392,
-2,
30,
-2,
31,
-1,
15393,
-2,
30,
-2,
31,
-1,
15394,
-2,
30,
-2,
31,
-1,
15395,
-2,
30,
-2,
31,
-1,
15396,
-2,
30,
-2,
31,
-1,
15397,
-2,
30,
-2,
31,
-1,
15398,
-2,
30,
-2,
31,
-1,
15399,
-2,
30,
-2,
31,
-1,
15400,
-2,
30,
-2,
31,
-1,
15401,
-2,
30,
-2,
31,
-1,
15402,
-2,
30,
-2,
31,
-1,
15403,
-2,
30,
-2,
31,
-1,
15404,
-2,
30,
-2,
17,
-1,
15405,
-2,
30,
-2,
17,
-1,
15406,
-2,
30,
-2,
17,
-1,
15407,
-2,
30,
-2,
17,
-1,
15408,
-2,
30,
-2,
17,
-1,
15409,
-2,
30,
-2,
17,
-1,
15410,
-2,
30,
-2,
17,
-1,
15411,
-2,
30,
-2,
17,
-1,
15412,
-2,
30,
-2,
17,
-1,
15413,
-2,
30,
-2,
17,
-1,
15414,
-2,
30,
-2,
17,
-1,
15415,
-2,
30,
-2,
17,
-1,
15416,
-2,
30,
-2,
17,
-1,
15417,
-2,
30,
-2,
17,
-1,
15418,
-2,
30,
-2,
17,
-1,
15419,
-2,
30,
-2,
31,
-1,
15420,
-2,
30,
-2,
31,
-1,
15421,
-2,
30,
-2,
31,
-1,
15422,
-2,
30,
-2,
31,
-1,
15423,
-2,
30,
-2,
31,
-1,
15424,
-2,
30,
-2,
17,
-1,
15425,
-2,
30,
-2,
17,
-1,
15426,
-2,
30,
-2,
17,
-1,
15427,
-2,
30,
-2,
17,
-1,
15428,
-2,
30,
-2,
17,
-1,
15429,
-2,
30,
-2,
17,
-1,
15430,
-2,
30,
-2,
17,
-1,
15431,
-2,
30,
-2,
17,
-1,
15432,
-2,
30,
-2,
17,
-1,
15433,
-2,
30,
-2,
17,
-1,
15434,
-2,
30,
-2,
17,
-1,
15435,
-2,
30,
-2,
17,
-1,
15436,
-2,
30,
-2,
17,
-1,
15437,
-2,
30,
-2,
17,
-1,
15438,
-2,
30,
-2,
17,
-1,
15439,
-2,
30,
-2,
17,
-1,
15440,
-2,
30,
-2,
17,
-1,
15441,
-2,
30,
-2,
17,
-1,
15442,
-2,
30,
-2,
17,
-1,
15443,
-2,
30,
-2,
17,
-1,
15444,
-2,
30,
-2,
17,
-1,
15445,
-2,
30,
-2,
17,
-1,
15446,
-2,
30,
-2,
17,
-1,
15447,
-2,
30,
-2,
17,
-1,
15448,
-2,
30,
-2,
17,
-1,
15449,
-2,
30,
-2,
17,
-1,
15450,
-2,
30,
-2,
17,
-1,
15451,
-2,
30,
-2,
17,
-1,
15452,
-2,
30,
-2,
17,
-1,
15453,
-2,
30,
-2,
17,
-1,
15454,
-2,
30,
-2,
17,
-1,
15455,
-2,
30,
-2,
17,
-1,
15456,
-2,
30,
-2,
17,
-1,
15457,
-2,
30,
-2,
17,
-1,
15458,
-2,
30,
-2,
17,
-1,
15459,
-2,
30,
-2,
17,
-1,
15460,
-2,
30,
-2,
17,
-1,
15461,
-2,
30,
-2,
17,
-1,
15462,
-2,
30,
-2,
17,
-1,
15463,
-2,
30,
-2,
17,
-1,
15464,
-2,
30,
-2,
17,
-1,
15465,
-2,
30,
-2,
17,
-1,
15466,
-2,
30,
-2,
17,
-1,
15467,
-2,
30,
-2,
17,
-1,
15468,
-2,
30,
-2,
17,
-1,
15469,
-2,
30,
-2,
17,
-1,
15470,
-2,
30,
-2,
17,
-1,
15471,
-2,
30,
-2,
17,
-1,
15472,
-2,
30,
-2,
17,
-1,
15473,
-2,
30,
-2,
17,
-1,
15474,
-2,
30,
-2,
17,
-1,
15475,
-2,
30,
-2,
17,
-1,
15476,
-2,
30,
-2,
17,
-1,
15477,
-2,
30,
-2,
17,
-1,
15478,
-2,
30,
-2,
17,
-1,
15479,
-2,
30,
-2,
17,
-1,
15480,
-2,
30,
-2,
17,
