-1,
15481,
-2,
30,
-2,
17,
-1,
15482,
-2,
30,
-2,
17,
-1,
15483,
-2,
30,
-2,
17,
-1,
15484,
-2,
30,
-2,
17,
-1,
15485,
-2,
30,
-2,
17,
-1,
15486,
-2,
30,
-2,
17,
-1,
15487,
-2,
30,
-2,
17,
-1,
15488,
-2,
30,
-2,
17,
-1,
15489,
-2,
30,
-2,
17,
-1,
15490,
-2,
30,
-2,
17,
-1,
15491,
-2,
30,
-2,
17,
-1,
15492,
-2,
30,
-2,
17,
-1,
15493,
-2,
30,
-2,
17,
-1,
15494,
-2,
30,
-2,
17,
-1,
15495,
-2,
30,
-2,
17,
-1,
15496,
-2,
30,
-2,
17,
-1,
15497,
-2,
30,
-2,
17,
-1,
15498,
-2,
30,
-2,
17,
-1,
15499,
-2,
30,
-2,
17,
-1,
15500,
-2,
30,
-2,
17,
-1,
15501,
-2,
30,
-2,
17,
-1,
15502,
-2,
30,
-2,
17,
-1,
15503,
-2,
30,
-2,
17,
-1,
15504,
-2,
30,
-2,
17,
-1,
15505,
-2,
30,
-2,
17,
-1,
15506,
-2,
30,
-2,
17,
-1,
15507,
-2,
30,
-2,
17,
-1,
15508,
-2,
30,
-2,
17,
-1,
15509,
-2,
30,
-2,
17,
-1,
15510,
-2,
30,
-2,
17,
-1,
15511,
-2,
30,
-2,
17,
-1,
15512,
-2,
30,
-2,
17,
-1,
15513,
-2,
30,
-2,
17,
-1,
15514,
-2,
30,
-2,
17,
-1,
15515,
-2,
30,
-2,
17,
-1,
15516,
-2,
30,
-2,
17,
-1,
15517,
-2,
30,
-2,
17,
-1,
15518,
-2,
30,
-2,
17,
-1,
15519,
-2,
30,
-2,
17,
-1,
15520,
-2,
30,
-2,
17,
-1,
15521,
-2,
30,
-2,
17,
-1,
15522,
-2,
30,
-2,
31,
-1,
15523,
-2,
30,
-2,
31,
-1,
15524,
-2,
30,
-2,
17,
-1,
15525,
-2,
30,
-2,
17,
-1,
15526,
-2,
30,
-2,
17,
-1,
15527,
-2,
30,
-2,
17,
-1,
15528,
-2,
30,
-2,
17,
-1,
15529,
-2,
30,
-2,
17,
-1,
15530,
-2,
30,
-2,
17,
-1,
15531,
-2,
30,
-2,
17,
-1,
15532,
-2,
30,
-2,
17,
-1,
15533,
-2,
30,
-2,
17,
-1,
15534,
-2,
30,
-2,
17,
-1,
15535,
-2,
30,
-2,
17,
-1,
15536,
-2,
30,
-2,
17,
-1,
15537,
-2,
30,
-2,
17,
-1,
15538,
-2,
30,
-2,
17,
-1,
15539,
-2,
30,
-2,
31,
-1,
15540,
-2,
30,
-2,
31,
-1,
15541,
-2,
30,
-2,
31,
-1,
15542,
-2,
30,
-2,
31,
-1,
15543,
-2,
30,
-2,
31,
-1,
15544,
-2,
30,
-2,
17,
-1,
15545,
-2,
30,
-2,
17,
-1,
15546,
-2,
30,
-2,
17,
-1,
15547,
-2,
30,
-2,
17,
-1,
15548,
-2,
30,
-2,
17,
-1,
15549,
-2,
30,
-2,
17,
-1,
15550,
-2,
30,
-2,
17,
-1,
15551,
-2,
30,
-2,
17,
-1,
15552,
-2,
30,
-2,
17,
-1,
15553,
-2,
30,
-2,
17,
-1,
15554,
-2,
30,
-2,
17,
-1,
15555,
-2,
30,
-2,
17,
-1,
15556,
-2,
30,
-2,
17,
-1,
15557,
-2,
30,
-2,
17,
-1,
15558,
-2,
30,
-2,
17,
-1,
15559,
-2,
30,
-2,
17,
-1,
15560,
-2,
30,
-2,
17,
-1,
15561,
-2,
30,
-2,
17,
-1,
15562,
-2,
30,
-2,
17,
-1,
15563,
-2,
30,
-2,
17,
-1,
15564,
-2,
30,
-2,
17,
-1,
15565,
-2,
30,
-2,
17,
-1,
15566,
-2,
30,
-2,
17,
-1,
15567,
-2,
30,
-2,
17,
-1,
15568,
-2,
30,
-2,
17,
-1,
15569,
-2,
30,
-2,
17,
-1,
15570,
-2,
30,
-2,
17,
-1,
15571,
-2,
30,
-2,
17,
-1,
15572,
-2,
30,
-2,
17,
-1,
15573,
-2,
30,
-2,
17,
-1,
15574,
-2,
30,
-2,
17,
-1,
15575,
-2,
30,
-2,
17,
-1,
15576,
-2,
30,
-2,
17,
-1,
15577,
-2,
30,
-2,
17,
-1,
15578,
-2,
30,
-2,
17,
-1,
15579,
-2,
30,
-2,
17,
-1,
15580,
-2,
30,
-2,
31,
-1,
15581,
-2,
30,
-2,
31,
-1,
15582,
-2,
30,
-2,
31,
-1,
15583,
-2,
30,
-2,
31,
-1,
15584,
-2,
30,
-2,
31,
-1,
15585,
-2,
30,
-2,
31,
-1,
15586,
-2,
30,
-2,
31,
-1,
15587,
-2,
30,
-2,
31,
-1,
15588,
-2,
30,
-2,
31,
-1,
15589,
-2,
30,
-2,
31,
-1,
15590,
-2,
30,
-2,
31,
-1,
15591,
-2,
30,
-2,
31,
-1,
15592,
-2,
30,
-2,
31,
-1,
15593,
-2,
30,
-2,
31,
-1,
15594,
-2,
30,
-2,
31,
-1,
15595,
-2,
30,
-2,
31,
-1,
15596,
-2,
30,
-2,
31,
-1,
15597,
-2,
30,
-2,
31,
-1,
15598,
-2,
30,
-2,
31,
-1,
15599,
-2,
30,
-2,
31,
-1,
15600,
-2,
30,
-2,
31,
