-1,
15601,
-2,
30,
-2,
31,
-1,
15602,
-2,
30,
-2,
31,
-1,
15603,
-2,
30,
-2,
31,
-1,
15604,
-2,
30,
-2,
31,
-1,
15605,
-2,
30,
-2,
31,
-1,
15606,
-2,
30,
-2,
31,
-1,
15607,
-2,
30,
-2,
31,
-1,
15608,
-2,
30,
-2,
31,
-1,
15609,
-2,
30,
-2,
31,
-1,
15610,
-2,
30,
-2,
31,
-1,
15611,
-2,
30,
-2,
31,
-1,
15612,
-2,
30,
-2,
31,
-1,
15613,
-2,
30,
-2,
31,
-1,
15614,
-2,
30,
-2,
31,
-1,
15615,
-2,
30,
-2,
31,
-1,
15616,
-2,
30,
-2,
31,
-1,
15617,
-2,
30,
-2,
31,
-1,
15618,
-2,
30,
-2,
31,
-1,
15619,
-2,
30,
-2,
31,
-1,
15620,
-2,
30,
-2,
31,
-1,
15621,
-2,
30,
-2,
31,
-1,
15622,
-2,
30,
-2,
31,
-1,
15623,
-2,
30,
-2,
31,
-1,
15624,
-2,
30,
-2,
31,
-1,
15625,
-2,
30,
-2,
31,
-1,
15626,
-2,
30,
-2,
31,
-1,
15627,
-2,
30,
-2,
31,
-1,
15628,
-2,
30,
-2,
31,
-1,
15629,
-2,
30,
-2,
31,
-1,
15630,
-2,
30,
-2,
31,
-1,
15631,
-2,
30,
-2,
31,
-1,
15632,
-2,
30,
-2,
31,
-1,
15633,
-2,
30,
-2,
31,
-1,
15634,
-2,
30,
-2,
31,
-1,
15635,
-2,
30,
-2,
31,
-1,
15636,
-2,
30,
-2,
31,
-1,
15637,
-2,
30,
-2,
31,
-1,
15638,
-2,
30,
-2,
31,
-1,
15639,
-2,
30,
-2,
31,
-1,
15640,
-2,
30,
-2,
31,
-1,
15641,
-2,
30,
-2,
31,
-1,
15642,
-2,
30,
-2,
31,
-1,
15643,
-2,
30,
-2,
31,
-1,
15644,
-2,
30,
-2,
31,
-1,
15645,
-2,
30,
-2,
31,
-1,
15646,
-2,
30,
-2,
31,
-1,
15647,
-2,
30,
-2,
31,
-1,
15648,
-2,
30,
-2,
31,
-1,
15649,
-2,
30,
-2,
31,
-1,
15650,
-2,
30,
-2,
31,
-1,
15651,
-2,
30,
-2,
31,
-1,
15652,
-2,
30,
-2,
31,
-1,
15653,
-2,
30,
-2,
31,
-1,
15654,
-2,
30,
-2,
31,
-1,
15655,
-2,
30,
-2,
31,
-1,
15656,
-2,
30,
-2,
31,
-1,
15657,
-2,
30,
-2,
31,
-1,
15658,
-2,
30,
-2,
31,
-1,
15659,
-2,
30,
-2,
31,
-1,
15660,
-2,
30,
-2,
31,
-1,
15661,
-2,
30,
-2,
31,
-1,
15662,
-2,
30,
-2,
31,
-1,
15663,
-2,
30,
-2,
31,
-1,
15664,
-2,
30,
-2,
17,
-1,
15665,
-2,
30,
-2,
17,
-1,
15666,
-2,
30,
-2,
17,
-1,
15667,
-2,
30,
-2,
17,
-1,
15668,
-2,
30,
-2,
17,
-1,
15669,
-2,
30,
-2,
17,
-1,
15670,
-2,
30,
-2,
17,
-1,
15671,
-2,
30,
-2,
17,
-1,
15672,
-2,
30,
-2,
17,
-1,
15673,
-2,
30,
-2,
17,
-1,
15674,
-2,
30,
-2,
17,
-1,
15675,
-2,
30,
-2,
17,
-1,
15676,
-2,
30,
-2,
17,
-1,
15677,
-2,
30,
-2,
17,
-1,
15678,
-2,
30,
-2,
17,
-1,
15679,
-2,
30,
-2,
17,
-1,
15680,
-2,
30,
-2,
17,
-1,
15681,
-2,
30,
-2,
17,
-1,
15682,
-2,
30,
-2,
17,
-1,
15683,
-2,
30,
-2,
17,
-1,
15684,
-2,
30,
-2,
17,
-1,
15685,
-2,
30,
-2,
17,
-1,
15686,
-2,
30,
-2,
17,
-1,
15687,
-2,
30,
-2,
17,
-1,
15688,
-2,
30,
-2,
17,
-1,
15689,
-2,
30,
-2,
17,
-1,
15690,
-2,
30,
-2,
17,
-1,
15691,
-2,
30,
-2,
17,
-1,
15692,
-2,
30,
-2,
17,
-1,
15693,
-2,
30,
-2,
17,
-1,
15694,
-2,
30,
-2,
17,
-1,
15695,
-2,
30,
-2,
17,
-1,
15696,
-2,
30,
-2,
17,
-1,
15697,
-2,
30,
-2,
17,
-1,
15698,
-2,
30,
-2,
17,
-1,
15699,
-2,
30,
-2,
17,
-1,
15700,
-2,
30,
-2,
17,
-1,
15701,
-2,
30,
-2,
17,
-1,
15702,
-2,
30,
-2,
17,
-1,
15703,
-2,
30,
-2,
17,
-1,
15704,
-2,
30,
-2,
17,
-1,
15705,
-2,
30,
-2,
17,
-1,
15706,
-2,
30,
-2,
17,
-1,
15707,
-2,
30,
-2,
17,
-1,
15708,
-2,
30,
-2,
17,
-1,
15709,
-2,
30,
-2,
17,
-1,
15710,
-2,
30,
-2,
17,
-1,
15711,
-2,
30,
-2,
17,
-1,
15712,
-2,
30,
-2,
17,
-1,
15713,
-2,
30,
-2,
17,
-1,
15714,
-2,
30,
-2,
17,
-1,
15715,
-2,
30,
-2,
17,
-1,
15716,
-2,
30,
-2,
17,
-1,
15717,
-2,
30,
-2,
17,
-1,
15718,
-2,
30,
-2,
17,
-1,
15719,
-2,
30,
-2,
17,
-1,
15720,
-2,
30,
-2,
17,
