-1,
15721,
-2,
30,
-2,
17,
-1,
15722,
-2,
30,
-2,
17,
-1,
15723,
-2,
30,
-2,
17,
-1,
15724,
-2,
30,
-2,
17,
-1,
15725,
-2,
30,
-2,
17,
-1,
15726,
-2,
30,
-2,
17,
-1,
15727,
-2,
30,
-2,
17,
-1,
15728,
-2,
30,
-2,
17,
-1,
15729,
-2,
30,
-2,
17,
-1,
15730,
-2,
30,
-2,
17,
-1,
15731,
-2,
30,
-2,
17,
-1,
15732,
-2,
30,
-2,
17,
-1,
15733,
-2,
30,
-2,
17,
-1,
15734,
-2,
30,
-2,
17,
-1,
15735,
-2,
30,
-2,
17,
-1,
15736,
-2,
30,
-2,
17,
-1,
15737,
-2,
30,
-2,
17,
-1,
15738,
-2,
30,
-2,
17,
-1,
15739,
-2,
30,
-2,
17,
-1,
15740,
-2,
30,
-2,
17,
-1,
15741,
-2,
30,
-2,
17,
-1,
15742,
-2,
30,
-2,
17,
-1,
15743,
-2,
30,
-2,
17,
-1,
15744,
-2,
30,
-2,
17,
-1,
15745,
-2,
30,
-2,
17,
-1,
15746,
-2,
30,
-2,
17,
-1,
15747,
-2,
30,
-2,
17,
-1,
15748,
-2,
30,
-2,
17,
-1,
15749,
-2,
30,
-2,
17,
-1,
15750,
-2,
30,
-2,
17,
-1,
15751,
-2,
30,
-2,
17,
-1,
15752,
-2,
30,
-2,
17,
-1,
15753,
-2,
30,
-2,
17,
-1,
15754,
-2,
30,
-2,
17,
-1,
15755,
-2,
30,
-2,
17,
-1,
15756,
-2,
30,
-2,
17,
-1,
15757,
-2,
30,
-2,
17,
-1,
15758,
-2,
30,
-2,
17,
-1,
15759,
-2,
30,
-2,
17,
-1,
15760,
-2,
30,
-2,
17,
-1,
15761,
-2,
30,
-2,
17,
-1,
15762,
-2,
30,
-2,
17,
-1,
15763,
-2,
30,
-2,
17,
-1,
15764,
-2,
30,
-2,
17,
-1,
15765,
-2,
30,
-2,
17,
-1,
15766,
-2,
30,
-2,
17,
-1,
15767,
-2,
30,
-2,
17,
-1,
15768,
-2,
30,
-2,
17,
-1,
15769,
-2,
30,
-2,
17,
-1,
15770,
-2,
30,
-2,
17,
-1,
15771,
-2,
30,
-2,
17,
-1,
15772,
-2,
30,
-2,
17,
-1,
15773,
-2,
30,
-2,
17,
-1,
15774,
-2,
30,
-2,
17,
-1,
15775,
-2,
30,
-2,
17,
-1,
15776,
-2,
30,
-2,
17,
-1,
15777,
-2,
30,
-2,
17,
-1,
15778,
-2,
30,
-2,
17,
-1,
15779,
-2,
30,
-2,
17,
-1,
15780,
-2,
30,
-2,
17,
-1,
15781,
-2,
30,
-2,
17,
-1,
15782,
-2,
30,
-2,
17,
-1,
15783,
-2,
30,
-2,
31,
-1,
15784,
-2,
30,
-2,
17,
-1,
15785,
-2,
30,
-2,
17,
-1,
15786,
-2,
30,
-2,
17,
-1,
15787,
-2,
30,
-2,
17,
-1,
15788,
-2,
30,
-2,
17,
-1,
15789,
-2,
30,
-2,
17,
-1,
15790,
-2,
30,
-2,
17,
-1,
15791,
-2,
30,
-2,
17,
-1,
15792,
-2,
30,
-2,
17,
-1,
15793,
-2,
30,
-2,
17,
-1,
15794,
-2,
30,
-2,
17,
-1,
15795,
-2,
30,
-2,
17,
-1,
15796,
-2,
30,
-2,
17,
-1,
15797,
-2,
30,
-2,
17,
-1,
15798,
-2,
30,
-2,
17,
-1,
15799,
-2,
30,
-2,
17,
-1,
15800,
-2,
30,
-2,
17,
-1,
15801,
-2,
30,
-2,
17,
-1,
15802,
-2,
30,
-2,
17,
-1,
15803,
-2,
30,
-2,
17,
-1,
15804,
-2,
30,
-2,
17,
-1,
15805,
-2,
30,
-2,
17,
-1,
15806,
-2,
30,
-2,
17,
-1,
15807,
-2,
30,
-2,
17,
-1,
15808,
-2,
30,
-2,
17,
-1,
15809,
-2,
30,
-2,
17,
-1,
15810,
-2,
30,
-2,
17,
-1,
15811,
-2,
30,
-2,
17,
-1,
15812,
-2,
30,
-2,
17,
-1,
15813,
-2,
30,
-2,
17,
-1,
15814,
-2,
30,
-2,
17,
-1,
15815,
-2,
30,
-2,
17,
-1,
15816,
-2,
30,
-2,
17,
-1,
15817,
-2,
30,
-2,
17,
-1,
15818,
-2,
30,
-2,
17,
-1,
15819,
-2,
30,
-2,
17,
-1,
15820,
-2,
30,
-2,
17,
-1,
15821,
-2,
30,
-2,
17,
-1,
15822,
-2,
30,
-2,
17,
-1,
15823,
-2,
30,
-2,
17,
-1,
15824,
-2,
30,
-2,
17,
-1,
15825,
-2,
30,
-2,
17,
-1,
15826,
-2,
30,
-2,
17,
-1,
15827,
-2,
30,
-2,
17,
-1,
15828,
-2,
30,
-2,
17,
-1,
15829,
-2,
30,
-2,
17,
-1,
15830,
-2,
30,
-2,
17,
-1,
15831,
-2,
30,
-2,
17,
-1,
15832,
-2,
30,
-2,
17,
-1,
15833,
-2,
30,
-2,
17,
-1,
15834,
-2,
30,
-2,
17,
-1,
15835,
-2,
30,
-2,
17,
-1,
15836,
-2,
30,
-2,
17,
-1,
15837,
-2,
30,
-2,
17,
-1,
15838,
-2,
30,
-2,
17,
-1,
15839,
-2,
30,
-2,
17,
-1,
15840,
-2,
30,
-2,
17,
