-1,
15841,
-2,
30,
-2,
17,
-1,
15842,
-2,
30,
-2,
17,
-1,
15843,
-2,
30,
-2,
17,
-1,
15844,
-2,
30,
-2,
17,
-1,
15845,
-2,
30,
-2,
17,
-1,
15846,
-2,
30,
-2,
31,
-1,
15847,
-2,
30,
-2,
31,
-1,
15848,
-2,
30,
-2,
31,
-1,
15849,
-2,
30,
-2,
31,
-1,
15850,
-2,
30,
-2,
31,
-1,
15851,
-2,
30,
-2,
31,
-1,
15852,
-2,
30,
-2,
31,
-1,
15853,
-2,
30,
-2,
31,
-1,
15854,
-2,
30,
-2,
31,
-1,
15855,
-2,
30,
-2,
31,
-1,
15856,
-2,
30,
-2,
31,
-1,
15857,
-2,
30,
-2,
31,
-1,
15858,
-2,
30,
-2,
31,
-1,
15859,
-2,
30,
-2,
31,
-1,
15860,
-2,
30,
-2,
31,
-1,
15861,
-2,
30,
-2,
31,
-1,
15862,
-2,
30,
-2,
31,
-1,
15863,
-2,
30,
-2,
31,
-1,
15864,
-2,
30,
-2,
31,
-1,
15865,
-2,
30,
-2,
31,
-1,
15866,
-2,
30,
-2,
31,
-1,
15867,
-2,
30,
-2,
31,
-1,
15868,
-2,
30,
-2,
31,
-1,
15869,
-2,
30,
-2,
31,
-1,
15870,
-2,
30,
-2,
31,
-1,
15871,
-2,
30,
-2,
31,
-1,
15872,
-2,
30,
-2,
31,
-1,
15873,
-2,
30,
-2,
31,
-1,
15874,
-2,
30,
-2,
31,
-1,
15875,
-2,
30,
-2,
31,
-1,
15876,
-2,
30,
-2,
31,
-1,
15877,
-2,
30,
-2,
31,
-1,
15878,
-2,
30,
-2,
31,
-1,
15879,
-2,
30,
-2,
31,
-1,
15880,
-2,
30,
-2,
31,
-1,
15881,
-2,
30,
-2,
31,
-1,
15882,
-2,
30,
-2,
31,
-1,
15883,
-2,
30,
-2,
31,
-1,
15884,
-2,
30,
-2,
31,
-1,
15885,
-2,
30,
-2,
31,
-1,
15886,
-2,
30,
-2,
31,
-1,
15887,
-2,
30,
-2,
31,
-1,
15888,
-2,
30,
-2,
31,
-1,
15889,
-2,
30,
-2,
31,
-1,
15890,
-2,
30,
-2,
31,
-1,
15891,
-2,
30,
-2,
31,
-1,
15892,
-2,
30,
-2,
31,
-1,
15893,
-2,
30,
-2,
31,
-1,
15894,
-2,
30,
-2,
31,
-1,
15895,
-2,
30,
-2,
31,
-1,
15896,
-2,
30,
-2,
31,
-1,
15897,
-2,
30,
-2,
31,
-1,
15898,
-2,
30,
-2,
31,
-1,
15899,
-2,
30,
-2,
31,
-1,
15900,
-2,
30,
-2,
31,
-1,
15901,
-2,
30,
-2,
31,
-1,
15902,
-2,
30,
-2,
31,
-1,
15903,
-2,
30,
-2,
31,
-1,
15904,
-2,
30,
-2,
31,
-1,
15905,
-2,
30,
-2,
31,
-1,
15906,
-2,
30,
-2,
31,
-1,
15907,
-2,
30,
-2,
31,
-1,
15908,
-2,
30,
-2,
31,
-1,
15909,
-2,
30,
-2,
31,
-1,
15910,
-2,
30,
-2,
31,
-1,
15911,
-2,
30,
-2,
31,
-1,
15912,
-2,
30,
-2,
31,
-1,
15913,
-2,
30,
-2,
31,
-1,
15914,
-2,
30,
-2,
31,
-1,
15915,
-2,
30,
-2,
31,
-1,
15916,
-2,
30,
-2,
31,
-1,
15917,
-2,
30,
-2,
31,
-1,
15918,
-2,
30,
-2,
31,
-1,
15919,
-2,
30,
-2,
31,
-1,
15920,
-2,
30,
-2,
31,
-1,
15921,
-2,
30,
-2,
31,
-1,
15922,
-2,
30,
-2,
31,
-1,
15923,
-2,
30,
-2,
31,
-1,
15924,
-2,
30,
-2,
31,
-1,
15925,
-2,
30,
-2,
31,
-1,
15926,
-2,
30,
-2,
17,
-1,
15927,
-2,
30,
-2,
17,
-1,
15928,
-2,
30,
-2,
17,
-1,
15929,
-2,
30,
-2,
17,
-1,
15930,
-2,
30,
-2,
17,
-1,
15931,
-2,
30,
-2,
17,
-1,
15932,
-2,
30,
-2,
17,
-1,
15933,
-2,
30,
-2,
17,
-1,
15934,
-2,
30,
-2,
17,
-1,
15935,
-2,
30,
-2,
17,
-1,
15936,
-2,
30,
-2,
17,
-1,
15937,
-2,
30,
-2,
17,
-1,
15938,
-2,
30,
-2,
17,
-1,
15939,
-2,
30,
-2,
17,
-1,
15940,
-2,
30,
-2,
17,
-1,
15941,
-2,
30,
-2,
17,
-1,
15942,
-2,
30,
-2,
17,
-1,
15943,
-2,
30,
-2,
17,
-1,
15944,
-2,
30,
-2,
17,
-1,
15945,
-2,
30,
-2,
17,
-1,
15946,
-2,
30,
-2,
17,
-1,
15947,
-2,
30,
-2,
17,
-1,
15948,
-2,
30,
-2,
17,
-1,
15949,
-2,
30,
-2,
17,
-1,
15950,
-2,
30,
-2,
17,
-1,
15951,
-2,
30,
-2,
17,
-1,
15952,
-2,
30,
-2,
17,
-1,
15953,
-2,
30,
-2,
17,
-1,
15954,
-2,
30,
-2,
17,
-1,
15955,
-2,
30,
-2,
17,
-1,
15956,
-2,
30,
-2,
17,
-1,
15957,
-2,
30,
-2,
17,
-1,
15958,
-2,
30,
-2,
17,
-1,
15959,
-2,
30,
-2,
17,
-1,
15960,
-2,
30,
-2,
17,
