-1,
15961,
-2,
30,
-2,
17,
-1,
15962,
-2,
30,
-2,
17,
-1,
15963,
-2,
30,
-2,
17,
-1,
15964,
-2,
30,
-2,
17,
-1,
15965,
-2,
30,
-2,
17,
-1,
15966,
-2,
30,
-2,
31,
-1,
15967,
-2,
30,
-2,
31,
-1,
15968,
-2,
30,
-2,
17,
-1,
15969,
-2,
30,
-2,
17,
-1,
15970,
-2,
30,
-2,
17,
-1,
15971,
-2,
30,
-2,
17,
-1,
15972,
-2,
30,
-2,
17,
-1,
15973,
-2,
30,
-2,
17,
-1,
15974,
-2,
30,
-2,
17,
-1,
15975,
-2,
30,
-2,
17,
-1,
15976,
-2,
30,
-2,
17,
-1,
15977,
-2,
30,
-2,
17,
-1,
15978,
-2,
30,
-2,
17,
-1,
15979,
-2,
30,
-2,
17,
-1,
15980,
-2,
30,
-2,
17,
-1,
15981,
-2,
30,
-2,
17,
-1,
15982,
-2,
30,
-2,
17,
-1,
15983,
-2,
30,
-2,
17,
-1,
15984,
-2,
30,
-2,
17,
-1,
15985,
-2,
30,
-2,
17,
-1,
15986,
-2,
30,
-2,
17,
-1,
15987,
-2,
30,
-2,
17,
-1,
15988,
-2,
30,
-2,
17,
-1,
15989,
-2,
30,
-2,
17,
-1,
15990,
-2,
30,
-2,
17,
-1,
15991,
-2,
30,
-2,
17,
-1,
15992,
-2,
30,
-2,
17,
-1,
15993,
-2,
30,
-2,
17,
-1,
15994,
-2,
30,
-2,
17,
-1,
15995,
-2,
30,
-2,
17,
-1,
15996,
-2,
30,
-2,
17,
-1,
15997,
-2,
30,
-2,
17,
-1,
15998,
-2,
30,
-2,
17,
-1,
15999,
-2,
30,
-2,
17,
-1,
16000,
-2,
30,
-2,
17,
-1,
16001,
-2,
30,
-2,
17,
-1,
16002,
-2,
30,
-2,
17,
-1,
16003,
-2,
30,
-2,
17,
-1,
16004,
-2,
30,
-2,
17,
-1,
16005,
-2,
30,
-2,
17,
-1,
16006,
-2,
30,
-2,
17,
-1,
16007,
-2,
30,
-2,
17,
-1,
16008,
-2,
30,
-2,
17,
-1,
16009,
-2,
30,
-2,
17,
-1,
16010,
-2,
30,
-2,
17,
-1,
16011,
-2,
30,
-2,
17,
-1,
16012,
-2,
30,
-2,
17,
-1,
16013,
-2,
30,
-2,
17,
-1,
16014,
-2,
30,
-2,
17,
-1,
16015,
-2,
30,
-2,
17,
-1,
16016,
-2,
30,
-2,
17,
-1,
16017,
-2,
30,
-2,
17,
-1,
16018,
-2,
30,
-2,
17,
-1,
16019,
-2,
30,
-2,
17,
-1,
16020,
-2,
30,
-2,
17,
-1,
16021,
-2,
30,
-2,
17,
-1,
16022,
-2,
30,
-2,
17,
-1,
16023,
-2,
30,
-2,
17,
-1,
16024,
-2,
30,
-2,
17,
-1,
16025,
-2,
30,
-2,
17,
-1,
16026,
-2,
30,
-2,
17,
-1,
16027,
-2,
30,
-2,
17,
-1,
16028,
-2,
30,
-2,
17,
-1,
16029,
-2,
30,
-2,
17,
-1,
16030,
-2,
30,
-2,
17,
-1,
16031,
-2,
30,
-2,
17,
-1,
16032,
-2,
30,
-2,
17,
-1,
16033,
-2,
30,
-2,
17,
-1,
16034,
-2,
30,
-2,
17,
-1,
16035,
-2,
30,
-2,
17,
-1,
16036,
-2,
30,
-2,
17,
-1,
16037,
-2,
30,
-2,
17,
-1,
16038,
-2,
30,
-2,
17,
-1,
16039,
-2,
30,
-2,
17,
-1,
16040,
-2,
30,
-2,
17,
-1,
16041,
-2,
30,
-2,
17,
-1,
16042,
-2,
30,
-2,
31,
-1,
16043,
-2,
30,
-2,
31,
-1,
16044,
-2,
30,
-2,
31,
-1,
16045,
-2,
30,
-2,
31,
-1,
16046,
-2,
30,
-2,
17,
-1,
16047,
-2,
30,
-2,
17,
-1,
16048,
-2,
30,
-2,
17,
-1,
16049,
-2,
30,
-2,
17,
-1,
16050,
-2,
30,
-2,
17,
-1,
16051,
-2,
30,
-2,
17,
-1,
16052,
-2,
30,
-2,
17,
-1,
16053,
-2,
30,
-2,
17,
-1,
16054,
-2,
30,
-2,
17,
-1,
16055,
-2,
30,
-2,
17,
-1,
16056,
-2,
30,
-2,
17,
-1,
16057,
-2,
30,
-2,
17,
-1,
16058,
-2,
30,
-2,
17,
-1,
16059,
-2,
30,
-2,
17,
-1,
16060,
-2,
30,
-2,
17,
-1,
16061,
-2,
30,
-2,
17,
-1,
16062,
-2,
30,
-2,
17,
-1,
16063,
-2,
30,
-2,
17,
-1,
16064,
-2,
30,
-2,
17,
-1,
16065,
-2,
30,
-2,
17,
-1,
16066,
-2,
30,
-2,
17,
-1,
16067,
-2,
30,
-2,
17,
-1,
16068,
-2,
30,
-2,
17,
-1,
16069,
-2,
30,
-2,
17,
-1,
16070,
-2,
30,
-2,
17,
-1,
16071,
-2,
30,
-2,
17,
-1,
16072,
-2,
30,
-2,
17,
-1,
16073,
-2,
30,
-2,
17,
-1,
16074,
-2,
30,
-2,
17,
-1,
16075,
-2,
30,
-2,
17,
-1,
16076,
-2,
30,
-2,
17,
-1,
16077,
-2,
30,
-2,
17,
-1,
16078,
-2,
30,
-2,
17,
-1,
16079,
-2,
30,
-2,
17,
-1,
16080,
-2,
30,
-2,
17,
