-1,
16081,
-2,
30,
-2,
17,
-1,
16082,
-2,
30,
-2,
17,
-1,
16083,
-2,
30,
-2,
17,
-1,
16084,
-2,
30,
-2,
17,
-1,
16085,
-2,
30,
-2,
17,
-1,
16086,
-2,
30,
-2,
31,
-1,
16087,
-2,
30,
-2,
31,
-1,
16088,
-2,
30,
-2,
17,
-1,
16089,
-2,
30,
-2,
17,
-1,
16090,
-2,
30,
-2,
17,
-1,
16091,
-2,
30,
-2,
17,
-1,
16092,
-2,
30,
-2,
17,
-1,
16093,
-2,
30,
-2,
17,
-1,
16094,
-2,
30,
-2,
17,
-1,
16095,
-2,
30,
-2,
17,
-1,
16096,
-2,
30,
-2,
17,
-1,
16097,
-2,
30,
-2,
17,
-1,
16098,
-2,
30,
-2,
17,
-1,
16099,
-2,
30,
-2,
17,
-1,
16100,
-2,
30,
-2,
17,
-1,
16101,
-2,
30,
-2,
17,
-1,
16102,
-2,
30,
-2,
17,
-1,
16103,
-2,
30,
-2,
17,
-1,
16104,
-2,
30,
-2,
17,
-1,
16105,
-2,
30,
-2,
17,
-1,
16106,
-2,
30,
-2,
17,
-1,
16107,
-2,
30,
-2,
17,
-1,
16108,
-2,
30,
-2,
17,
-1,
16109,
-2,
30,
-2,
17,
-1,
16110,
-2,
30,
-2,
17,
-1,
16111,
-2,
30,
-2,
17,
-1,
16112,
-2,
30,
-2,
17,
-1,
16113,
-2,
30,
-2,
17,
-1,
16114,
-2,
30,
-2,
17,
-1,
16115,
-2,
30,
-2,
17,
-1,
16116,
-2,
30,
-2,
17,
-1,
16117,
-2,
30,
-2,
17,
-1,
16118,
-2,
30,
-2,
17,
-1,
16119,
-2,
30,
-2,
17,
-1,
16120,
-2,
30,
-2,
17,
-1,
16121,
-2,
30,
-2,
17,
-1,
16122,
-2,
30,
-2,
31,
-1,
16123,
-2,
30,
-2,
31,
-1,
16124,
-2,
30,
-2,
31,
-1,
16125,
-2,
30,
-2,
31,
-1,
16126,
-2,
30,
-2,
31,
-1,
16127,
-2,
30,
-2,
31,
-1,
16128,
-2,
30,
-2,
31,
-1,
16129,
-2,
30,
-2,
31,
-1,
16130,
-2,
30,
-2,
31,
-1,
16131,
-2,
30,
-2,
31,
-1,
16132,
-2,
30,
-2,
31,
-1,
16133,
-2,
30,
-2,
31,
-1,
16134,
-2,
30,
-2,
31,
-1,
16135,
-2,
30,
-2,
31,
-1,
16136,
-2,
30,
-2,
31,
-1,
16137,
-2,
30,
-2,
31,
-1,
16138,
-2,
30,
-2,
31,
-1,
16139,
-2,
30,
-2,
31,
-1,
16140,
-2,
30,
-2,
31,
-1,
16141,
-2,
30,
-2,
31,
-1,
16142,
-2,
30,
-2,
31,
-1,
16143,
-2,
30,
-2,
31,
-1,
16144,
-2,
30,
-2,
31,
-1,
16145,
-2,
30,
-2,
31,
-1,
16146,
-2,
30,
-2,
31,
-1,
16147,
-2,
30,
-2,
31,
-1,
16148,
-2,
30,
-2,
31,
-1,
16149,
-2,
30,
-2,
31,
-1,
16150,
-2,
30,
-2,
31,
-1,
16151,
-2,
30,
-2,
31,
-1,
16152,
-2,
30,
-2,
31,
-1,
16153,
-2,
30,
-2,
31,
-1,
16154,
-2,
30,
-2,
31,
-1,
16155,
-2,
30,
-2,
31,
-1,
16156,
-2,
30,
-2,
31,
-1,
16157,
-2,
30,
-2,
31,
-1,
16158,
-2,
30,
-2,
31,
-1,
16159,
-2,
30,
-2,
31,
-1,
16160,
-2,
30,
-2,
31,
-1,
16161,
-2,
30,
-2,
31,
-1,
16162,
-2,
30,
-2,
31,
-1,
16163,
-2,
30,
-2,
31,
-1,
16164,
-2,
30,
-2,
31,
-1,
16165,
-2,
30,
-2,
31,
-1,
16166,
-2,
30,
-2,
31,
-1,
16167,
-2,
30,
-2,
31,
-1,
16168,
-2,
30,
-2,
31,
-1,
16169,
-2,
30,
-2,
31,
-1,
16170,
-2,
30,
-2,
31,
-1,
16171,
-2,
30,
-2,
31,
-1,
16172,
-2,
30,
-2,
31,
-1,
16173,
-2,
30,
-2,
31,
-1,
16174,
-2,
30,
-2,
31,
-1,
16175,
-2,
30,
-2,
31,
-1,
16176,
-2,
30,
-2,
31,
-1,
16177,
-2,
30,
-2,
31,
-1,
16178,
-2,
30,
-2,
31,
-1,
16179,
-2,
30,
-2,
31,
-1,
16180,
-2,
30,
-2,
31,
-1,
16181,
-2,
30,
-2,
31,
-1,
16182,
-2,
30,
-2,
31,
-1,
16183,
-2,
30,
-2,
31,
-1,
16184,
-2,
30,
-2,
31,
-1,
16185,
-2,
30,
-2,
31,
-1,
16186,
-2,
30,
-2,
31,
-1,
16187,
-2,
30,
-2,
31,
-1,
16188,
-2,
30,
-2,
31,
-1,
16189,
-2,
30,
-2,
31,
-1,
16190,
-2,
30,
-2,
31,
-1,
16191,
-2,
30,
-2,
31,
-1,
16192,
-2,
30,
-2,
31,
-1,
16193,
-2,
30,
-2,
31,
-1,
16194,
-2,
30,
-2,
31,
-1,
16195,
-2,
30,
-2,
31,
-1,
16196,
-2,
30,
-2,
31,
-1,
16197,
-2,
30,
-2,
31,
-1,
16198,
-2,
30,
-2,
31,
-1,
16199,
-2,
30,
-2,
31,
-1,
16200,
-2,
30,
-2,
31,
