-1,
16201,
-2,
30,
-2,
31,
-1,
16202,
-2,
30,
-2,
31,
-1,
16203,
-2,
30,
-2,
31,
-1,
16204,
-2,
30,
-2,
31,
-1,
16205,
-2,
30,
-2,
17,
-1,
16206,
-2,
30,
-2,
31,
-1,
16207,
-2,
30,
-2,
31,
-1,
16208,
-2,
30,
-2,
17,
-1,
16209,
-2,
30,
-2,
17,
-1,
16210,
-2,
30,
-2,
17,
-1,
16211,
-2,
30,
-2,
17,
-1,
16212,
-2,
30,
-2,
17,
-1,
16213,
-2,
30,
-2,
17,
-1,
16214,
-2,
30,
-2,
17,
-1,
16215,
-2,
30,
-2,
17,
-1,
16216,
-2,
30,
-2,
17,
-1,
16217,
-2,
30,
-2,
17,
-1,
16218,
-2,
30,
-2,
17,
-1,
16219,
-2,
30,
-2,
17,
-1,
16220,
-2,
30,
-2,
17,
-1,
16221,
-2,
30,
-2,
17,
-1,
16222,
-2,
30,
-2,
17,
-1,
16223,
-2,
30,
-2,
17,
-1,
16224,
-2,
30,
-2,
17,
-1,
16225,
-2,
30,
-2,
17,
-1,
16226,
-2,
30,
-2,
17,
-1,
16227,
-2,
30,
-2,
17,
-1,
16228,
-2,
30,
-2,
17,
-1,
16229,
-2,
30,
-2,
17,
-1,
16230,
-2,
30,
-2,
17,
-1,
16231,
-2,
30,
-2,
17,
-1,
16232,
-2,
30,
-2,
17,
-1,
16233,
-2,
30,
-2,
17,
-1,
16234,
-2,
30,
-2,
17,
-1,
16235,
-2,
30,
-2,
17,
-1,
16236,
-2,
30,
-2,
17,
-1,
16237,
-2,
30,
-2,
17,
-1,
16238,
-2,
30,
-2,
17,
-1,
16239,
-2,
30,
-2,
17,
-1,
16240,
-2,
30,
-2,
17,
-1,
16241,
-2,
30,
-2,
17,
-1,
16242,
-2,
30,
-2,
17,
-1,
16243,
-2,
30,
-2,
17,
-1,
16244,
-2,
30,
-2,
17,
-1,
16245,
-2,
30,
-2,
17,
-1,
16246,
-2,
30,
-2,
17,
-1,
16247,
-2,
30,
-2,
17,
-1,
16248,
-2,
30,
-2,
17,
-1,
16249,
-2,
30,
-2,
17,
-1,
16250,
-2,
30,
-2,
17,
-1,
16251,
-2,
30,
-2,
17,
-1,
16252,
-2,
30,
-2,
17,
-1,
16253,
-2,
30,
-2,
17,
-1,
16254,
-2,
30,
-2,
17,
-1,
16255,
-2,
30,
-2,
17,
-1,
16256,
-2,
30,
-2,
17,
-1,
16257,
-2,
30,
-2,
17,
-1,
16258,
-2,
30,
-2,
17,
-1,
16259,
-2,
30,
-2,
17,
-1,
16260,
-2,
30,
-2,
17,
-1,
16261,
-2,
30,
-2,
17,
-1,
16262,
-2,
30,
-2,
17,
-1,
16263,
-2,
30,
-2,
17,
-1,
16264,
-2,
30,
-2,
17,
-1,
16265,
-2,
30,
-2,
17,
-1,
16266,
-2,
30,
-2,
17,
-1,
16267,
-2,
30,
-2,
17,
-1,
16268,
-2,
30,
-2,
17,
-1,
16269,
-2,
30,
-2,
17,
-1,
16270,
-2,
30,
-2,
17,
-1,
16271,
-2,
30,
-2,
17,
-1,
16272,
-2,
30,
-2,
17,
-1,
16273,
-2,
30,
-2,
17,
-1,
16274,
-2,
30,
-2,
17,
-1,
16275,
-2,
30,
-2,
17,
-1,
16276,
-2,
30,
-2,
17,
-1,
16277,
-2,
30,
-2,
17,
-1,
16278,
-2,
30,
-2,
17,
-1,
16279,
-2,
30,
-2,
17,
-1,
16280,
-2,
30,
-2,
17,
-1,
16281,
-2,
30,
-2,
17,
-1,
16282,
-2,
30,
-2,
17,
-1,
16283,
-2,
30,
-2,
17,
-1,
16284,
-2,
30,
-2,
17,
-1,
16285,
-2,
30,
-2,
17,
-1,
16286,
-2,
30,
-2,
17,
-1,
16287,
-2,
30,
-2,
17,
-1,
16288,
-2,
30,
-2,
17,
-1,
16289,
-2,
30,
-2,
17,
-1,
16290,
-2,
30,
-2,
17,
-1,
16291,
-2,
30,
-2,
17,
-1,
16292,
-2,
30,
-2,
17,
-1,
16293,
-2,
30,
-2,
17,
-1,
16294,
-2,
30,
-2,
17,
-1,
16295,
-2,
30,
-2,
17,
-1,
16296,
-2,
30,
-2,
17,
-1,
16297,
-2,
30,
-2,
17,
-1,
16298,
-2,
30,
-2,
17,
-1,
16299,
-2,
30,
-2,
17,
-1,
16300,
-2,
30,
-2,
17,
-1,
16301,
-2,
30,
-2,
17,
-1,
16302,
-2,
30,
-2,
17,
-1,
16303,
-2,
30,
-2,
17,
-1,
16304,
-2,
30,
-2,
17,
-1,
16305,
-2,
30,
-2,
17,
-1,
16306,
-2,
30,
-2,
17,
-1,
16307,
-2,
30,
-2,
17,
-1,
16308,
-2,
30,
-2,
17,
-1,
16309,
-2,
30,
-2,
17,
-1,
16310,
-2,
30,
-2,
17,
-1,
16311,
-2,
30,
-2,
17,
-1,
16312,
-2,
30,
-2,
17,
-1,
16313,
-2,
30,
-2,
17,
-1,
16314,
-2,
30,
-2,
17,
-1,
16315,
-2,
30,
-2,
17,
-1,
16316,
-2,
30,
-2,
17,
-1,
16317,
-2,
30,
-2,
17,
-1,
16318,
-2,
30,
-2,
17,
-1,
16319,
-2,
30,
-2,
17,
-1,
16320,
-2,
30,
-2,
17,
