-1,
16321,
-2,
30,
-2,
17,
-1,
16322,
-2,
30,
-2,
17,
-1,
16323,
-2,
30,
-2,
31,
-1,
16324,
-2,
30,
-2,
31,
-1,
16325,
-2,
30,
-2,
17,
-1,
16326,
-2,
30,
-2,
31,
-1,
16327,
-2,
30,
-2,
31,
-1,
16328,
-2,
30,
-2,
17,
-1,
16329,
-2,
30,
-2,
17,
-1,
16330,
-2,
30,
-2,
17,
-1,
16331,
-2,
30,
-2,
17,
-1,
16332,
-2,
30,
-2,
17,
-1,
16333,
-2,
30,
-2,
17,
-1,
16334,
-2,
30,
-2,
17,
-1,
16335,
-2,
30,
-2,
17,
-1,
16336,
-2,
30,
-2,
17,
-1,
16337,
-2,
30,
-2,
17,
-1,
16338,
-2,
30,
-2,
17,
-1,
16339,
-2,
30,
-2,
17,
-1,
16340,
-2,
30,
-2,
17,
-1,
16341,
-2,
30,
-2,
17,
-1,
16342,
-2,
30,
-2,
17,
-1,
16343,
-2,
30,
-2,
17,
-1,
16344,
-2,
30,
-2,
17,
-1,
16345,
-2,
30,
-2,
17,
-1,
16346,
-2,
30,
-2,
17,
-1,
16347,
-2,
30,
-2,
17,
-1,
16348,
-2,
30,
-2,
17,
-1,
16349,
-2,
30,
-2,
17,
-1,
16350,
-2,
30,
-2,
17,
-1,
16351,
-2,
30,
-2,
17,
-1,
16352,
-2,
30,
-2,
17,
-1,
16353,
-2,
30,
-2,
17,
-1,
16354,
-2,
30,
-2,
17,
-1,
16355,
-2,
30,
-2,
17,
-1,
16356,
-2,
30,
-2,
17,
-1,
16357,
-2,
30,
-2,
17,
-1,
16358,
-2,
30,
-2,
17,
-1,
16359,
-2,
30,
-2,
17,
-1,
16360,
-2,
30,
-2,
17,
-1,
16361,
-2,
30,
-2,
17,
-1,
16362,
-2,
30,
-2,
17,
-1,
16363,
-2,
30,
-2,
17,
-1,
16364,
-2,
30,
-2,
17,
-1,
16365,
-2,
30,
-2,
17,
-1,
16366,
-2,
30,
-2,
17,
-1,
16367,
-2,
30,
-2,
17,
-1,
16368,
-2,
30,
-2,
17,
-1,
16369,
-2,
30,
-2,
17,
-1,
16370,
-2,
30,
-2,
17,
-1,
16371,
-2,
30,
-2,
17,
-1,
16372,
-2,
30,
-2,
17,
-1,
16373,
-2,
30,
-2,
17,
-1,
16374,
-2,
30,
-2,
17,
-1,
16375,
-2,
30,
-2,
17,
-1,
16376,
-2,
30,
-2,
17,
-1,
16377,
-2,
30,
-2,
17,
-1,
16378,
-2,
30,
-2,
17,
-1,
16379,
-2,
30,
-2,
17,
-1,
16380,
-2,
30,
-2,
17,
-1,
16381,
-2,
30,
-2,
17,
-1,
16382,
-2,
30,
-2,
17,
-1,
16383,
-2,
30,
-2,
17,
-1,
16384,
-2,
30,
-2,
17,
-1,
16385,
-2,
30,
-2,
17,
-1,
16386,
-2,
30,
-2,
17,
-1,
16387,
-2,
30,
-2,
17,
-1,
16388,
-2,
30,
-2,
17,
-1,
16389,
-2,
30,
-2,
17,
-1,
16390,
-2,
30,
-2,
17,
-1,
16391,
-2,
30,
-2,
17,
-1,
16392,
-2,
30,
-2,
17,
-1,
16393,
-2,
30,
-2,
17,
-1,
16394,
-2,
30,
-2,
17,
-1,
16395,
-2,
30,
-2,
17,
-1,
16396,
-2,
30,
-2,
17,
-1,
16397,
-2,
30,
-2,
17,
-1,
16398,
-2,
30,
-2,
17,
-1,
16399,
-2,
30,
-2,
31,
-1,
16400,
-2,
30,
-2,
31,
-1,
16401,
-2,
30,
-2,
31,
-1,
16402,
-2,
30,
-2,
31,
-1,
16403,
-2,
30,
-2,
31,
-1,
16404,
-2,
30,
-2,
31,
-1,
16405,
-2,
30,
-2,
31,
-1,
16406,
-2,
30,
-2,
31,
-1,
16407,
-2,
30,
-2,
31,
-1,
16408,
-2,
30,
-2,
31,
-1,
16409,
-2,
30,
-2,
31,
-1,
16410,
-2,
30,
-2,
31,
-1,
16411,
-2,
30,
-2,
31,
-1,
16412,
-2,
30,
-2,
31,
-1,
16413,
-2,
30,
-2,
31,
-1,
16414,
-2,
30,
-2,
31,
-1,
16415,
-2,
30,
-2,
31,
-1,
16416,
-2,
30,
-2,
31,
-1,
16417,
-2,
30,
-2,
31,
-1,
16418,
-2,
30,
-2,
31,
-1,
16419,
-2,
30,
-2,
31,
-1,
16420,
-2,
30,
-2,
31,
-1,
16421,
-2,
30,
-2,
31,
-1,
16422,
-2,
30,
-2,
31,
-1,
16423,
-2,
30,
-2,
31,
-1,
16424,
-2,
30,
-2,
31,
-1,
16425,
-2,
30,
-2,
31,
-1,
16426,
-2,
30,
-2,
31,
-1,
16427,
-2,
30,
-2,
31,
-1,
16428,
-2,
30,
-2,
31,
-1,
16429,
-2,
30,
-2,
31,
-1,
16430,
-2,
30,
-2,
31,
-1,
16431,
-2,
30,
-2,
31,
-1,
16432,
-2,
30,
-2,
31,
-1,
16433,
-2,
30,
-2,
31,
-1,
16434,
-2,
30,
-2,
31,
-1,
16435,
-2,
30,
-2,
31,
-1,
16436,
-2,
30,
-2,
31,
-1,
16437,
-2,
30,
-2,
31,
-1,
16438,
-2,
30,
-2,
31,
-1,
16439,
-2,
30,
-2,
31,
-1,
16440,
-2,
30,
-2,
31,
