-1,
16441,
-2,
30,
-2,
31,
-1,
16442,
-2,
30,
-2,
31,
-1,
16443,
-2,
30,
-2,
31,
-1,
16444,
-2,
30,
-2,
31,
-1,
16445,
-2,
30,
-2,
31,
-1,
16446,
-2,
30,
-2,
31,
-1,
16447,
-2,
30,
-2,
31,
-1,
16448,
-2,
30,
-2,
31,
-1,
16449,
-2,
30,
-2,
31,
-1,
16450,
-2,
30,
-2,
31,
-1,
16451,
-2,
30,
-2,
31,
-1,
16452,
-2,
30,
-2,
31,
-1,
16453,
-2,
30,
-2,
31,
-1,
16454,
-2,
30,
-2,
31,
-1,
16455,
-2,
30,
-2,
31,
-1,
16456,
-2,
30,
-2,
31,
-1,
16457,
-2,
30,
-2,
31,
-1,
16458,
-2,
30,
-2,
31,
-1,
16459,
-2,
30,
-2,
31,
-1,
16460,
-2,
30,
-2,
31,
-1,
16461,
-2,
30,
-2,
31,
-1,
16462,
-2,
30,
-2,
31,
-1,
16463,
-2,
30,
-2,
31,
-1,
16464,
-2,
30,
-2,
31,
-1,
16465,
-2,
30,
-2,
31,
-1,
16466,
-2,
30,
-2,
31,
-1,
16467,
-2,
30,
-2,
31,
-1,
16468,
-2,
30,
-2,
31,
-1,
16469,
-2,
30,
-2,
31,
-1,
16470,
-2,
30,
-2,
31,
-1,
16471,
-2,
30,
-2,
31,
-1,
16472,
-2,
30,
-2,
31,
-1,
16473,
-2,
30,
-2,
31,
-1,
16474,
-2,
30,
-2,
31,
-1,
16475,
-2,
30,
-2,
31,
-1,
16476,
-2,
30,
-2,
31,
-1,
16477,
-2,
30,
-2,
31,
-1,
16478,
-2,
30,
-2,
31,
-1,
16479,
-2,
30,
-2,
31,
-1,
16480,
-2,
30,
-2,
31,
-1,
16481,
-2,
30,
-2,
31,
-1,
16482,
-2,
30,
-2,
31,
-1,
16483,
-2,
30,
-2,
31,
-1,
16484,
-2,
30,
-2,
31,
-1,
16485,
-2,
30,
-2,
31,
-1,
16486,
-2,
30,
-2,
31,
-1,
16487,
-2,
30,
-2,
31,
-1,
16488,
-2,
30,
-2,
31,
-1,
16489,
-2,
30,
-2,
31,
-1,
16490,
-2,
30,
-2,
17,
-1,
16491,
-2,
30,
-2,
17,
-1,
16492,
-2,
30,
-2,
17,
-1,
16493,
-2,
30,
-2,
17,
-1,
16494,
-2,
30,
-2,
17,
-1,
16495,
-2,
30,
-2,
17,
-1,
16496,
-2,
30,
-2,
17,
-1,
16497,
-2,
30,
-2,
17,
-1,
16498,
-2,
30,
-2,
17,
-1,
16499,
-2,
30,
-2,
17,
-1,
16500,
-2,
30,
-2,
17,
-1,
16501,
-2,
30,
-2,
17,
-1,
16502,
-2,
30,
-2,
17,
-1,
16503,
-2,
30,
-2,
17,
-1,
16504,
-2,
30,
-2,
17,
-1,
16505,
-2,
30,
-2,
17,
-1,
16506,
-2,
30,
-2,
17,
-1,
16507,
-2,
30,
-2,
17,
-1,
16508,
-2,
30,
-2,
17,
-1,
16509,
-2,
30,
-2,
17,
-1,
16510,
-2,
30,
-2,
17,
-1,
16511,
-2,
30,
-2,
17,
-1,
16512,
-2,
30,
-2,
17,
-1,
16513,
-2,
30,
-2,
17,
-1,
16514,
-2,
30,
-2,
17,
-1,
16515,
-2,
30,
-2,
17,
-1,
16516,
-2,
30,
-2,
17,
-1,
16517,
-2,
30,
-2,
17,
-1,
16518,
-2,
30,
-2,
17,
-1,
16519,
-2,
30,
-2,
17,
-1,
16520,
-2,
30,
-2,
17,
-1,
16521,
-2,
30,
-2,
17,
-1,
16522,
-2,
30,
-2,
17,
-1,
16523,
-2,
30,
-2,
17,
-1,
16524,
-2,
30,
-2,
17,
-1,
16525,
-2,
30,
-2,
17,
-1,
16526,
-2,
30,
-2,
17,
-1,
16527,
-2,
30,
-2,
17,
-1,
16528,
-2,
30,
-2,
17,
-1,
16529,
-2,
30,
-2,
17,
-1,
16530,
-2,
30,
-2,
17,
-1,
16531,
-2,
30,
-2,
17,
-1,
16532,
-2,
30,
-2,
17,
-1,
16533,
-2,
30,
-2,
17,
-1,
16534,
-2,
30,
-2,
17,
-1,
16535,
-2,
30,
-2,
17,
-1,
16536,
-2,
30,
-2,
17,
-1,
16537,
-2,
30,
-2,
17,
-1,
16538,
-2,
30,
-2,
17,
-1,
16539,
-2,
30,
-2,
17,
-1,
16540,
-2,
30,
-2,
17,
-1,
16541,
-2,
30,
-2,
17,
-1,
16542,
-2,
30,
-2,
17,
-1,
16543,
-2,
30,
-2,
17,
-1,
16544,
-2,
30,
-2,
17,
-1,
16545,
-2,
30,
-2,
17,
-1,
16546,
-2,
30,
-2,
17,
-1,
16547,
-2,
30,
-2,
17,
-1,
16548,
-2,
30,
-2,
17,
-1,
16549,
-2,
30,
-2,
17,
-1,
16550,
-2,
30,
-2,
17,
-1,
16551,
-2,
30,
-2,
17,
-1,
16552,
-2,
30,
-2,
17,
-1,
16553,
-2,
30,
-2,
17,
-1,
16554,
-2,
30,
-2,
17,
-1,
16555,
-2,
30,
-2,
17,
-1,
16556,
-2,
30,
-2,
17,
-1,
16557,
-2,
30,
-2,
17,
-1,
16558,
-2,
30,
-2,
17,
-1,
16559,
-2,
30,
-2,
17,
-1,
16560,
-2,
30,
-2,
17,
