-1,
16561,
-2,
30,
-2,
17,
-1,
16562,
-2,
30,
-2,
17,
-1,
16563,
-2,
30,
-2,
17,
-1,
16564,
-2,
30,
-2,
17,
-1,
16565,
-2,
30,
-2,
17,
-1,
16566,
-2,
30,
-2,
17,
-1,
16567,
-2,
30,
-2,
17,
-1,
16568,
-2,
30,
-2,
17,
-1,
16569,
-2,
30,
-2,
17,
-1,
16570,
-2,
30,
-2,
17,
-1,
16571,
-2,
30,
-2,
17,
-1,
16572,
-2,
30,
-2,
17,
-1,
16573,
-2,
30,
-2,
17,
-1,
16574,
-2,
30,
-2,
17,
-1,
16575,
-2,
30,
-2,
17,
-1,
16576,
-2,
30,
-2,
17,
-1,
16577,
-2,
30,
-2,
17,
-1,
16578,
-2,
30,
-2,
17,
-1,
16579,
-2,
30,
-2,
17,
-1,
16580,
-2,
30,
-2,
17,
-1,
16581,
-2,
30,
-2,
17,
-1,
16582,
-2,
30,
-2,
17,
-1,
16583,
-2,
30,
-2,
17,
-1,
16584,
-2,
30,
-2,
17,
-1,
16585,
-2,
30,
-2,
17,
-1,
16586,
-2,
30,
-2,
17,
-1,
16587,
-2,
30,
-2,
17,
-1,
16588,
-2,
30,
-2,
17,
-1,
16589,
-2,
30,
-2,
17,
-1,
16590,
-2,
30,
-2,
17,
-1,
16591,
-2,
30,
-2,
17,
-1,
16592,
-2,
30,
-2,
17,
-1,
16593,
-2,
30,
-2,
17,
-1,
16594,
-2,
30,
-2,
17,
-1,
16595,
-2,
30,
-2,
17,
-1,
16596,
-2,
30,
-2,
31,
-1,
16597,
-2,
30,
-2,
31,
-1,
16598,
-2,
30,
-2,
31,
-1,
16599,
-2,
30,
-2,
31,
-1,
16600,
-2,
30,
-2,
31,
-1,
16601,
-2,
30,
-2,
31,
-1,
16602,
-2,
30,
-2,
31,
-1,
16603,
-2,
30,
-2,
31,
-1,
16604,
-2,
30,
-2,
31,
-1,
16605,
-2,
30,
-2,
31,
-1,
16606,
-2,
30,
-2,
31,
-1,
16607,
-2,
30,
-2,
31,
-1,
16608,
-2,
30,
-2,
31,
-1,
16609,
-2,
30,
-2,
31,
-1,
16610,
-2,
30,
-2,
17,
-1,
16611,
-2,
30,
-2,
17,
-1,
16612,
-2,
30,
-2,
17,
-1,
16613,
-2,
30,
-2,
17,
-1,
16614,
-2,
30,
-2,
17,
-1,
16615,
-2,
30,
-2,
17,
-1,
16616,
-2,
30,
-2,
17,
-1,
16617,
-2,
30,
-2,
17,
-1,
16618,
-2,
30,
-2,
17,
-1,
16619,
-2,
30,
-2,
17,
-1,
16620,
-2,
30,
-2,
17,
-1,
16621,
-2,
30,
-2,
17,
-1,
16622,
-2,
30,
-2,
17,
-1,
16623,
-2,
30,
-2,
17,
-1,
16624,
-2,
30,
-2,
17,
-1,
16625,
-2,
30,
-2,
17,
-1,
16626,
-2,
30,
-2,
17,
-1,
16627,
-2,
30,
-2,
17,
-1,
16628,
-2,
30,
-2,
17,
-1,
16629,
-2,
30,
-2,
17,
-1,
16630,
-2,
30,
-2,
17,
-1,
16631,
-2,
30,
-2,
17,
-1,
16632,
-2,
30,
-2,
17,
-1,
16633,
-2,
30,
-2,
17,
-1,
16634,
-2,
30,
-2,
17,
-1,
16635,
-2,
30,
-2,
17,
-1,
16636,
-2,
30,
-2,
17,
-1,
16637,
-2,
30,
-2,
17,
-1,
16638,
-2,
30,
-2,
17,
-1,
16639,
-2,
30,
-2,
17,
-1,
16640,
-2,
30,
-2,
17,
-1,
16641,
-2,
30,
-2,
17,
-1,
16642,
-2,
30,
-2,
17,
-1,
16643,
-2,
30,
-2,
17,
-1,
16644,
-2,
30,
-2,
17,
-1,
16645,
-2,
30,
-2,
17,
-1,
16646,
-2,
30,
-2,
17,
-1,
16647,
-2,
30,
-2,
17,
-1,
16648,
-2,
30,
-2,
17,
-1,
16649,
-2,
30,
-2,
17,
-1,
16650,
-2,
30,
-2,
17,
-1,
16651,
-2,
30,
-2,
17,
-1,
16652,
-2,
30,
-2,
17,
-1,
16653,
-2,
30,
-2,
17,
-1,
16654,
-2,
30,
-2,
17,
-1,
16655,
-2,
30,
-2,
17,
-1,
16656,
-2,
30,
-2,
17,
-1,
16657,
-2,
30,
-2,
17,
-1,
16658,
-2,
30,
-2,
17,
-1,
16659,
-2,
30,
-2,
17,
-1,
16660,
-2,
30,
-2,
31,
-1,
16661,
-2,
30,
-2,
31,
-1,
16662,
-2,
30,
-2,
31,
-1,
16663,
-2,
30,
-2,
31,
-1,
16664,
-2,
30,
-2,
31,
-1,
16665,
-2,
30,
-2,
31,
-1,
16666,
-2,
30,
-2,
31,
-1,
16667,
-2,
30,
-2,
31,
-1,
16668,
-2,
30,
-2,
31,
-1,
16669,
-2,
30,
-2,
31,
-1,
16670,
-2,
30,
-2,
31,
-1,
16671,
-2,
30,
-2,
31,
-1,
16672,
-2,
30,
-2,
31,
-1,
16673,
-2,
30,
-2,
31,
-1,
16674,
-2,
30,
-2,
31,
-1,
16675,
-2,
30,
-2,
31,
-1,
16676,
-2,
30,
-2,
31,
-1,
16677,
-2,
30,
-2,
31,
-1,
16678,
-2,
30,
-2,
31,
-1,
16679,
-2,
30,
-2,
31,
-1,
16680,
-2,
30,
-2,
31,
