-1,
16681,
-2,
30,
-2,
31,
-1,
16682,
-2,
30,
-2,
31,
-1,
16683,
-2,
30,
-2,
31,
-1,
16684,
-2,
30,
-2,
31,
-1,
16685,
-2,
30,
-2,
31,
-1,
16686,
-2,
30,
-2,
31,
-1,
16687,
-2,
30,
-2,
31,
-1,
16688,
-2,
30,
-2,
31,
-1,
16689,
-2,
30,
-2,
31,
-1,
16690,
-2,
30,
-2,
31,
-1,
16691,
-2,
30,
-2,
31,
-1,
16692,
-2,
30,
-2,
31,
-1,
16693,
-2,
30,
-2,
31,
-1,
16694,
-2,
30,
-2,
31,
-1,
16695,
-2,
30,
-2,
31,
-1,
16696,
-2,
30,
-2,
31,
-1,
16697,
-2,
30,
-2,
31,
-1,
16698,
-2,
30,
-2,
31,
-1,
16699,
-2,
30,
-2,
31,
-1,
16700,
-2,
30,
-2,
31,
-1,
16701,
-2,
30,
-2,
31,
-1,
16702,
-2,
30,
-2,
31,
-1,
16703,
-2,
30,
-2,
31,
-1,
16704,
-2,
30,
-2,
31,
-1,
16705,
-2,
30,
-2,
31,
-1,
16706,
-2,
30,
-2,
31,
-1,
16707,
-2,
30,
-2,
31,
-1,
16708,
-2,
30,
-2,
31,
-1,
16709,
-2,
30,
-2,
31,
-1,
16710,
-2,
30,
-2,
31,
-1,
16711,
-2,
30,
-2,
31,
-1,
16712,
-2,
30,
-2,
31,
-1,
16713,
-2,
30,
-2,
31,
-1,
16714,
-2,
30,
-2,
31,
-1,
16715,
-2,
30,
-2,
31,
-1,
16716,
-2,
30,
-2,
31,
-1,
16717,
-2,
30,
-2,
31,
-1,
16718,
-2,
30,
-2,
31,
-1,
16719,
-2,
30,
-2,
31,
-1,
16720,
-2,
30,
-2,
31,
-1,
16721,
-2,
30,
-2,
31,
-1,
16722,
-2,
30,
-2,
31,
-1,
16723,
-2,
30,
-2,
31,
-1,
16724,
-2,
30,
-2,
31,
-1,
16725,
-2,
30,
-2,
31,
-1,
16726,
-2,
30,
-2,
31,
-1,
16727,
-2,
30,
-2,
31,
-1,
16728,
-2,
30,
-2,
31,
-1,
16729,
-2,
30,
-2,
31,
-1,
16730,
-2,
30,
-2,
31,
-1,
16731,
-2,
30,
-2,
31,
-1,
16732,
-2,
30,
-2,
31,
-1,
16733,
-2,
30,
-2,
31,
-1,
16734,
-2,
30,
-2,
31,
-1,
16735,
-2,
30,
-2,
31,
-1,
16736,
-2,
30,
-2,
31,
-1,
16737,
-2,
30,
-2,
31,
-1,
16738,
-2,
30,
-2,
31,
-1,
16739,
-2,
30,
-2,
31,
-1,
16740,
-2,
30,
-2,
31,
-1,
16741,
-2,
30,
-2,
31,
-1,
16742,
-2,
30,
-2,
31,
-1,
16743,
-2,
30,
-2,
31,
-1,
16744,
-2,
30,
-2,
31,
-1,
16745,
-2,
30,
-2,
31,
-1,
16746,
-2,
30,
-2,
17,
-1,
16747,
-2,
30,
-2,
17,
-1,
16748,
-2,
30,
-2,
17,
-1,
16749,
-2,
30,
-2,
17,
-1,
16750,
-2,
30,
-2,
17,
-1,
16751,
-2,
30,
-2,
17,
-1,
16752,
-2,
30,
-2,
17,
-1,
16753,
-2,
30,
-2,
17,
-1,
16754,
-2,
30,
-2,
17,
-1,
16755,
-2,
30,
-2,
17,
-1,
16756,
-2,
30,
-2,
17,
-1,
16757,
-2,
30,
-2,
17,
-1,
16758,
-2,
30,
-2,
17,
-1,
16759,
-2,
30,
-2,
17,
-1,
16760,
-2,
30,
-2,
17,
-1,
16761,
-2,
30,
-2,
17,
-1,
16762,
-2,
30,
-2,
17,
-1,
16763,
-2,
30,
-2,
17,
-1,
16764,
-2,
30,
-2,
17,
-1,
16765,
-2,
30,
-2,
17,
-1,
16766,
-2,
30,
-2,
17,
-1,
16767,
-2,
30,
-2,
17,
-1,
16768,
-2,
30,
-2,
17,
-1,
16769,
-2,
30,
-2,
17,
-1,
16770,
-2,
30,
-2,
17,
-1,
16771,
-2,
30,
-2,
17,
-1,
16772,
-2,
30,
-2,
17,
-1,
16773,
-2,
30,
-2,
17,
-1,
16774,
-2,
30,
-2,
17,
-1,
16775,
-2,
30,
-2,
17,
-1,
16776,
-2,
30,
-2,
17,
-1,
16777,
-2,
30,
-2,
17,
-1,
16778,
-2,
30,
-2,
17,
-1,
16779,
-2,
30,
-2,
17,
-1,
16780,
-2,
30,
-2,
31,
-1,
16781,
-2,
30,
-2,
31,
-1,
16782,
-2,
30,
-2,
31,
-1,
16783,
-2,
30,
-2,
31,
-1,
16784,
-2,
30,
-2,
31,
-1,
16785,
-2,
30,
-2,
17,
-1,
16786,
-2,
30,
-2,
17,
-1,
16787,
-2,
30,
-2,
17,
-1,
16788,
-2,
30,
-2,
17,
-1,
16789,
-2,
30,
-2,
17,
-1,
16790,
-2,
30,
-2,
17,
-1,
16791,
-2,
30,
-2,
17,
-1,
16792,
-2,
30,
-2,
17,
-1,
16793,
-2,
30,
-2,
17,
-1,
16794,
-2,
30,
-2,
17,
-1,
16795,
-2,
30,
-2,
17,
-1,
16796,
-2,
30,
-2,
17,
-1,
16797,
-2,
30,
-2,
17,
-1,
16798,
-2,
30,
-2,
17,
-1,
16799,
-2,
30,
-2,
17,
-1,
16800,
-2,
30,
-2,
17,
