-1,
1681,
-2,
32,
-2,
30,
-1,
1682,
-2,
32,
-1,
1683,
-2,
32,
-1,
1684,
-2,
32,
-2,
17,
-1,
1685,
-2,
32,
-2,
17,
-1,
1686,
-2,
32,
-2,
17,
-1,
1687,
-2,
32,
-2,
31,
-1,
1688,
-2,
32,
-2,
31,
-1,
1689,
-2,
32,
-2,
31,
-1,
1690,
-2,
32,
-2,
31,
-1,
1691,
-2,
32,
-2,
31,
-1,
1692,
-2,
32,
-2,
31,
-1,
1693,
-2,
32,
-2,
31,
-1,
1694,
-2,
32,
-2,
31,
-1,
1695,
-2,
32,
-2,
31,
-1,
1696,
-2,
32,
-2,
31,
-1,
1697,
-2,
32,
-2,
17,
-1,
1698,
-2,
32,
-2,
17,
-1,
1699,
-2,
32,
-2,
30,
-2,
17,
-1,
1700,
-2,
32,
-2,
31,
-1,
1701,
-2,
32,
-2,
31,
-1,
1702,
-2,
32,
-2,
31,
-1,
1703,
-2,
32,
-2,
17,
-1,
1704,
-2,
32,
-2,
17,
-1,
1705,
-2,
32,
-2,
17,
-1,
1706,
-2,
32,
-2,
17,
-1,
1707,
-2,
32,
-2,
17,
-1,
1708,
-2,
32,
-2,
17,
-1,
1709,
-2,
31,
-2,
17,
-1,
1710,
-2,
31,
-2,
17,
-1,
1711,
-2,
31,
-2,
17,
-1,
1712,
-2,
31,
-2,
17,
-1,
1713,
-2,
31,
-2,
17,
-1,
1714,
-2,
31,
-2,
17,
-1,
1715,
-2,
31,
-2,
17,
-1,
1716,
-2,
31,
-2,
17,
-1,
1717,
-2,
31,
-2,
17,
-1,
1718,
-2,
31,
-2,
17,
-1,
1719,
-2,
31,
-2,
17,
-1,
1720,
-2,
31,
-2,
17,
-1,
1721,
-2,
31,
-2,
17,
-1,
1722,
-2,
31,
-2,
17,
-1,
1723,
-2,
31,
-2,
17,
-2,
17,
-1,
1724,
-2,
31,
-2,
17,
-1,
1725,
-2,
31,
-2,
17,
-1,
1726,
-2,
31,
-2,
17,
-1,
1727,
-2,
31,
-2,
17,
-1,
1728,
-2,
31,
-2,
17,
-1,
1729,
-2,
31,
-2,
17,
-1,
1730,
-2,
31,
-2,
17,
-1,
1731,
-2,
31,
-1,
1732,
-2,
31,
-1,
1733,
-2,
31,
-1,
1734,
-2,
31,
-1,
1735,
-2,
31,
-2,
31,
-1,
1736,
-2,
31,
-2,
31,
-1,
1737,
-2,
31,
-2,
31,
-1,
1738,
-2,
32,
-2,
31,
-1,
1739,
-2,
32,
-2,
31,
-1,
1740,
-2,
32,
-2,
31,
-1,
1741,
-2,
32,
-2,
17,
-1,
1742,
-2,
32,
-2,
17,
-1,
1743,
-2,
32,
-2,
17,
-1,
1744,
-2,
32,
-2,
30,
-1,
1745,
-2,
32,
-2,
17,
-1,
1746,
-2,
32,
-2,
17,
-1,
1747,
-2,
32,
-2,
17,
-1,
1748,
-2,
32,
-2,
17,
-1,
1749,
-2,
32,
-2,
17,
-1,
1750,
-2,
32,
-2,
17,
-1,
1751,
-2,
32,
-2,
17,
-1,
1752,
-2,
32,
-2,
31,
-1,
1753,
-2,
32,
-2,
31,
-1,
1754,
-2,
47,
-2,
32,
-1,
1755,
-2,
32,
-2,
17,
-1,
1756,
-2,
32,
-2,
17,
-1,
1757,
-2,
32,
-2,
17,
-1,
1758,
-2,
32,
-2,
17,
-1,
1759,
-2,
32,
-2,
17,
-1,
1760,
-2,
32,
-2,
17,
-1,
1761,
-2,
32,
-2,
17,
-1,
1762,
-2,
32,
-2,
17,
-1,
1763,
-2,
32,
-2,
17,
-1,
1764,
-2,
32,
-2,
17,
-1,
1765,
-2,
32,
-2,
17,
-1,
1766,
-2,
32,
-2,
17,
-1,
1767,
-2,
32,
-1,
1768,
-2,
32,
-2,
31,
-1,
1769,
-2,
32,
-2,
31,
-1,
1770,
-2,
32,
-2,
31,
-1,
1771,
-2,
32,
-2,
31,
-1,
1772,
-2,
32,
-2,
31,
-1,
1773,
-2,
32,
-2,
31,
-1,
1774,
-2,
32,
-2,
31,
-1,
1775,
-2,
32,
-2,
31,
-1,
1776,
-2,
32,
-2,
31,
-1,
1777,
-2,
32,
-2,
17,
-1,
1778,
-2,
32,
-2,
17,
-1,
1779,
-2,
17,
-2,
31,
-1,
1780,
-2,
17,
-2,
31,
-1,
1781,
-2,
17,
-2,
31,
-2,
17,
-1,
1782,
-2,
17,
-2,
31,
-1,
1783,
-2,
17,
-2,
17,
-1,
1784,
-2,
17,
-2,
17,
-1,
1785,
-2,
17,
-2,
17,
-1,
1786,
-2,
17,
-2,
17,
-1,
1787,
-2,
17,
-2,
17,
-1,
1788,
-2,
17,
-2,
30,
-1,
1789,
-2,
17,
-2,
17,
-1,
1790,
-2,
17,
-2,
31,
-1,
1791,
-2,
17,
-2,
31,
-1,
1792,
-2,
17,
-2,
17,
-1,
1793,
-2,
17,
-2,
17,
-1,
1794,
-2,
17,
-2,
17,
-1,
1795,
-2,
17,
-2,
17,
-1,
1796,
-2,
17,
-2,
17,
-1,
1797,
-2,
17,
-2,
17,
-1,
1798,
-2,
17,
-1,
1799,
-2,
17,
-2,
30,
-1,
1800,
-2,
17,
