-1,
16801,
-2,
30,
-2,
17,
-1,
16802,
-2,
30,
-2,
17,
-1,
16803,
-2,
30,
-2,
17,
-1,
16804,
-2,
30,
-2,
17,
-1,
16805,
-2,
30,
-2,
17,
-1,
16806,
-2,
30,
-2,
17,
-1,
16807,
-2,
30,
-2,
17,
-1,
16808,
-2,
30,
-2,
17,
-1,
16809,
-2,
30,
-2,
17,
-1,
16810,
-2,
30,
-2,
17,
-1,
16811,
-2,
30,
-2,
17,
-1,
16812,
-2,
30,
-2,
17,
-1,
16813,
-2,
30,
-2,
17,
-1,
16814,
-2,
30,
-2,
17,
-1,
16815,
-2,
30,
-2,
17,
-1,
16816,
-2,
30,
-2,
17,
-1,
16817,
-2,
30,
-2,
17,
-1,
16818,
-2,
30,
-2,
17,
-1,
16819,
-2,
30,
-2,
17,
-1,
16820,
-2,
30,
-2,
17,
-1,
16821,
-2,
30,
-2,
17,
-1,
16822,
-2,
30,
-2,
17,
-1,
16823,
-2,
30,
-2,
17,
-1,
16824,
-2,
30,
-2,
17,
-1,
16825,
-2,
30,
-2,
17,
-1,
16826,
-2,
30,
-2,
17,
-1,
16827,
-2,
30,
-2,
17,
-1,
16828,
-2,
30,
-2,
17,
-1,
16829,
-2,
30,
-2,
17,
-1,
16830,
-2,
30,
-2,
17,
-1,
16831,
-2,
30,
-2,
17,
-1,
16832,
-2,
30,
-2,
17,
-1,
16833,
-2,
30,
-2,
17,
-1,
16834,
-2,
30,
-2,
17,
-1,
16835,
-2,
30,
-2,
17,
-1,
16836,
-2,
30,
-2,
17,
-1,
16837,
-2,
30,
-2,
17,
-1,
16838,
-2,
30,
-2,
17,
-1,
16839,
-2,
30,
-2,
17,
-1,
16840,
-2,
30,
-2,
17,
-1,
16841,
-2,
30,
-2,
17,
-1,
16842,
-2,
30,
-2,
17,
-1,
16843,
-2,
30,
-2,
17,
-1,
16844,
-2,
30,
-2,
17,
-1,
16845,
-2,
30,
-2,
17,
-1,
16846,
-2,
30,
-2,
17,
-1,
16847,
-2,
30,
-2,
17,
-1,
16848,
-2,
30,
-2,
17,
-1,
16849,
-2,
30,
-2,
17,
-1,
16850,
-2,
30,
-2,
17,
-1,
16851,
-2,
30,
-2,
17,
-1,
16852,
-2,
30,
-2,
17,
-1,
16853,
-2,
30,
-2,
31,
-1,
16854,
-2,
30,
-2,
31,
-1,
16855,
-2,
30,
-2,
31,
-1,
16856,
-2,
30,
-2,
31,
-1,
16857,
-2,
30,
-2,
31,
-1,
16858,
-2,
30,
-2,
31,
-1,
16859,
-2,
30,
-2,
31,
-1,
16860,
-2,
30,
-2,
31,
-1,
16861,
-2,
30,
-2,
31,
-1,
16862,
-2,
30,
-2,
31,
-1,
16863,
-2,
30,
-2,
31,
-1,
16864,
-2,
30,
-2,
31,
-1,
16865,
-2,
30,
-2,
31,
-1,
16866,
-2,
30,
-2,
17,
-1,
16867,
-2,
30,
-2,
17,
-1,
16868,
-2,
30,
-2,
17,
-1,
16869,
-2,
30,
-2,
17,
-1,
16870,
-2,
30,
-2,
17,
-1,
16871,
-2,
30,
-2,
17,
-1,
16872,
-2,
30,
-2,
17,
-1,
16873,
-2,
30,
-2,
17,
-1,
16874,
-2,
30,
-2,
17,
-1,
16875,
-2,
30,
-2,
17,
-1,
16876,
-2,
30,
-2,
17,
-1,
16877,
-2,
30,
-2,
17,
-1,
16878,
-2,
30,
-2,
17,
-1,
16879,
-2,
30,
-2,
17,
-1,
16880,
-2,
30,
-2,
17,
-1,
16881,
-2,
30,
-2,
17,
-1,
16882,
-2,
30,
-2,
17,
-1,
16883,
-2,
30,
-2,
17,
-1,
16884,
-2,
30,
-2,
17,
-1,
16885,
-2,
30,
-2,
17,
-1,
16886,
-2,
30,
-2,
17,
-1,
16887,
-2,
30,
-2,
17,
-1,
16888,
-2,
30,
-2,
17,
-1,
16889,
-2,
30,
-2,
17,
-1,
16890,
-2,
30,
-2,
17,
-1,
16891,
-2,
30,
-2,
17,
-1,
16892,
-2,
30,
-2,
17,
-1,
16893,
-2,
30,
-2,
17,
-1,
16894,
-2,
30,
-2,
17,
-1,
16895,
-2,
30,
-2,
17,
-1,
16896,
-2,
30,
-2,
17,
-1,
16897,
-2,
30,
-2,
17,
-1,
16898,
-2,
30,
-2,
17,
-1,
16899,
-2,
30,
-2,
17,
-1,
16900,
-2,
30,
-2,
17,
-1,
16901,
-2,
30,
-2,
17,
-1,
16902,
-2,
30,
-2,
17,
-1,
16903,
-2,
30,
-2,
17,
-1,
16904,
-2,
30,
-2,
17,
-1,
16905,
-2,
30,
-2,
17,
-1,
16906,
-2,
30,
-2,
17,
-1,
16907,
-2,
30,
-2,
17,
-1,
16908,
-2,
30,
-2,
17,
-1,
16909,
-2,
30,
-2,
17,
-1,
16910,
-2,
30,
-2,
17,
-1,
16911,
-2,
30,
-2,
17,
-1,
16912,
-2,
30,
-2,
17,
-1,
16913,
-2,
30,
-2,
17,
-1,
16914,
-2,
30,
-2,
17,
-1,
16915,
-2,
30,
-2,
17,
-1,
16916,
-2,
30,
-2,
17,
-1,
16917,
-2,
30,
-2,
17,
-1,
16918,
-2,
30,
-2,
17,
-1,
16919,
-2,
30,
-2,
17,
-1,
16920,
-2,
30,
-2,
17,
