-1,
16921,
-2,
30,
-2,
17,
-1,
16922,
-2,
30,
-2,
17,
-1,
16923,
-2,
30,
-2,
17,
-1,
16924,
-2,
30,
-2,
17,
-1,
16925,
-2,
30,
-2,
17,
-1,
16926,
-2,
30,
-2,
17,
-1,
16927,
-2,
30,
-2,
17,
-1,
16928,
-2,
30,
-2,
17,
-1,
16929,
-2,
30,
-2,
17,
-1,
16930,
-2,
30,
-2,
17,
-1,
16931,
-2,
30,
-2,
17,
-1,
16932,
-2,
30,
-2,
17,
-1,
16933,
-2,
30,
-2,
17,
-1,
16934,
-2,
30,
-2,
17,
-1,
16935,
-2,
30,
-2,
17,
-1,
16936,
-2,
30,
-2,
17,
-1,
16937,
-2,
30,
-2,
17,
-1,
16938,
-2,
30,
-2,
17,
-1,
16939,
-2,
30,
-2,
17,
-1,
16940,
-2,
30,
-2,
17,
-1,
16941,
-2,
30,
-2,
17,
-1,
16942,
-2,
30,
-2,
17,
-1,
16943,
-2,
30,
-2,
17,
-1,
16944,
-2,
30,
-2,
17,
-1,
16945,
-2,
30,
-2,
17,
-1,
16946,
-2,
30,
-2,
31,
-1,
16947,
-2,
30,
-2,
31,
-1,
16948,
-2,
30,
-2,
31,
-1,
16949,
-2,
30,
-2,
31,
-1,
16950,
-2,
30,
-2,
31,
-1,
16951,
-2,
30,
-2,
31,
-1,
16952,
-2,
30,
-2,
31,
-1,
16953,
-2,
30,
-2,
31,
-1,
16954,
-2,
30,
-2,
31,
-1,
16955,
-2,
30,
-2,
31,
-1,
16956,
-2,
30,
-2,
31,
-1,
16957,
-2,
30,
-2,
31,
-1,
16958,
-2,
30,
-2,
31,
-1,
16959,
-2,
30,
-2,
31,
-1,
16960,
-2,
30,
-2,
31,
-1,
16961,
-2,
30,
-2,
31,
-1,
16962,
-2,
30,
-2,
31,
-1,
16963,
-2,
30,
-2,
31,
-1,
16964,
-2,
30,
-2,
31,
-1,
16965,
-2,
30,
-2,
31,
-1,
16966,
-2,
30,
-2,
31,
-1,
16967,
-2,
30,
-2,
31,
-1,
16968,
-2,
30,
-2,
31,
-1,
16969,
-2,
30,
-2,
31,
-1,
16970,
-2,
30,
-2,
31,
-1,
16971,
-2,
30,
-2,
31,
-1,
16972,
-2,
30,
-2,
31,
-1,
16973,
-2,
30,
-2,
31,
-1,
16974,
-2,
30,
-2,
31,
-1,
16975,
-2,
30,
-2,
31,
-1,
16976,
-2,
30,
-2,
31,
-1,
16977,
-2,
30,
-2,
31,
-1,
16978,
-2,
30,
-2,
31,
-1,
16979,
-2,
30,
-2,
31,
-1,
16980,
-2,
30,
-2,
31,
-1,
16981,
-2,
30,
-2,
31,
-1,
16982,
-2,
30,
-2,
31,
-1,
16983,
-2,
30,
-2,
31,
-1,
16984,
-2,
30,
-2,
31,
-1,
16985,
-2,
30,
-2,
31,
-1,
16986,
-2,
30,
-2,
31,
-1,
16987,
-2,
30,
-2,
31,
-1,
16988,
-2,
30,
-2,
31,
-1,
16989,
-2,
30,
-2,
31,
-1,
16990,
-2,
30,
-2,
31,
-1,
16991,
-2,
30,
-2,
31,
-1,
16992,
-2,
30,
-2,
31,
-1,
16993,
-2,
30,
-2,
31,
-1,
16994,
-2,
30,
-2,
31,
-1,
16995,
-2,
30,
-2,
31,
-1,
16996,
-2,
30,
-2,
31,
-1,
16997,
-2,
30,
-2,
31,
-1,
16998,
-2,
30,
-2,
31,
-1,
16999,
-2,
30,
-2,
31,
-1,
17000,
-2,
30,
-2,
31,
-1,
17001,
-2,
30,
-2,
31,
-1,
17002,
-2,
30,
-2,
31,
-1,
17003,
-2,
30,
-2,
31,
-1,
17004,
-2,
30,
-2,
31,
-1,
17005,
-2,
30,
-2,
31,
-1,
17006,
-2,
30,
-2,
31,
-1,
17007,
-2,
30,
-2,
31,
-1,
17008,
-2,
30,
-2,
31,
-1,
17009,
-2,
30,
-2,
31,
-1,
17010,
-2,
30,
-2,
31,
-1,
17011,
-2,
30,
-2,
31,
-1,
17012,
-2,
30,
-2,
31,
-1,
17013,
-2,
30,
-2,
31,
-1,
17014,
-2,
30,
-2,
31,
-1,
17015,
-2,
30,
-2,
31,
-1,
17016,
-2,
30,
-2,
31,
-1,
17017,
-2,
30,
-2,
31,
-1,
17018,
-2,
30,
-2,
31,
-1,
17019,
-2,
30,
-2,
31,
-1,
17020,
-2,
30,
-2,
31,
-1,
17021,
-2,
30,
-2,
31,
-1,
17022,
-2,
30,
-2,
31,
-1,
17023,
-2,
30,
-2,
31,
-1,
17024,
-2,
30,
-2,
31,
-1,
17025,
-2,
30,
-2,
17,
-1,
17026,
-2,
30,
-2,
17,
-1,
17027,
-2,
30,
-2,
17,
-1,
17028,
-2,
30,
-2,
17,
-1,
17029,
-2,
30,
-2,
17,
-1,
17030,
-2,
30,
-2,
17,
-1,
17031,
-2,
30,
-2,
17,
-1,
17032,
-2,
30,
-2,
17,
-1,
17033,
-2,
30,
-2,
17,
-1,
17034,
-2,
30,
-2,
17,
-1,
17035,
-2,
30,
-2,
17,
-1,
17036,
-2,
30,
-2,
17,
-1,
17037,
-2,
30,
-2,
17,
-1,
17038,
-2,
30,
-2,
17,
-1,
17039,
-2,
30,
-2,
17,
-1,
17040,
-2,
30,
-2,
17,
