-1,
17041,
-2,
30,
-2,
17,
-1,
17042,
-2,
30,
-2,
17,
-1,
17043,
-2,
30,
-2,
17,
-1,
17044,
-2,
30,
-2,
17,
-1,
17045,
-2,
30,
-2,
17,
-1,
17046,
-2,
30,
-2,
17,
-1,
17047,
-2,
30,
-2,
17,
-1,
17048,
-2,
30,
-2,
17,
-1,
17049,
-2,
30,
-2,
17,
-1,
17050,
-2,
30,
-2,
17,
-1,
17051,
-2,
30,
-2,
17,
-1,
17052,
-2,
30,
-2,
17,
-1,
17053,
-2,
30,
-2,
17,
-1,
17054,
-2,
30,
-2,
17,
-1,
17055,
-2,
30,
-2,
17,
-1,
17056,
-2,
30,
-2,
17,
-1,
17057,
-2,
30,
-2,
17,
-1,
17058,
-2,
30,
-2,
17,
-1,
17059,
-2,
30,
-2,
17,
-1,
17060,
-2,
30,
-2,
17,
-1,
17061,
-2,
30,
-2,
17,
-1,
17062,
-2,
30,
-2,
17,
-1,
17063,
-2,
30,
-2,
17,
-1,
17064,
-2,
30,
-2,
17,
-1,
17065,
-2,
30,
-2,
17,
-1,
17066,
-2,
30,
-2,
31,
-1,
17067,
-2,
30,
-2,
31,
-1,
17068,
-2,
30,
-2,
31,
-1,
17069,
-2,
30,
-2,
31,
-1,
17070,
-2,
30,
-2,
31,
-1,
17071,
-2,
30,
-2,
31,
-1,
17072,
-2,
30,
-2,
31,
-1,
17073,
-2,
30,
-2,
31,
-1,
17074,
-2,
30,
-2,
31,
-1,
17075,
-2,
30,
-2,
31,
-1,
17076,
-2,
30,
-2,
31,
-1,
17077,
-2,
30,
-2,
31,
-1,
17078,
-2,
30,
-2,
31,
-1,
17079,
-2,
30,
-2,
31,
-1,
17080,
-2,
30,
-2,
17,
-1,
17081,
-2,
30,
-2,
17,
-1,
17082,
-2,
30,
-2,
17,
-1,
17083,
-2,
30,
-2,
17,
-1,
17084,
-2,
30,
-2,
17,
-1,
17085,
-2,
30,
-2,
17,
-1,
17086,
-2,
30,
-2,
17,
-1,
17087,
-2,
30,
-2,
17,
-1,
17088,
-2,
30,
-2,
17,
-1,
17089,
-2,
30,
-2,
17,
-1,
17090,
-2,
30,
-2,
17,
-1,
17091,
-2,
30,
-2,
17,
-1,
17092,
-2,
30,
-2,
17,
-1,
17093,
-2,
30,
-2,
17,
-1,
17094,
-2,
30,
-2,
17,
-1,
17095,
-2,
30,
-2,
17,
-1,
17096,
-2,
30,
-2,
17,
-1,
17097,
-2,
30,
-2,
17,
-1,
17098,
-2,
30,
-2,
17,
-1,
17099,
-2,
30,
-2,
17,
-1,
17100,
-2,
30,
-2,
17,
-1,
17101,
-2,
30,
-2,
17,
-1,
17102,
-2,
30,
-2,
17,
-1,
17103,
-2,
30,
-2,
17,
-1,
17104,
-2,
30,
-2,
17,
-1,
17105,
-2,
30,
-2,
17,
-1,
17106,
-2,
30,
-2,
17,
-1,
17107,
-2,
30,
-2,
17,
-1,
17108,
-2,
30,
-2,
17,
-1,
17109,
-2,
30,
-2,
17,
-1,
17110,
-2,
30,
-2,
17,
-1,
17111,
-2,
30,
-2,
17,
-1,
17112,
-2,
30,
-2,
17,
-1,
17113,
-2,
30,
-2,
17,
-1,
17114,
-2,
30,
-2,
17,
-1,
17115,
-2,
30,
-2,
17,
-1,
17116,
-2,
30,
-2,
17,
-1,
17117,
-2,
30,
-2,
17,
-1,
17118,
-2,
30,
-2,
17,
-1,
17119,
-2,
30,
-2,
17,
-1,
17120,
-2,
30,
-2,
17,
-1,
17121,
-2,
30,
-2,
17,
-1,
17122,
-2,
30,
-2,
17,
-1,
17123,
-2,
30,
-2,
17,
-1,
17124,
-2,
30,
-2,
17,
-1,
17125,
-2,
30,
-2,
17,
-1,
17126,
-2,
30,
-2,
17,
-1,
17127,
-2,
30,
-2,
17,
-1,
17128,
-2,
30,
-2,
17,
-1,
17129,
-2,
30,
-2,
17,
-1,
17130,
-2,
30,
-2,
17,
-1,
17131,
-2,
30,
-2,
17,
-1,
17132,
-2,
30,
-2,
17,
-1,
17133,
-2,
30,
-2,
17,
-1,
17134,
-2,
30,
-2,
17,
-1,
17135,
-2,
30,
-2,
17,
-1,
17136,
-2,
30,
-2,
17,
-1,
17137,
-2,
30,
-2,
17,
-1,
17138,
-2,
30,
-2,
17,
-1,
17139,
-2,
30,
-2,
17,
-1,
17140,
-2,
30,
-2,
17,
-1,
17141,
-2,
30,
-2,
17,
-1,
17142,
-2,
30,
-2,
17,
-1,
17143,
-2,
30,
-2,
17,
-1,
17144,
-2,
30,
-2,
17,
-1,
17145,
-2,
30,
-2,
17,
-1,
17146,
-2,
30,
-2,
17,
-1,
17147,
-2,
30,
-2,
17,
-1,
17148,
-2,
30,
-2,
17,
-1,
17149,
-2,
30,
-2,
17,
-1,
17150,
-2,
30,
-2,
17,
-1,
17151,
-2,
30,
-2,
17,
-1,
17152,
-2,
30,
-2,
17,
-1,
17153,
-2,
30,
-2,
17,
-1,
17154,
-2,
30,
-2,
17,
-1,
17155,
-2,
30,
-2,
17,
-1,
17156,
-2,
30,
-2,
17,
-1,
17157,
-2,
30,
-2,
17,
-1,
17158,
-2,
30,
-2,
17,
-1,
17159,
-2,
30,
-2,
17,
-1,
17160,
-2,
30,
-2,
17,
