-1,
17161,
-2,
30,
-2,
17,
-1,
17162,
-2,
30,
-2,
17,
-1,
17163,
-2,
30,
-2,
17,
-1,
17164,
-2,
30,
-2,
17,
-1,
17165,
-2,
30,
-2,
17,
-1,
17166,
-2,
30,
-2,
17,
-1,
17167,
-2,
30,
-2,
17,
-1,
17168,
-2,
30,
-2,
17,
-1,
17169,
-2,
30,
-2,
17,
-1,
17170,
-2,
30,
-2,
17,
-1,
17171,
-2,
30,
-2,
17,
-1,
17172,
-2,
30,
-2,
17,
-1,
17173,
-2,
30,
-2,
17,
-1,
17174,
-2,
30,
-2,
17,
-1,
17175,
-2,
30,
-2,
17,
-1,
17176,
-2,
30,
-2,
17,
-1,
17177,
-2,
30,
-2,
17,
-1,
17178,
-2,
30,
-2,
17,
-1,
17179,
-2,
30,
-2,
17,
-1,
17180,
-2,
30,
-2,
17,
-1,
17181,
-2,
30,
-2,
17,
-1,
17182,
-2,
30,
-2,
17,
-1,
17183,
-2,
30,
-2,
17,
-1,
17184,
-2,
30,
-2,
17,
-1,
17185,
-2,
30,
-2,
17,
-1,
17186,
-2,
30,
-2,
31,
-1,
17187,
-2,
30,
-2,
31,
-1,
17188,
-2,
30,
-2,
31,
-1,
17189,
-2,
30,
-2,
31,
-1,
17190,
-2,
30,
-2,
31,
-1,
17191,
-2,
30,
-2,
31,
-1,
17192,
-2,
30,
-2,
31,
-1,
17193,
-2,
30,
-2,
31,
-1,
17194,
-2,
30,
-2,
31,
-1,
17195,
-2,
30,
-2,
31,
-1,
17196,
-2,
30,
-2,
31,
-1,
17197,
-2,
30,
-2,
31,
-1,
17198,
-2,
30,
-2,
31,
-1,
17199,
-2,
30,
-2,
31,
-1,
17200,
-2,
30,
-2,
31,
-1,
17201,
-2,
30,
-2,
31,
-1,
17202,
-2,
30,
-2,
31,
-1,
17203,
-2,
30,
-2,
31,
-1,
17204,
-2,
30,
-2,
31,
-1,
17205,
-2,
30,
-2,
31,
-1,
17206,
-2,
30,
-2,
31,
-1,
17207,
-2,
30,
-2,
31,
-1,
17208,
-2,
30,
-2,
31,
-1,
17209,
-2,
30,
-2,
31,
-1,
17210,
-2,
30,
-2,
31,
-1,
17211,
-2,
30,
-2,
31,
-1,
17212,
-2,
30,
-2,
31,
-1,
17213,
-2,
30,
-2,
31,
-1,
17214,
-2,
30,
-2,
31,
-1,
17215,
-2,
30,
-2,
31,
-1,
17216,
-2,
30,
-2,
31,
-1,
17217,
-2,
30,
-2,
31,
-1,
17218,
-2,
30,
-2,
31,
-1,
17219,
-2,
30,
-2,
31,
-1,
17220,
-2,
30,
-2,
31,
-1,
17221,
-2,
30,
-2,
31,
-1,
17222,
-2,
30,
-2,
31,
-1,
17223,
-2,
30,
-2,
31,
-1,
17224,
-2,
30,
-2,
31,
-1,
17225,
-2,
30,
-2,
31,
-1,
17226,
-2,
30,
-2,
31,
-1,
17227,
-2,
30,
-2,
31,
-1,
17228,
-2,
30,
-2,
31,
-1,
17229,
-2,
30,
-2,
31,
-1,
17230,
-2,
30,
-2,
31,
-1,
17231,
-2,
30,
-2,
31,
-1,
17232,
-2,
30,
-2,
31,
-1,
17233,
-2,
30,
-2,
31,
-1,
17234,
-2,
30,
-2,
31,
-1,
17235,
-2,
30,
-2,
31,
-1,
17236,
-2,
30,
-2,
31,
-1,
17237,
-2,
30,
-2,
31,
-1,
17238,
-2,
30,
-2,
31,
-1,
17239,
-2,
30,
-2,
31,
-1,
17240,
-2,
30,
-2,
31,
-1,
17241,
-2,
30,
-2,
31,
-1,
17242,
-2,
30,
-2,
31,
-1,
17243,
-2,
30,
-2,
31,
-1,
17244,
-2,
30,
-2,
31,
-1,
17245,
-2,
30,
-2,
31,
-1,
17246,
-2,
30,
-2,
31,
-1,
17247,
-2,
30,
-2,
31,
-1,
17248,
-2,
30,
-2,
31,
-1,
17249,
-2,
30,
-2,
31,
-1,
17250,
-2,
30,
-2,
31,
-1,
17251,
-2,
30,
-2,
31,
-1,
17252,
-2,
30,
-2,
31,
-1,
17253,
-2,
30,
-2,
31,
-1,
17254,
-2,
30,
-2,
31,
-1,
17255,
-2,
30,
-2,
31,
-1,
17256,
-2,
30,
-2,
31,
-1,
17257,
-2,
30,
-2,
31,
-1,
17258,
-2,
30,
-2,
31,
-1,
17259,
-2,
30,
-2,
31,
-1,
17260,
-2,
30,
-2,
31,
-1,
17261,
-2,
30,
-2,
31,
-1,
17262,
-2,
30,
-2,
31,
-1,
17263,
-2,
30,
-2,
31,
-1,
17264,
-2,
30,
-2,
31,
-1,
17265,
-2,
30,
-2,
31,
-1,
17266,
-2,
30,
-2,
31,
-1,
17267,
-2,
30,
-2,
31,
-1,
17268,
-2,
30,
-2,
31,
-1,
17269,
-2,
30,
-2,
31,
-1,
17270,
-2,
30,
-2,
31,
-1,
17271,
-2,
30,
-2,
31,
-1,
17272,
-2,
30,
-2,
17,
-1,
17273,
-2,
30,
-2,
17,
-1,
17274,
-2,
30,
-2,
17,
-1,
17275,
-2,
30,
-2,
17,
-1,
17276,
-2,
30,
-2,
17,
-1,
17277,
-2,
30,
-2,
17,
-1,
17278,
-2,
30,
-2,
17,
-1,
17279,
-2,
30,
-2,
17,
-1,
17280,
-2,
30,
-2,
17,
