-1,
17281,
-2,
30,
-2,
17,
-1,
17282,
-2,
30,
-2,
17,
-1,
17283,
-2,
30,
-2,
31,
-1,
17284,
-2,
30,
-2,
31,
-1,
17285,
-2,
30,
-2,
31,
-1,
17286,
-2,
30,
-2,
31,
-1,
17287,
-2,
30,
-2,
31,
-1,
17288,
-2,
30,
-2,
31,
-1,
17289,
-2,
30,
-2,
31,
-1,
17290,
-2,
30,
-2,
31,
-1,
17291,
-2,
30,
-2,
31,
-1,
17292,
-2,
30,
-2,
17,
-1,
17293,
-2,
30,
-2,
17,
-1,
17294,
-2,
30,
-2,
17,
-1,
17295,
-2,
30,
-2,
17,
-1,
17296,
-2,
30,
-2,
17,
-1,
17297,
-2,
30,
-2,
17,
-1,
17298,
-2,
30,
-2,
17,
-1,
17299,
-2,
30,
-2,
17,
-1,
17300,
-2,
30,
-2,
17,
-1,
17301,
-2,
30,
-2,
17,
-1,
17302,
-2,
30,
-2,
17,
-1,
17303,
-2,
30,
-2,
17,
-1,
17304,
-2,
30,
-2,
17,
-1,
17305,
-2,
30,
-2,
17,
-1,
17306,
-2,
30,
-2,
31,
-1,
17307,
-2,
30,
-2,
31,
-1,
17308,
-2,
30,
-2,
31,
-1,
17309,
-2,
30,
-2,
31,
-1,
17310,
-2,
30,
-2,
31,
-1,
17311,
-2,
30,
-2,
31,
-1,
17312,
-2,
30,
-2,
31,
-1,
17313,
-2,
30,
-2,
31,
-1,
17314,
-2,
30,
-2,
31,
-1,
17315,
-2,
30,
-2,
31,
-1,
17316,
-2,
30,
-2,
31,
-1,
17317,
-2,
30,
-2,
31,
-1,
17318,
-2,
30,
-2,
31,
-1,
17319,
-2,
30,
-2,
31,
-1,
17320,
-2,
30,
-2,
31,
-1,
17321,
-2,
30,
-2,
31,
-1,
17322,
-2,
30,
-2,
31,
-1,
17323,
-2,
30,
-2,
31,
-1,
17324,
-2,
30,
-2,
31,
-1,
17325,
-2,
30,
-2,
31,
-1,
17326,
-2,
30,
-2,
31,
-1,
17327,
-2,
30,
-2,
31,
-1,
17328,
-2,
30,
-2,
31,
-1,
17329,
-2,
30,
-2,
31,
-1,
17330,
-2,
30,
-2,
31,
-1,
17331,
-2,
30,
-2,
17,
-1,
17332,
-2,
30,
-2,
17,
-1,
17333,
-2,
30,
-2,
17,
-1,
17334,
-2,
30,
-2,
17,
-1,
17335,
-2,
30,
-2,
17,
-1,
17336,
-2,
30,
-2,
17,
-1,
17337,
-2,
30,
-2,
17,
-1,
17338,
-2,
30,
-2,
17,
-1,
17339,
-2,
30,
-2,
17,
-1,
17340,
-2,
30,
-2,
17,
-1,
17341,
-2,
30,
-2,
17,
-1,
17342,
-2,
30,
-2,
17,
-1,
17343,
-2,
30,
-2,
17,
-1,
17344,
-2,
30,
-2,
17,
-1,
17345,
-2,
30,
-2,
17,
-1,
17346,
-2,
30,
-2,
17,
-1,
17347,
-2,
30,
-2,
17,
-1,
17348,
-2,
30,
-2,
17,
-1,
17349,
-2,
30,
-2,
17,
-1,
17350,
-2,
30,
-2,
17,
-1,
17351,
-2,
30,
-2,
17,
-1,
17352,
-2,
30,
-2,
17,
-1,
17353,
-2,
30,
-2,
17,
-1,
17354,
-2,
30,
-2,
17,
-1,
17355,
-2,
30,
-2,
17,
-1,
17356,
-2,
30,
-2,
17,
-1,
17357,
-2,
30,
-2,
17,
-1,
17358,
-2,
30,
-2,
17,
-1,
17359,
-2,
30,
-2,
17,
-1,
17360,
-2,
30,
-2,
17,
-1,
17361,
-2,
30,
-2,
17,
-1,
17362,
-2,
30,
-2,
17,
-1,
17363,
-2,
30,
-2,
17,
-1,
17364,
-2,
30,
-2,
17,
-1,
17365,
-2,
30,
-2,
17,
-1,
17366,
-2,
30,
-2,
17,
-1,
17367,
-2,
30,
-2,
17,
-1,
17368,
-2,
30,
-2,
17,
-1,
17369,
-2,
30,
-2,
17,
-1,
17370,
-2,
30,
-2,
17,
-1,
17371,
-2,
30,
-2,
17,
-1,
17372,
-2,
30,
-2,
17,
-1,
17373,
-2,
30,
-2,
17,
-1,
17374,
-2,
30,
-2,
17,
-1,
17375,
-2,
30,
-2,
17,
-1,
17376,
-2,
30,
-2,
17,
-1,
17377,
-2,
30,
-2,
17,
-1,
17378,
-2,
30,
-2,
17,
-1,
17379,
-2,
30,
-2,
17,
-1,
17380,
-2,
30,
-2,
17,
-1,
17381,
-2,
30,
-2,
17,
-1,
17382,
-2,
30,
-2,
17,
-1,
17383,
-2,
30,
-2,
17,
-1,
17384,
-2,
30,
-2,
17,
-1,
17385,
-2,
30,
-2,
17,
-1,
17386,
-2,
30,
-2,
17,
-1,
17387,
-2,
30,
-2,
17,
-1,
17388,
-2,
30,
-2,
17,
-1,
17389,
-2,
30,
-2,
17,
-1,
17390,
-2,
30,
-2,
17,
-1,
17391,
-2,
30,
-2,
17,
-1,
17392,
-2,
30,
-2,
17,
-1,
17393,
-2,
30,
-2,
17,
-1,
17394,
-2,
30,
-2,
17,
-1,
17395,
-2,
30,
-2,
17,
-1,
17396,
-2,
30,
-2,
17,
-1,
17397,
-2,
30,
-2,
17,
-1,
17398,
-2,
30,
-2,
17,
-1,
17399,
-2,
30,
-2,
17,
-1,
17400,
-2,
30,
-2,
17,
