-1,
17401,
-2,
30,
-2,
17,
-1,
17402,
-2,
30,
-2,
17,
-1,
17403,
-2,
30,
-2,
31,
-1,
17404,
-2,
30,
-2,
31,
-1,
17405,
-2,
30,
-2,
31,
-1,
17406,
-2,
30,
-2,
31,
-1,
17407,
-2,
30,
-2,
31,
-1,
17408,
-2,
30,
-2,
31,
-1,
17409,
-2,
30,
-2,
31,
-1,
17410,
-2,
30,
-2,
31,
-1,
17411,
-2,
30,
-2,
31,
-1,
17412,
-2,
30,
-2,
17,
-1,
17413,
-2,
30,
-2,
17,
-1,
17414,
-2,
30,
-2,
17,
-1,
17415,
-2,
30,
-2,
17,
-1,
17416,
-2,
30,
-2,
17,
-1,
17417,
-2,
30,
-2,
17,
-1,
17418,
-2,
30,
-2,
17,
-1,
17419,
-2,
30,
-2,
17,
-1,
17420,
-2,
30,
-2,
17,
-1,
17421,
-2,
30,
-2,
17,
-1,
17422,
-2,
30,
-2,
17,
-1,
17423,
-2,
30,
-2,
17,
-1,
17424,
-2,
30,
-2,
17,
-1,
17425,
-2,
30,
-2,
17,
-1,
17426,
-2,
30,
-2,
31,
-1,
17427,
-2,
30,
-2,
31,
-1,
17428,
-2,
30,
-2,
31,
-1,
17429,
-2,
30,
-2,
31,
-1,
17430,
-2,
30,
-2,
31,
-1,
17431,
-2,
30,
-2,
31,
-1,
17432,
-2,
30,
-2,
31,
-1,
17433,
-2,
30,
-2,
31,
-1,
17434,
-2,
30,
-2,
31,
-1,
17435,
-2,
30,
-2,
17,
-1,
17436,
-2,
30,
-2,
17,
-1,
17437,
-2,
30,
-2,
17,
-1,
17438,
-2,
30,
-2,
17,
-1,
17439,
-2,
30,
-2,
17,
-1,
17440,
-2,
30,
-2,
17,
-1,
17441,
-2,
30,
-2,
17,
-1,
17442,
-2,
30,
-2,
31,
-1,
17443,
-2,
30,
-2,
31,
-1,
17444,
-2,
30,
-2,
31,
-1,
17445,
-2,
30,
-2,
31,
-1,
17446,
-2,
30,
-2,
31,
-1,
17447,
-2,
30,
-2,
31,
-1,
17448,
-2,
30,
-2,
31,
-1,
17449,
-2,
30,
-2,
31,
-1,
17450,
-2,
30,
-2,
31,
-1,
17451,
-2,
30,
-2,
17,
-1,
17452,
-2,
30,
-2,
17,
-1,
17453,
-2,
30,
-2,
17,
-1,
17454,
-2,
30,
-2,
17,
-1,
17455,
-2,
30,
-2,
17,
-1,
17456,
-2,
30,
-2,
17,
-1,
17457,
-2,
30,
-2,
17,
-1,
17458,
-2,
30,
-2,
17,
-1,
17459,
-2,
30,
-2,
17,
-1,
17460,
-2,
30,
-2,
17,
-1,
17461,
-2,
30,
-2,
17,
-1,
17462,
-2,
30,
-2,
17,
-1,
17463,
-2,
30,
-2,
17,
-1,
17464,
-2,
30,
-2,
17,
-1,
17465,
-2,
30,
-2,
17,
-1,
17466,
-2,
30,
-2,
17,
-1,
17467,
-2,
30,
-2,
17,
-1,
17468,
-2,
30,
-2,
17,
-1,
17469,
-2,
30,
-2,
17,
-1,
17470,
-2,
30,
-2,
17,
-1,
17471,
-2,
30,
-2,
17,
-1,
17472,
-2,
30,
-2,
17,
-1,
17473,
-2,
30,
-2,
17,
-1,
17474,
-2,
30,
-2,
17,
-1,
17475,
-2,
30,
-2,
17,
-1,
17476,
-2,
30,
-2,
17,
-1,
17477,
-2,
30,
-2,
17,
-1,
17478,
-2,
30,
-2,
17,
-1,
17479,
-2,
30,
-2,
17,
-1,
17480,
-2,
30,
-2,
17,
-1,
17481,
-2,
30,
-2,
17,
-1,
17482,
-2,
30,
-2,
31,
-1,
17483,
-2,
30,
-2,
31,
-1,
17484,
-2,
30,
-2,
31,
-1,
17485,
-2,
30,
-2,
31,
-1,
17486,
-2,
30,
-2,
31,
-1,
17487,
-2,
30,
-2,
31,
-1,
17488,
-2,
30,
-2,
31,
-1,
17489,
-2,
30,
-2,
31,
-1,
17490,
-2,
30,
-2,
31,
-1,
17491,
-2,
30,
-2,
31,
-1,
17492,
-2,
30,
-2,
31,
-1,
17493,
-2,
30,
-2,
31,
-1,
17494,
-2,
30,
-2,
31,
-1,
17495,
-2,
30,
-2,
31,
-1,
17496,
-2,
30,
-2,
31,
-1,
17497,
-2,
30,
-2,
31,
-1,
17498,
-2,
30,
-2,
31,
-1,
17499,
-2,
30,
-2,
31,
-1,
17500,
-2,
30,
-2,
31,
-1,
17501,
-2,
30,
-2,
31,
-1,
17502,
-2,
30,
-2,
31,
-1,
17503,
-2,
30,
-2,
31,
-1,
17504,
-2,
30,
-2,
31,
-1,
17505,
-2,
30,
-2,
31,
-1,
17506,
-2,
30,
-2,
31,
-1,
17507,
-2,
30,
-2,
31,
-1,
17508,
-2,
30,
-2,
31,
-1,
17509,
-2,
30,
-2,
31,
-1,
17510,
-2,
30,
-2,
31,
-1,
17511,
-2,
30,
-2,
31,
-1,
17512,
-2,
30,
-2,
31,
-1,
17513,
-2,
30,
-2,
31,
-1,
17514,
-2,
30,
-2,
31,
-1,
17515,
-2,
30,
-2,
31,
-1,
17516,
-2,
30,
-2,
31,
-1,
17517,
-2,
30,
-2,
31,
-1,
17518,
-2,
30,
-2,
31,
-1,
17519,
-2,
30,
-2,
31,
-1,
17520,
-2,
30,
-2,
31,
