-1,
17521,
-2,
30,
-2,
31,
-1,
17522,
-2,
30,
-2,
31,
-1,
17523,
-2,
30,
-2,
31,
-1,
17524,
-2,
30,
-2,
31,
-1,
17525,
-2,
30,
-2,
31,
-1,
17526,
-2,
30,
-2,
31,
-1,
17527,
-2,
30,
-2,
31,
-1,
17528,
-2,
30,
-2,
31,
-1,
17529,
-2,
30,
-2,
31,
-1,
17530,
-2,
30,
-2,
31,
-1,
17531,
-2,
30,
-2,
31,
-1,
17532,
-2,
30,
-2,
31,
-1,
17533,
-2,
30,
-2,
31,
-1,
17534,
-2,
30,
-2,
31,
-1,
17535,
-2,
30,
-2,
31,
-1,
17536,
-2,
30,
-2,
31,
-1,
17537,
-2,
30,
-2,
31,
-1,
17538,
-2,
30,
-2,
31,
-1,
17539,
-2,
30,
-2,
31,
-1,
17540,
-2,
30,
-2,
31,
-1,
17541,
-2,
30,
-2,
31,
-1,
17542,
-2,
30,
-2,
31,
-1,
17543,
-2,
30,
-2,
31,
-1,
17544,
-2,
30,
-2,
31,
-1,
17545,
-2,
30,
-2,
31,
-1,
17546,
-2,
30,
-2,
31,
-1,
17547,
-2,
30,
-2,
31,
-1,
17548,
-2,
30,
-2,
31,
-1,
17549,
-2,
30,
-2,
31,
-1,
17550,
-2,
30,
-2,
31,
-1,
17551,
-2,
30,
-2,
31,
-1,
17552,
-2,
30,
-2,
31,
-1,
17553,
-2,
30,
-2,
31,
-1,
17554,
-2,
30,
-2,
31,
-1,
17555,
-2,
30,
-2,
31,
-1,
17556,
-2,
30,
-2,
31,
-1,
17557,
-2,
30,
-2,
31,
-1,
17558,
-2,
30,
-2,
31,
-1,
17559,
-2,
30,
-2,
31,
-1,
17560,
-2,
30,
-2,
31,
-1,
17561,
-2,
30,
-2,
31,
-1,
17562,
-2,
30,
-2,
31,
-1,
17563,
-2,
30,
-2,
31,
-1,
17564,
-2,
30,
-2,
31,
-1,
17565,
-2,
30,
-2,
31,
-1,
17566,
-2,
30,
-2,
31,
-1,
17567,
-2,
30,
-2,
31,
-1,
17568,
-2,
30,
-2,
31,
-1,
17569,
-2,
30,
-2,
31,
-1,
17570,
-2,
30,
-2,
31,
-1,
17571,
-2,
30,
-2,
31,
-1,
17572,
-2,
30,
-2,
31,
-1,
17573,
-2,
30,
-2,
31,
-1,
17574,
-2,
30,
-2,
31,
-1,
17575,
-2,
30,
-2,
31,
-1,
17576,
-2,
30,
-2,
31,
-1,
17577,
-2,
30,
-2,
31,
-1,
17578,
-2,
30,
-2,
31,
-1,
17579,
-2,
30,
-2,
31,
-1,
17580,
-2,
30,
-2,
31,
-1,
17581,
-2,
30,
-2,
31,
-1,
17582,
-2,
30,
-2,
31,
-1,
17583,
-2,
30,
-2,
31,
-1,
17584,
-2,
30,
-2,
31,
-1,
17585,
-2,
30,
-2,
31,
-1,
17586,
-2,
30,
-2,
31,
-1,
17587,
-2,
30,
-2,
31,
-1,
17588,
-2,
30,
-2,
17,
-1,
17589,
-2,
30,
-2,
17,
-1,
17590,
-2,
30,
-2,
17,
-1,
17591,
-2,
30,
-2,
17,
-1,
17592,
-2,
30,
-2,
17,
-1,
17593,
-2,
30,
-2,
17,
-1,
17594,
-2,
30,
-2,
17,
-1,
17595,
-2,
30,
-2,
17,
-1,
17596,
-2,
30,
-2,
17,
-1,
17597,
-2,
30,
-2,
17,
-1,
17598,
-2,
30,
-2,
17,
-1,
17599,
-2,
30,
-2,
17,
-1,
17600,
-2,
30,
-2,
17,
-1,
17601,
-2,
30,
-2,
17,
-1,
17602,
-2,
30,
-2,
17,
-1,
17603,
-2,
30,
-2,
17,
-1,
17604,
-2,
30,
-2,
17,
-1,
17605,
-2,
30,
-2,
17,
-1,
17606,
-2,
30,
-2,
17,
-1,
17607,
-2,
30,
-2,
17,
-1,
17608,
-2,
30,
-2,
17,
-1,
17609,
-2,
30,
-2,
17,
-1,
17610,
-2,
30,
-2,
17,
-1,
17611,
-2,
30,
-2,
17,
-1,
17612,
-2,
30,
-2,
17,
-1,
17613,
-2,
30,
-2,
17,
-1,
17614,
-2,
30,
-2,
17,
-1,
17615,
-2,
30,
-2,
17,
-1,
17616,
-2,
30,
-2,
17,
-1,
17617,
-2,
30,
-2,
17,
-1,
17618,
-2,
30,
-2,
17,
-1,
17619,
-2,
30,
-2,
17,
-1,
17620,
-2,
30,
-2,
17,
-1,
17621,
-2,
30,
-2,
17,
-1,
17622,
-2,
30,
-2,
17,
-1,
17623,
-2,
30,
-2,
17,
-1,
17624,
-2,
30,
-2,
17,
-1,
17625,
-2,
30,
-2,
17,
-1,
17626,
-2,
30,
-2,
17,
-1,
17627,
-2,
30,
-2,
17,
-1,
17628,
-2,
30,
-2,
17,
-1,
17629,
-2,
30,
-2,
17,
-1,
17630,
-2,
30,
-2,
17,
-1,
17631,
-2,
30,
-2,
17,
-1,
17632,
-2,
30,
-2,
17,
-1,
17633,
-2,
30,
-2,
17,
-1,
17634,
-2,
30,
-2,
17,
-1,
17635,
-2,
30,
-2,
17,
-1,
17636,
-2,
30,
-2,
17,
-1,
17637,
-2,
30,
-2,
17,
-1,
17638,
-2,
30,
-2,
17,
-1,
17639,
-2,
30,
-2,
17,
-1,
17640,
-2,
30,
-2,
17,
