-1,
17641,
-2,
30,
-2,
17,
-1,
17642,
-2,
30,
-2,
31,
-1,
17643,
-2,
30,
-2,
31,
-1,
17644,
-2,
30,
-2,
31,
-1,
17645,
-2,
30,
-2,
31,
-1,
17646,
-2,
30,
-2,
31,
-1,
17647,
-2,
30,
-2,
31,
-1,
17648,
-2,
30,
-2,
31,
-1,
17649,
-2,
30,
-2,
31,
-1,
17650,
-2,
30,
-2,
31,
-1,
17651,
-2,
30,
-2,
31,
-1,
17652,
-2,
30,
-2,
31,
-1,
17653,
-2,
30,
-2,
31,
-1,
17654,
-2,
30,
-2,
31,
-1,
17655,
-2,
30,
-2,
31,
-1,
17656,
-2,
30,
-2,
31,
-1,
17657,
-2,
30,
-2,
31,
-1,
17658,
-2,
30,
-2,
31,
-1,
17659,
-2,
30,
-2,
31,
-1,
17660,
-2,
30,
-2,
31,
-1,
17661,
-2,
30,
-2,
31,
-1,
17662,
-2,
30,
-2,
17,
-1,
17663,
-2,
30,
-2,
17,
-1,
17664,
-2,
30,
-2,
17,
-1,
17665,
-2,
30,
-2,
17,
-1,
17666,
-2,
30,
-2,
17,
-1,
17667,
-2,
30,
-2,
17,
-1,
17668,
-2,
30,
-2,
17,
-1,
17669,
-2,
30,
-2,
17,
-1,
17670,
-2,
30,
-2,
17,
-1,
17671,
-2,
30,
-2,
17,
-1,
17672,
-2,
30,
-2,
17,
-1,
17673,
-2,
30,
-2,
17,
-1,
17674,
-2,
30,
-2,
17,
-1,
17675,
-2,
30,
-2,
17,
-1,
17676,
-2,
30,
-2,
17,
-1,
17677,
-2,
30,
-2,
17,
-1,
17678,
-2,
30,
-2,
17,
-1,
17679,
-2,
30,
-2,
17,
-1,
17680,
-2,
30,
-2,
17,
-1,
17681,
-2,
30,
-2,
17,
-1,
17682,
-2,
30,
-2,
17,
-1,
17683,
-2,
30,
-2,
17,
-1,
17684,
-2,
30,
-2,
17,
-1,
17685,
-2,
30,
-2,
17,
-1,
17686,
-2,
30,
-2,
17,
-1,
17687,
-2,
30,
-2,
17,
-1,
17688,
-2,
30,
-2,
17,
-1,
17689,
-2,
30,
-2,
17,
-1,
17690,
-2,
30,
-2,
17,
-1,
17691,
-2,
30,
-2,
17,
-1,
17692,
-2,
30,
-2,
17,
-1,
17693,
-2,
30,
-2,
17,
-1,
17694,
-2,
30,
-2,
17,
-1,
17695,
-2,
30,
-2,
17,
-1,
17696,
-2,
30,
-2,
17,
-1,
17697,
-2,
30,
-2,
17,
-1,
17698,
-2,
30,
-2,
17,
-1,
17699,
-2,
30,
-2,
17,
-1,
17700,
-2,
30,
-2,
17,
-1,
17701,
-2,
30,
-2,
17,
-1,
17702,
-2,
30,
-2,
17,
-1,
17703,
-2,
30,
-2,
17,
-1,
17704,
-2,
30,
-2,
17,
-1,
17705,
-2,
30,
-2,
17,
-1,
17706,
-2,
30,
-2,
17,
-1,
17707,
-2,
30,
-2,
17,
-1,
17708,
-2,
30,
-2,
17,
-1,
17709,
-2,
30,
-2,
17,
-1,
17710,
-2,
30,
-2,
17,
-1,
17711,
-2,
30,
-2,
17,
-1,
17712,
-2,
30,
-2,
17,
-1,
17713,
-2,
30,
-2,
17,
-1,
17714,
-2,
30,
-2,
17,
-1,
17715,
-2,
30,
-2,
17,
-1,
17716,
-2,
30,
-2,
17,
-1,
17717,
-2,
30,
-2,
17,
-1,
17718,
-2,
30,
-2,
17,
-1,
17719,
-2,
30,
-2,
17,
-1,
17720,
-2,
30,
-2,
17,
-1,
17721,
-2,
30,
-2,
17,
-1,
17722,
-2,
30,
-2,
17,
-1,
17723,
-2,
30,
-2,
17,
-1,
17724,
-2,
30,
-2,
17,
-1,
17725,
-2,
30,
-2,
17,
-1,
17726,
-2,
30,
-2,
17,
-1,
17727,
-2,
30,
-2,
17,
-1,
17728,
-2,
30,
-2,
17,
-1,
17729,
-2,
30,
-2,
17,
-1,
17730,
-2,
30,
-2,
17,
-1,
17731,
-2,
30,
-2,
17,
-1,
17732,
-2,
30,
-2,
17,
-1,
17733,
-2,
30,
-2,
17,
-1,
17734,
-2,
30,
-2,
17,
-1,
17735,
-2,
30,
-2,
17,
-1,
17736,
-2,
30,
-2,
17,
-1,
17737,
-2,
30,
-2,
17,
-1,
17738,
-2,
30,
-2,
17,
-1,
17739,
-2,
30,
-2,
17,
-1,
17740,
-2,
30,
-2,
17,
-1,
17741,
-2,
30,
-2,
17,
-1,
17742,
-2,
30,
-2,
17,
-1,
17743,
-2,
30,
-2,
17,
-1,
17744,
-2,
30,
-2,
17,
-1,
17745,
-2,
30,
-2,
17,
-1,
17746,
-2,
30,
-2,
17,
-1,
17747,
-2,
30,
-2,
17,
-1,
17748,
-2,
30,
-2,
17,
-1,
17749,
-2,
30,
-2,
17,
-1,
17750,
-2,
30,
-2,
17,
-1,
17751,
-2,
30,
-2,
17,
-1,
17752,
-2,
30,
-2,
17,
-1,
17753,
-2,
30,
-2,
17,
-1,
17754,
-2,
30,
-2,
17,
-1,
17755,
-2,
30,
-2,
17,
-1,
17756,
-2,
30,
-2,
17,
-1,
17757,
-2,
30,
-2,
17,
-1,
17758,
-2,
30,
-2,
17,
-1,
17759,
-2,
30,
-2,
17,
-1,
17760,
-2,
30,
-2,
17,
