-1,
17761,
-2,
30,
-2,
17,
-1,
17762,
-2,
30,
-2,
31,
-1,
17763,
-2,
30,
-2,
31,
-1,
17764,
-2,
30,
-2,
31,
-1,
17765,
-2,
30,
-2,
31,
-1,
17766,
-2,
30,
-2,
31,
-1,
17767,
-2,
30,
-2,
31,
-1,
17768,
-2,
30,
-2,
31,
-1,
17769,
-2,
30,
-2,
31,
-1,
17770,
-2,
30,
-2,
31,
-1,
17771,
-2,
30,
-2,
31,
-1,
17772,
-2,
30,
-2,
31,
-1,
17773,
-2,
30,
-2,
31,
-1,
17774,
-2,
30,
-2,
31,
-1,
17775,
-2,
30,
-2,
31,
-1,
17776,
-2,
30,
-2,
31,
-1,
17777,
-2,
30,
-2,
31,
-1,
17778,
-2,
30,
-2,
31,
-1,
17779,
-2,
30,
-2,
31,
-1,
17780,
-2,
30,
-2,
31,
-1,
17781,
-2,
30,
-2,
31,
-1,
17782,
-2,
30,
-2,
31,
-1,
17783,
-2,
30,
-2,
31,
-1,
17784,
-2,
30,
-2,
31,
-1,
17785,
-2,
30,
-2,
31,
-1,
17786,
-2,
30,
-2,
31,
-1,
17787,
-2,
30,
-2,
31,
-1,
17788,
-2,
30,
-2,
31,
-1,
17789,
-2,
30,
-2,
31,
-1,
17790,
-2,
30,
-2,
31,
-1,
17791,
-2,
30,
-2,
31,
-1,
17792,
-2,
30,
-2,
31,
-1,
17793,
-2,
30,
-2,
31,
-1,
17794,
-2,
30,
-2,
31,
-1,
17795,
-2,
30,
-2,
31,
-1,
17796,
-2,
30,
-2,
31,
-1,
17797,
-2,
30,
-2,
31,
-1,
17798,
-2,
30,
-2,
31,
-1,
17799,
-2,
30,
-2,
31,
-1,
17800,
-2,
30,
-2,
31,
-1,
17801,
-2,
30,
-2,
31,
-1,
17802,
-2,
30,
-2,
31,
-1,
17803,
-2,
30,
-2,
31,
-1,
17804,
-2,
30,
-2,
31,
-1,
17805,
-2,
30,
-2,
31,
-1,
17806,
-2,
30,
-2,
31,
-1,
17807,
-2,
30,
-2,
31,
-1,
17808,
-2,
30,
-2,
31,
-1,
17809,
-2,
30,
-2,
31,
-1,
17810,
-2,
30,
-2,
31,
-1,
17811,
-2,
30,
-2,
31,
-1,
17812,
-2,
30,
-2,
31,
-1,
17813,
-2,
30,
-2,
31,
-1,
17814,
-2,
30,
-2,
31,
-1,
17815,
-2,
30,
-2,
31,
-1,
17816,
-2,
30,
-2,
31,
-1,
17817,
-2,
30,
-2,
31,
-1,
17818,
-2,
30,
-2,
31,
-1,
17819,
-2,
30,
-2,
31,
-1,
17820,
-2,
30,
-2,
31,
-1,
17821,
-2,
30,
-2,
31,
-1,
17822,
-2,
30,
-2,
31,
-1,
17823,
-2,
30,
-2,
31,
-1,
17824,
-2,
30,
-2,
31,
-1,
17825,
-2,
30,
-2,
31,
-1,
17826,
-2,
30,
-2,
31,
-1,
17827,
-2,
30,
-2,
31,
-1,
17828,
-2,
30,
-2,
31,
-1,
17829,
-2,
30,
-2,
31,
-1,
17830,
-2,
30,
-2,
31,
-1,
17831,
-2,
30,
-2,
31,
-1,
17832,
-2,
30,
-2,
31,
-1,
17833,
-2,
30,
-2,
31,
-1,
17834,
-2,
30,
-2,
31,
-1,
17835,
-2,
30,
-2,
31,
-1,
17836,
-2,
30,
-2,
31,
-1,
17837,
-2,
30,
-2,
31,
-1,
17838,
-2,
30,
-2,
31,
-1,
17839,
-2,
30,
-2,
31,
-1,
17840,
-2,
30,
-2,
31,
-1,
17841,
-2,
30,
-2,
31,
-1,
17842,
-2,
30,
-2,
31,
-1,
17843,
-2,
30,
-2,
31,
-1,
17844,
-2,
30,
-2,
31,
-1,
17845,
-2,
30,
-2,
31,
-1,
17846,
-2,
30,
-2,
17,
-1,
17847,
-2,
30,
-2,
17,
-1,
17848,
-2,
30,
-2,
17,
-1,
17849,
-2,
30,
-2,
17,
-1,
17850,
-2,
30,
-2,
17,
-1,
17851,
-2,
30,
-2,
17,
-1,
17852,
-2,
30,
-2,
17,
-1,
17853,
-2,
30,
-2,
17,
-1,
17854,
-2,
30,
-2,
17,
-1,
17855,
-2,
30,
-2,
17,
-1,
17856,
-2,
30,
-2,
17,
-1,
17857,
-2,
30,
-2,
17,
-1,
17858,
-2,
30,
-2,
17,
-1,
17859,
-2,
30,
-2,
17,
-1,
17860,
-2,
30,
-2,
17,
-1,
17861,
-2,
30,
-2,
17,
-1,
17862,
-2,
30,
-2,
17,
-1,
17863,
-2,
30,
-2,
17,
-1,
17864,
-2,
30,
-2,
17,
-1,
17865,
-2,
30,
-2,
17,
-1,
17866,
-2,
30,
-2,
17,
-1,
17867,
-2,
30,
-2,
17,
-1,
17868,
-2,
30,
-2,
31,
-1,
17869,
-2,
30,
-2,
31,
-1,
17870,
-2,
30,
-2,
31,
-1,
17871,
-2,
30,
-2,
31,
-1,
17872,
-2,
30,
-2,
31,
-1,
17873,
-2,
30,
-2,
31,
-1,
17874,
-2,
30,
-2,
31,
-1,
17875,
-2,
30,
-2,
31,
-1,
17876,
-2,
30,
-2,
31,
-1,
17877,
-2,
30,
-2,
31,
-1,
17878,
-2,
30,
-2,
31,
-1,
17879,
-2,
30,
-2,
31,
-1,
17880,
-2,
30,
-2,
31,
