-1,
17881,
-2,
30,
-2,
31,
-1,
17882,
-2,
30,
-2,
31,
-1,
17883,
-2,
30,
-2,
31,
-1,
17884,
-2,
30,
-2,
31,
-1,
17885,
-2,
30,
-2,
31,
-1,
17886,
-2,
30,
-2,
31,
-1,
17887,
-2,
30,
-2,
31,
-1,
17888,
-2,
30,
-2,
31,
-1,
17889,
-2,
30,
-2,
31,
-1,
17890,
-2,
30,
-2,
31,
-1,
17891,
-2,
30,
-2,
31,
-1,
17892,
-2,
30,
-2,
31,
-1,
17893,
-2,
30,
-2,
31,
-1,
17894,
-2,
30,
-2,
31,
-1,
17895,
-2,
30,
-2,
17,
-1,
17896,
-2,
30,
-2,
17,
-1,
17897,
-2,
30,
-2,
17,
-1,
17898,
-2,
30,
-2,
17,
-1,
17899,
-2,
30,
-2,
17,
-1,
17900,
-2,
30,
-2,
17,
-1,
17901,
-2,
30,
-2,
17,
-1,
17902,
-2,
30,
-2,
17,
-1,
17903,
-2,
30,
-2,
17,
-1,
17904,
-2,
30,
-2,
17,
-1,
17905,
-2,
30,
-2,
17,
-1,
17906,
-2,
30,
-2,
17,
-1,
17907,
-2,
30,
-2,
17,
-1,
17908,
-2,
30,
-2,
17,
-1,
17909,
-2,
30,
-2,
17,
-1,
17910,
-2,
30,
-2,
17,
-1,
17911,
-2,
30,
-2,
17,
-1,
17912,
-2,
30,
-2,
17,
-1,
17913,
-2,
30,
-2,
17,
-1,
17914,
-2,
30,
-2,
17,
-1,
17915,
-2,
30,
-2,
17,
-1,
17916,
-2,
30,
-2,
17,
-1,
17917,
-2,
30,
-2,
17,
-1,
17918,
-2,
30,
-2,
17,
-1,
17919,
-2,
30,
-2,
17,
-1,
17920,
-2,
30,
-2,
17,
-1,
17921,
-2,
30,
-2,
17,
-1,
17922,
-2,
30,
-2,
17,
-1,
17923,
-2,
30,
-2,
17,
-1,
17924,
-2,
30,
-2,
17,
-1,
17925,
-2,
30,
-2,
17,
-1,
17926,
-2,
30,
-2,
17,
-1,
17927,
-2,
30,
-2,
17,
-1,
17928,
-2,
30,
-2,
17,
-1,
17929,
-2,
30,
-2,
17,
-1,
17930,
-2,
30,
-2,
17,
-1,
17931,
-2,
30,
-2,
17,
-1,
17932,
-2,
30,
-2,
17,
-1,
17933,
-2,
30,
-2,
17,
-1,
17934,
-2,
30,
-2,
17,
-1,
17935,
-2,
30,
-2,
17,
-1,
17936,
-2,
30,
-2,
17,
-1,
17937,
-2,
30,
-2,
17,
-1,
17938,
-2,
30,
-2,
17,
-1,
17939,
-2,
30,
-2,
17,
-1,
17940,
-2,
30,
-2,
17,
-1,
17941,
-2,
30,
-2,
17,
-1,
17942,
-2,
30,
-2,
17,
-1,
17943,
-2,
30,
-2,
17,
-1,
17944,
-2,
30,
-2,
17,
-1,
17945,
-2,
30,
-2,
17,
-1,
17946,
-2,
30,
-2,
17,
-1,
17947,
-2,
30,
-2,
17,
-1,
17948,
-2,
30,
-2,
17,
-1,
17949,
-2,
30,
-2,
17,
-1,
17950,
-2,
30,
-2,
17,
-1,
17951,
-2,
30,
-2,
17,
-1,
17952,
-2,
30,
-2,
17,
-1,
17953,
-2,
30,
-2,
17,
-1,
17954,
-2,
30,
-2,
17,
-1,
17955,
-2,
30,
-2,
17,
-1,
17956,
-2,
30,
-2,
17,
-1,
17957,
-2,
30,
-2,
17,
-1,
17958,
-2,
30,
-2,
17,
-1,
17959,
-2,
30,
-2,
17,
-1,
17960,
-2,
30,
-2,
17,
-1,
17961,
-2,
30,
-2,
17,
-1,
17962,
-2,
30,
-2,
17,
-1,
17963,
-2,
30,
-2,
17,
-1,
17964,
-2,
30,
-2,
17,
-1,
17965,
-2,
30,
-2,
17,
-1,
17966,
-2,
30,
-2,
17,
-1,
17967,
-2,
30,
-2,
17,
-1,
17968,
-2,
30,
-2,
17,
-1,
17969,
-2,
30,
-2,
17,
-1,
17970,
-2,
30,
-2,
17,
-1,
17971,
-2,
30,
-2,
17,
-1,
17972,
-2,
30,
-2,
17,
-1,
17973,
-2,
30,
-2,
17,
-1,
17974,
-2,
30,
-2,
17,
-1,
17975,
-2,
30,
-2,
17,
-1,
17976,
-2,
30,
-2,
17,
-1,
17977,
-2,
30,
-2,
17,
-1,
17978,
-2,
30,
-2,
17,
-1,
17979,
-2,
30,
-2,
17,
-1,
17980,
-2,
30,
-2,
17,
-1,
17981,
-2,
30,
-2,
17,
-1,
17982,
-2,
30,
-2,
17,
-1,
17983,
-2,
30,
-2,
17,
-1,
17984,
-2,
30,
-2,
17,
-1,
17985,
-2,
30,
-2,
17,
-1,
17986,
-2,
30,
-2,
17,
-1,
17987,
-2,
30,
-2,
17,
-1,
17988,
-2,
30,
-2,
31,
-1,
17989,
-2,
30,
-2,
31,
-1,
17990,
-2,
30,
-2,
31,
-1,
17991,
-2,
30,
-2,
31,
-1,
17992,
-2,
30,
-2,
31,
-1,
17993,
-2,
30,
-2,
31,
-1,
17994,
-2,
30,
-2,
31,
-1,
17995,
-2,
30,
-2,
31,
-1,
17996,
-2,
30,
-2,
17,
-1,
17997,
-2,
30,
-2,
17,
-1,
17998,
-2,
30,
-2,
17,
-1,
17999,
-2,
30,
-2,
17,
-1,
18000,
-2,
30,
-2,
17,
