-1,
1801,
-2,
17,
-2,
30,
-1,
1802,
-2,
17,
-1,
1803,
-2,
17,
-1,
1804,
-2,
17,
-2,
17,
-1,
1805,
-2,
17,
-2,
17,
-1,
1806,
-2,
17,
-2,
17,
-1,
1807,
-2,
17,
-2,
31,
-1,
1808,
-2,
17,
-2,
31,
-1,
1809,
-2,
17,
-2,
31,
-1,
1810,
-2,
17,
-2,
31,
-1,
1811,
-2,
17,
-2,
31,
-1,
1812,
-2,
17,
-2,
31,
-1,
1813,
-2,
17,
-2,
31,
-1,
1814,
-2,
17,
-2,
31,
-1,
1815,
-2,
17,
-2,
31,
-1,
1816,
-2,
17,
-2,
31,
-1,
1817,
-2,
17,
-2,
17,
-1,
1818,
-2,
17,
-2,
17,
-1,
1819,
-2,
17,
-2,
30,
-2,
17,
-1,
1820,
-2,
17,
-2,
31,
-1,
1821,
-2,
17,
-2,
31,
-1,
1822,
-2,
17,
-2,
31,
-1,
1823,
-2,
17,
-2,
17,
-1,
1824,
-2,
17,
-2,
17,
-1,
1825,
-2,
17,
-2,
17,
-1,
1826,
-2,
17,
-2,
17,
-1,
1827,
-2,
17,
-2,
17,
-1,
1828,
-2,
17,
-2,
17,
-1,
1829,
-2,
31,
-2,
17,
-1,
1830,
-2,
31,
-2,
17,
-1,
1831,
-2,
31,
-2,
17,
-1,
1832,
-2,
31,
-2,
17,
-1,
1833,
-2,
31,
-2,
17,
-1,
1834,
-2,
31,
-2,
17,
-1,
1835,
-2,
31,
-2,
17,
-1,
1836,
-2,
31,
-2,
17,
-1,
1837,
-2,
31,
-2,
17,
-1,
1838,
-2,
31,
-2,
17,
-1,
1839,
-2,
31,
-2,
17,
-1,
1840,
-2,
31,
-2,
17,
-1,
1841,
-2,
31,
-2,
17,
-1,
1842,
-2,
31,
-2,
17,
-1,
1843,
-2,
31,
-2,
17,
-2,
17,
-1,
1844,
-2,
31,
-2,
17,
-1,
1845,
-2,
31,
-2,
17,
-1,
1846,
-2,
31,
-2,
17,
-1,
1847,
-2,
31,
-2,
17,
-1,
1848,
-2,
31,
-2,
17,
-1,
1849,
-2,
31,
-2,
17,
-1,
1850,
-2,
31,
-2,
17,
-1,
1851,
-2,
31,
-1,
1852,
-2,
31,
-1,
1853,
-2,
31,
-1,
1854,
-2,
31,
-1,
1855,
-2,
31,
-2,
31,
-1,
1856,
-2,
31,
-2,
31,
-1,
1857,
-2,
31,
-2,
31,
-1,
1858,
-2,
32,
-2,
31,
-1,
1859,
-2,
32,
-2,
31,
-1,
1860,
-2,
32,
-2,
31,
-1,
1861,
-2,
32,
-2,
17,
-1,
1862,
-2,
32,
-2,
17,
-1,
1863,
-2,
32,
-2,
17,
-1,
1864,
-2,
32,
-2,
30,
-1,
1865,
-2,
32,
-2,
17,
-1,
1866,
-2,
32,
-2,
17,
-1,
1867,
-2,
32,
-2,
17,
-1,
1868,
-2,
32,
-2,
17,
-1,
1869,
-2,
30,
-2,
17,
-1,
1870,
-2,
30,
-2,
17,
-1,
1871,
-2,
30,
-2,
17,
-1,
1872,
-2,
30,
-2,
31,
-1,
1873,
-2,
30,
-2,
31,
-1,
1874,
-2,
30,
-2,
32,
-1,
1875,
-2,
30,
-2,
17,
-1,
1876,
-2,
32,
-2,
17,
-1,
1877,
-2,
32,
-2,
17,
-1,
1878,
-2,
32,
-2,
17,
-1,
1879,
-2,
32,
-2,
17,
-1,
1880,
-2,
32,
-2,
17,
-1,
1881,
-2,
32,
-2,
17,
-1,
1882,
-2,
17,
-2,
17,
-1,
1883,
-2,
17,
-2,
17,
-1,
1884,
-2,
17,
-2,
17,
-1,
1885,
-2,
17,
-2,
17,
-1,
1886,
-2,
17,
-2,
17,
-1,
1887,
-2,
57,
-2,
17,
-1,
1888,
-2,
17,
-2,
31,
-1,
1889,
-2,
17,
-2,
31,
-1,
1890,
-2,
17,
-2,
31,
-1,
1891,
-2,
17,
-2,
31,
-1,
1892,
-2,
30,
-2,
17,
-1,
1893,
-2,
30,
-2,
17,
-1,
1894,
-2,
30,
-2,
31,
-1,
1895,
-2,
30,
-2,
31,
-1,
1896,
-2,
30,
-2,
31,
-1,
1897,
-2,
30,
-2,
17,
-1,
1898,
-2,
30,
-2,
17,
-1,
1899,
-2,
30,
-2,
31,
-1,
1900,
-2,
30,
-2,
31,
-1,
1901,
-2,
30,
-2,
31,
-2,
17,
-1,
1902,
-2,
30,
-2,
31,
-1,
1903,
-2,
30,
-2,
17,
-1,
1904,
-2,
30,
-2,
17,
-1,
1905,
-2,
30,
-2,
17,
-1,
1906,
-2,
30,
-2,
17,
-1,
1907,
-2,
30,
-2,
17,
-1,
1908,
-2,
30,
-2,
30,
-1,
1909,
-2,
30,
-2,
17,
-1,
1910,
-2,
30,
-2,
31,
-1,
1911,
-2,
30,
-2,
31,
-1,
1912,
-2,
30,
-2,
31,
-1,
1913,
-2,
30,
-2,
31,
-1,
1914,
-2,
30,
-2,
31,
-1,
1915,
-2,
31,
-2,
17,
-1,
1916,
-2,
31,
-2,
17,
-1,
1917,
-2,
31,
-2,
17,
-1,
1918,
-2,
31,
-1,
1919,
-2,
31,
-2,
30,
-1,
1920,
-2,
31,
