-1,
18001,
-2,
30,
-2,
17,
-1,
18002,
-2,
30,
-2,
17,
-1,
18003,
-2,
30,
-2,
31,
-1,
18004,
-2,
30,
-2,
31,
-1,
18005,
-2,
30,
-2,
31,
-1,
18006,
-2,
30,
-2,
31,
-1,
18007,
-2,
30,
-2,
31,
-1,
18008,
-2,
30,
-2,
31,
-1,
18009,
-2,
30,
-2,
31,
-1,
18010,
-2,
30,
-2,
31,
-1,
18011,
-2,
30,
-2,
31,
-1,
18012,
-2,
30,
-2,
31,
-1,
18013,
-2,
30,
-2,
31,
-1,
18014,
-2,
30,
-2,
31,
-1,
18015,
-2,
30,
-2,
17,
-1,
18016,
-2,
30,
-2,
17,
-1,
18017,
-2,
30,
-2,
17,
-1,
18018,
-2,
30,
-2,
17,
-1,
18019,
-2,
30,
-2,
17,
-1,
18020,
-2,
30,
-2,
17,
-1,
18021,
-2,
30,
-2,
17,
-1,
18022,
-2,
30,
-2,
17,
-1,
18023,
-2,
30,
-2,
17,
-1,
18024,
-2,
30,
-2,
17,
-1,
18025,
-2,
30,
-2,
17,
-1,
18026,
-2,
30,
-2,
17,
-1,
18027,
-2,
30,
-2,
17,
-1,
18028,
-2,
30,
-2,
17,
-1,
18029,
-2,
30,
-2,
17,
-1,
18030,
-2,
30,
-2,
17,
-1,
18031,
-2,
30,
-2,
17,
-1,
18032,
-2,
30,
-2,
17,
-1,
18033,
-2,
30,
-2,
17,
-1,
18034,
-2,
30,
-2,
17,
-1,
18035,
-2,
30,
-2,
17,
-1,
18036,
-2,
30,
-2,
17,
-1,
18037,
-2,
30,
-2,
17,
-1,
18038,
-2,
30,
-2,
17,
-1,
18039,
-2,
30,
-2,
17,
-1,
18040,
-2,
30,
-2,
17,
-1,
18041,
-2,
30,
-2,
17,
-1,
18042,
-2,
30,
-2,
17,
-1,
18043,
-2,
30,
-2,
17,
-1,
18044,
-2,
30,
-2,
17,
-1,
18045,
-2,
30,
-2,
17,
-1,
18046,
-2,
30,
-2,
17,
-1,
18047,
-2,
30,
-2,
17,
-1,
18048,
-2,
30,
-2,
17,
-1,
18049,
-2,
30,
-2,
17,
-1,
18050,
-2,
30,
-2,
17,
-1,
18051,
-2,
30,
-2,
17,
-1,
18052,
-2,
30,
-2,
17,
-1,
18053,
-2,
30,
-2,
17,
-1,
18054,
-2,
30,
-2,
17,
-1,
18055,
-2,
30,
-2,
17,
-1,
18056,
-2,
30,
-2,
17,
-1,
18057,
-2,
30,
-2,
17,
-1,
18058,
-2,
30,
-2,
17,
-1,
18059,
-2,
30,
-2,
17,
-1,
18060,
-2,
30,
-2,
17,
-1,
18061,
-2,
30,
-2,
17,
-1,
18062,
-2,
30,
-2,
31,
-1,
18063,
-2,
30,
-2,
31,
-1,
18064,
-2,
30,
-2,
31,
-1,
18065,
-2,
30,
-2,
31,
-1,
18066,
-2,
30,
-2,
31,
-1,
18067,
-2,
30,
-2,
31,
-1,
18068,
-2,
30,
-2,
31,
-1,
18069,
-2,
30,
-2,
31,
-1,
18070,
-2,
30,
-2,
31,
-1,
18071,
-2,
30,
-2,
31,
-1,
18072,
-2,
30,
-2,
31,
-1,
18073,
-2,
30,
-2,
31,
-1,
18074,
-2,
30,
-2,
31,
-1,
18075,
-2,
30,
-2,
31,
-1,
18076,
-2,
30,
-2,
31,
-1,
18077,
-2,
30,
-2,
31,
-1,
18078,
-2,
30,
-2,
31,
-1,
18079,
-2,
30,
-2,
31,
-1,
18080,
-2,
30,
-2,
31,
-1,
18081,
-2,
30,
-2,
31,
-1,
18082,
-2,
30,
-2,
31,
-1,
18083,
-2,
30,
-2,
31,
-1,
18084,
-2,
30,
-2,
31,
-1,
18085,
-2,
30,
-2,
31,
-1,
18086,
-2,
30,
-2,
31,
-1,
18087,
-2,
30,
-2,
31,
-1,
18088,
-2,
30,
-2,
31,
-1,
18089,
-2,
30,
-2,
31,
-1,
18090,
-2,
30,
-2,
31,
-1,
18091,
-2,
30,
-2,
31,
-1,
18092,
-2,
30,
-2,
31,
-1,
18093,
-2,
30,
-2,
31,
-1,
18094,
-2,
30,
-2,
31,
-1,
18095,
-2,
30,
-2,
31,
-1,
18096,
-2,
30,
-2,
31,
-1,
18097,
-2,
30,
-2,
31,
-1,
18098,
-2,
30,
-2,
31,
-1,
18099,
-2,
30,
-2,
31,
-1,
18100,
-2,
30,
-2,
31,
-1,
18101,
-2,
30,
-2,
31,
-1,
18102,
-2,
30,
-2,
31,
-1,
18103,
-2,
30,
-2,
31,
-1,
18104,
-2,
30,
-2,
31,
-1,
18105,
-2,
30,
-2,
31,
-1,
18106,
-2,
30,
-2,
31,
-1,
18107,
-2,
30,
-2,
31,
-1,
18108,
-2,
30,
-2,
31,
-1,
18109,
-2,
30,
-2,
31,
-1,
18110,
-2,
30,
-2,
31,
-1,
18111,
-2,
30,
-2,
31,
-1,
18112,
-2,
30,
-2,
31,
-1,
18113,
-2,
30,
-2,
31,
-1,
18114,
-2,
30,
-2,
31,
-1,
18115,
-2,
30,
-2,
31,
-1,
18116,
-2,
30,
-2,
31,
-1,
18117,
-2,
30,
-2,
31,
-1,
18118,
-2,
30,
-2,
31,
-1,
18119,
-2,
30,
-2,
31,
-1,
18120,
-2,
30,
-2,
31,
