-1,
18121,
-2,
30,
-2,
31,
-1,
18122,
-2,
30,
-2,
31,
-1,
18123,
-2,
30,
-2,
31,
-1,
18124,
-2,
30,
-2,
31,
-1,
18125,
-2,
30,
-2,
31,
-1,
18126,
-2,
30,
-2,
31,
-1,
18127,
-2,
30,
-2,
31,
-1,
18128,
-2,
30,
-2,
31,
-1,
18129,
-2,
30,
-2,
31,
-1,
18130,
-2,
30,
-2,
31,
-1,
18131,
-2,
30,
-2,
31,
-1,
18132,
-2,
30,
-2,
31,
-1,
18133,
-2,
30,
-2,
31,
-1,
18134,
-2,
30,
-2,
31,
-1,
18135,
-2,
30,
-2,
31,
-1,
18136,
-2,
30,
-2,
31,
-1,
18137,
-2,
30,
-2,
31,
-1,
18138,
-2,
30,
-2,
31,
-1,
18139,
-2,
30,
-2,
17,
-1,
18140,
-2,
30,
-2,
17,
-1,
18141,
-2,
30,
-2,
17,
-1,
18142,
-2,
30,
-2,
17,
-1,
18143,
-2,
30,
-2,
17,
-1,
18144,
-2,
30,
-2,
17,
-1,
18145,
-2,
30,
-2,
17,
-1,
18146,
-2,
30,
-2,
17,
-1,
18147,
-2,
30,
-2,
17,
-1,
18148,
-2,
30,
-2,
17,
-1,
18149,
-2,
30,
-2,
17,
-1,
18150,
-2,
30,
-2,
17,
-1,
18151,
-2,
30,
-2,
17,
-1,
18152,
-2,
30,
-2,
17,
-1,
18153,
-2,
30,
-2,
17,
-1,
18154,
-2,
30,
-2,
17,
-1,
18155,
-2,
30,
-2,
17,
-1,
18156,
-2,
30,
-2,
17,
-1,
18157,
-2,
30,
-2,
17,
-1,
18158,
-2,
30,
-2,
17,
-1,
18159,
-2,
30,
-2,
17,
-1,
18160,
-2,
30,
-2,
17,
-1,
18161,
-2,
30,
-2,
17,
-1,
18162,
-2,
30,
-2,
17,
-1,
18163,
-2,
30,
-2,
17,
-1,
18164,
-2,
30,
-2,
17,
-1,
18165,
-2,
30,
-2,
17,
-1,
18166,
-2,
30,
-2,
17,
-1,
18167,
-2,
30,
-2,
17,
-1,
18168,
-2,
30,
-2,
17,
-1,
18169,
-2,
30,
-2,
17,
-1,
18170,
-2,
30,
-2,
17,
-1,
18171,
-2,
30,
-2,
17,
-1,
18172,
-2,
30,
-2,
17,
-1,
18173,
-2,
30,
-2,
17,
-1,
18174,
-2,
30,
-2,
17,
-1,
18175,
-2,
30,
-2,
17,
-1,
18176,
-2,
30,
-2,
17,
-1,
18177,
-2,
30,
-2,
17,
-1,
18178,
-2,
30,
-2,
17,
-1,
18179,
-2,
30,
-2,
17,
-1,
18180,
-2,
30,
-2,
17,
-1,
18181,
-2,
30,
-2,
17,
-1,
18182,
-2,
30,
-2,
17,
-1,
18183,
-2,
30,
-2,
17,
-1,
18184,
-2,
30,
-2,
17,
-1,
18185,
-2,
30,
-2,
17,
-1,
18186,
-2,
30,
-2,
17,
-1,
18187,
-2,
30,
-2,
17,
-1,
18188,
-2,
30,
-2,
17,
-1,
18189,
-2,
30,
-2,
17,
-1,
18190,
-2,
30,
-2,
17,
-1,
18191,
-2,
30,
-2,
17,
-1,
18192,
-2,
30,
-2,
17,
-1,
18193,
-2,
30,
-2,
17,
-1,
18194,
-2,
30,
-2,
17,
-1,
18195,
-2,
30,
-2,
17,
-1,
18196,
-2,
30,
-2,
17,
-1,
18197,
-2,
30,
-2,
17,
-1,
18198,
-2,
30,
-2,
17,
-1,
18199,
-2,
30,
-2,
17,
-1,
18200,
-2,
30,
-2,
17,
-1,
18201,
-2,
30,
-2,
17,
-1,
18202,
-2,
30,
-2,
17,
-1,
18203,
-2,
30,
-2,
17,
-1,
18204,
-2,
30,
-2,
17,
-1,
18205,
-2,
30,
-2,
17,
-1,
18206,
-2,
30,
-2,
17,
-1,
18207,
-2,
30,
-2,
17,
-1,
18208,
-2,
30,
-2,
31,
-1,
18209,
-2,
30,
-2,
31,
-1,
18210,
-2,
30,
-2,
31,
-1,
18211,
-2,
30,
-2,
31,
-1,
18212,
-2,
30,
-2,
31,
-1,
18213,
-2,
30,
-2,
31,
-1,
18214,
-2,
30,
-2,
31,
-1,
18215,
-2,
30,
-2,
31,
-1,
18216,
-2,
30,
-2,
31,
-1,
18217,
-2,
30,
-2,
31,
-1,
18218,
-2,
30,
-2,
31,
-1,
18219,
-2,
30,
-2,
31,
-1,
18220,
-2,
30,
-2,
31,
-1,
18221,
-2,
30,
-2,
31,
-1,
18222,
-2,
30,
-2,
31,
-1,
18223,
-2,
30,
-2,
31,
-1,
18224,
-2,
30,
-2,
31,
-1,
18225,
-2,
30,
-2,
31,
-1,
18226,
-2,
30,
-2,
31,
-1,
18227,
-2,
30,
-2,
31,
-1,
18228,
-2,
30,
-2,
31,
-1,
18229,
-2,
30,
-2,
31,
-1,
18230,
-2,
30,
-2,
31,
-1,
18231,
-2,
30,
-2,
31,
-1,
18232,
-2,
30,
-2,
31,
-1,
18233,
-2,
30,
-2,
31,
-1,
18234,
-2,
30,
-2,
31,
-1,
18235,
-2,
30,
-2,
31,
-1,
18236,
-2,
30,
-2,
31,
-1,
18237,
-2,
30,
-2,
31,
-1,
18238,
-2,
30,
-2,
31,
-1,
18239,
-2,
30,
-2,
31,
-1,
18240,
-2,
30,
-2,
31,
