-1,
18241,
-2,
30,
-2,
31,
-1,
18242,
-2,
30,
-2,
31,
-1,
18243,
-2,
30,
-2,
17,
-1,
18244,
-2,
30,
-2,
17,
-1,
18245,
-2,
30,
-2,
17,
-1,
18246,
-2,
30,
-2,
17,
-1,
18247,
-2,
30,
-2,
17,
-1,
18248,
-2,
30,
-2,
17,
-1,
18249,
-2,
30,
-2,
17,
-1,
18250,
-2,
30,
-2,
17,
-1,
18251,
-2,
30,
-2,
17,
-1,
18252,
-2,
30,
-2,
17,
-1,
18253,
-2,
30,
-2,
17,
-1,
18254,
-2,
30,
-2,
17,
-1,
18255,
-2,
30,
-2,
17,
-1,
18256,
-2,
30,
-2,
17,
-1,
18257,
-2,
30,
-2,
17,
-1,
18258,
-2,
30,
-2,
17,
-1,
18259,
-2,
30,
-2,
17,
-1,
18260,
-2,
30,
-2,
17,
-1,
18261,
-2,
30,
-2,
17,
-1,
18262,
-2,
30,
-2,
17,
-1,
18263,
-2,
30,
-2,
17,
-1,
18264,
-2,
30,
-2,
17,
-1,
18265,
-2,
30,
-2,
17,
-1,
18266,
-2,
30,
-2,
17,
-1,
18267,
-2,
30,
-2,
17,
-1,
18268,
-2,
30,
-2,
17,
-1,
18269,
-2,
30,
-2,
17,
-1,
18270,
-2,
30,
-2,
17,
-1,
18271,
-2,
30,
-2,
17,
-1,
18272,
-2,
30,
-2,
17,
-1,
18273,
-2,
30,
-2,
17,
-1,
18274,
-2,
30,
-2,
17,
-1,
18275,
-2,
30,
-2,
17,
-1,
18276,
-2,
30,
-2,
17,
-1,
18277,
-2,
30,
-2,
17,
-1,
18278,
-2,
30,
-2,
17,
-1,
18279,
-2,
30,
-2,
17,
-1,
18280,
-2,
30,
-2,
17,
-1,
18281,
-2,
30,
-2,
17,
-1,
18282,
-2,
30,
-2,
17,
-1,
18283,
-2,
30,
-2,
17,
-1,
18284,
-2,
30,
-2,
17,
-1,
18285,
-2,
30,
-2,
17,
-1,
18286,
-2,
30,
-2,
17,
-1,
18287,
-2,
30,
-2,
17,
-1,
18288,
-2,
30,
-2,
17,
-1,
18289,
-2,
30,
-2,
17,
-1,
18290,
-2,
30,
-2,
17,
-1,
18291,
-2,
30,
-2,
17,
-1,
18292,
-2,
30,
-2,
17,
-1,
18293,
-2,
30,
-2,
17,
-1,
18294,
-2,
30,
-2,
17,
-1,
18295,
-2,
30,
-2,
17,
-1,
18296,
-2,
30,
-2,
17,
-1,
18297,
-2,
30,
-2,
17,
-1,
18298,
-2,
30,
-2,
17,
-1,
18299,
-2,
30,
-2,
17,
-1,
18300,
-2,
30,
-2,
17,
-1,
18301,
-2,
30,
-2,
17,
-1,
18302,
-2,
30,
-2,
17,
-1,
18303,
-2,
30,
-2,
17,
-1,
18304,
-2,
30,
-2,
17,
-1,
18305,
-2,
30,
-2,
17,
-1,
18306,
-2,
30,
-2,
17,
-1,
18307,
-2,
30,
-2,
17,
-1,
18308,
-2,
30,
-2,
17,
-1,
18309,
-2,
30,
-2,
17,
-1,
18310,
-2,
30,
-2,
17,
-1,
18311,
-2,
30,
-2,
31,
-1,
18312,
-2,
30,
-2,
31,
-1,
18313,
-2,
30,
-2,
31,
-1,
18314,
-2,
30,
-2,
31,
-1,
18315,
-2,
30,
-2,
31,
-1,
18316,
-2,
30,
-2,
31,
-1,
18317,
-2,
30,
-2,
31,
-1,
18318,
-2,
30,
-2,
31,
-1,
18319,
-2,
30,
-2,
31,
-1,
18320,
-2,
30,
-2,
31,
-1,
18321,
-2,
30,
-2,
31,
-1,
18322,
-2,
30,
-2,
31,
-1,
18323,
-2,
30,
-2,
31,
-1,
18324,
-2,
30,
-2,
31,
-1,
18325,
-2,
30,
-2,
31,
-1,
18326,
-2,
30,
-2,
31,
-1,
18327,
-2,
30,
-2,
31,
-1,
18328,
-2,
30,
-2,
31,
-1,
18329,
-2,
30,
-2,
31,
-1,
18330,
-2,
30,
-2,
31,
-1,
18331,
-2,
30,
-2,
31,
-1,
18332,
-2,
30,
-2,
31,
-1,
18333,
-2,
30,
-2,
31,
-1,
18334,
-2,
30,
-2,
31,
-1,
18335,
-2,
30,
-2,
31,
-1,
18336,
-2,
30,
-2,
31,
-1,
18337,
-2,
30,
-2,
31,
-1,
18338,
-2,
30,
-2,
31,
-1,
18339,
-2,
30,
-2,
31,
-1,
18340,
-2,
30,
-2,
31,
-1,
18341,
-2,
30,
-2,
31,
-1,
18342,
-2,
30,
-2,
31,
-1,
18343,
-2,
30,
-2,
31,
-1,
18344,
-2,
30,
-2,
31,
-1,
18345,
-2,
30,
-2,
31,
-1,
18346,
-2,
30,
-2,
31,
-1,
18347,
-2,
30,
-2,
31,
-1,
18348,
-2,
30,
-2,
31,
-1,
18349,
-2,
30,
-2,
31,
-1,
18350,
-2,
30,
-2,
31,
-1,
18351,
-2,
30,
-2,
31,
-1,
18352,
-2,
30,
-2,
31,
-1,
18353,
-2,
30,
-2,
31,
-1,
18354,
-2,
30,
-2,
31,
-1,
18355,
-2,
30,
-2,
31,
-1,
18356,
-2,
30,
-2,
31,
-1,
18357,
-2,
30,
-2,
31,
-1,
18358,
-2,
30,
-2,
31,
-1,
18359,
-2,
30,
-2,
31,
-1,
18360,
-2,
30,
-2,
31,
