-1,
18361,
-2,
30,
-2,
31,
-1,
18362,
-2,
30,
-2,
31,
-1,
18363,
-2,
30,
-2,
31,
-1,
18364,
-2,
30,
-2,
31,
-1,
18365,
-2,
30,
-2,
31,
-1,
18366,
-2,
30,
-2,
31,
-1,
18367,
-2,
30,
-2,
31,
-1,
18368,
-2,
30,
-2,
31,
-1,
18369,
-2,
30,
-2,
31,
-1,
18370,
-2,
30,
-2,
31,
-1,
18371,
-2,
30,
-2,
31,
-1,
18372,
-2,
30,
-2,
31,
-1,
18373,
-2,
30,
-2,
31,
-1,
18374,
-2,
30,
-2,
31,
-1,
18375,
-2,
30,
-2,
31,
-1,
18376,
-2,
30,
-2,
31,
-1,
18377,
-2,
30,
-2,
31,
-1,
18378,
-2,
30,
-2,
31,
-1,
18379,
-2,
30,
-2,
31,
-1,
18380,
-2,
30,
-2,
31,
-1,
18381,
-2,
30,
-2,
31,
-1,
18382,
-2,
30,
-2,
31,
-1,
18383,
-2,
30,
-2,
31,
-1,
18384,
-2,
30,
-2,
31,
-1,
18385,
-2,
30,
-2,
31,
-1,
18386,
-2,
30,
-2,
31,
-1,
18387,
-2,
30,
-2,
31,
-1,
18388,
-2,
30,
-2,
31,
-1,
18389,
-2,
30,
-2,
31,
-1,
18390,
-2,
30,
-2,
31,
-1,
18391,
-2,
30,
-2,
31,
-1,
18392,
-2,
30,
-2,
31,
-1,
18393,
-2,
30,
-2,
31,
-1,
18394,
-2,
30,
-2,
31,
-1,
18395,
-2,
30,
-2,
31,
-1,
18396,
-2,
30,
-2,
31,
-1,
18397,
-2,
30,
-2,
31,
-1,
18398,
-2,
30,
-2,
17,
-1,
18399,
-2,
30,
-2,
17,
-1,
18400,
-2,
30,
-2,
17,
-1,
18401,
-2,
30,
-2,
17,
-1,
18402,
-2,
30,
-2,
17,
-1,
18403,
-2,
30,
-2,
17,
-1,
18404,
-2,
30,
-2,
17,
-1,
18405,
-2,
30,
-2,
17,
-1,
18406,
-2,
30,
-2,
17,
-1,
18407,
-2,
30,
-2,
17,
-1,
18408,
-2,
30,
-2,
17,
-1,
18409,
-2,
30,
-2,
17,
-1,
18410,
-2,
30,
-2,
17,
-1,
18411,
-2,
30,
-2,
17,
-1,
18412,
-2,
30,
-2,
17,
-1,
18413,
-2,
30,
-2,
17,
-1,
18414,
-2,
30,
-2,
17,
-1,
18415,
-2,
30,
-2,
17,
-1,
18416,
-2,
30,
-2,
17,
-1,
18417,
-2,
30,
-2,
17,
-1,
18418,
-2,
30,
-2,
17,
-1,
18419,
-2,
30,
-2,
17,
-1,
18420,
-2,
30,
-2,
17,
-1,
18421,
-2,
30,
-2,
17,
-1,
18422,
-2,
30,
-2,
17,
-1,
18423,
-2,
30,
-2,
17,
-1,
18424,
-2,
30,
-2,
17,
-1,
18425,
-2,
30,
-2,
17,
-1,
18426,
-2,
30,
-2,
17,
-1,
18427,
-2,
30,
-2,
17,
-1,
18428,
-2,
30,
-2,
17,
-1,
18429,
-2,
30,
-2,
17,
-1,
18430,
-2,
30,
-2,
17,
-1,
18431,
-2,
30,
-2,
17,
-1,
18432,
-2,
30,
-2,
17,
-1,
18433,
-2,
30,
-2,
17,
-1,
18434,
-2,
30,
-2,
17,
-1,
18435,
-2,
30,
-2,
17,
-1,
18436,
-2,
30,
-2,
17,
-1,
18437,
-2,
30,
-2,
17,
-1,
18438,
-2,
30,
-2,
17,
-1,
18439,
-2,
30,
-2,
17,
-1,
18440,
-2,
30,
-2,
17,
-1,
18441,
-2,
30,
-2,
17,
-1,
18442,
-2,
30,
-2,
17,
-1,
18443,
-2,
30,
-2,
17,
-1,
18444,
-2,
30,
-2,
17,
-1,
18445,
-2,
30,
-2,
17,
-1,
18446,
-2,
30,
-2,
17,
-1,
18447,
-2,
30,
-2,
17,
-1,
18448,
-2,
30,
-2,
17,
-1,
18449,
-2,
30,
-2,
17,
-1,
18450,
-2,
30,
-2,
17,
-1,
18451,
-2,
30,
-2,
17,
-1,
18452,
-2,
30,
-2,
17,
-1,
18453,
-2,
30,
-2,
17,
-1,
18454,
-2,
30,
-2,
17,
-1,
18455,
-2,
30,
-2,
17,
-1,
18456,
-2,
30,
-2,
17,
-1,
18457,
-2,
30,
-2,
17,
-1,
18458,
-2,
30,
-2,
17,
-1,
18459,
-2,
30,
-2,
17,
-1,
18460,
-2,
30,
-2,
17,
-1,
18461,
-2,
30,
-2,
17,
-1,
18462,
-2,
30,
-2,
17,
-1,
18463,
-2,
30,
-2,
17,
-1,
18464,
-2,
30,
-2,
17,
-1,
18465,
-2,
30,
-2,
17,
-1,
18466,
-2,
30,
-2,
17,
-1,
18467,
-2,
30,
-2,
17,
-1,
18468,
-2,
30,
-2,
17,
-1,
18469,
-2,
30,
-2,
17,
-1,
18470,
-2,
30,
-2,
17,
-1,
18471,
-2,
30,
-2,
17,
-1,
18472,
-2,
30,
-2,
17,
-1,
18473,
-2,
30,
-2,
17,
-1,
18474,
-2,
30,
-2,
17,
-1,
18475,
-2,
30,
-2,
17,
-1,
18476,
-2,
30,
-2,
17,
-1,
18477,
-2,
30,
-2,
17,
-1,
18478,
-2,
30,
-2,
17,
-1,
18479,
-2,
30,
-2,
17,
-1,
18480,
-2,
30,
-2,
17,
