-1,
18481,
-2,
30,
-2,
17,
-1,
18482,
-2,
30,
-2,
17,
-1,
18483,
-2,
30,
-2,
17,
-1,
18484,
-2,
30,
-2,
17,
-1,
18485,
-2,
30,
-2,
17,
-1,
18486,
-2,
30,
-2,
17,
-1,
18487,
-2,
30,
-2,
17,
-1,
18488,
-2,
30,
-2,
17,
-1,
18489,
-2,
30,
-2,
17,
-1,
18490,
-2,
30,
-2,
17,
-1,
18491,
-2,
30,
-2,
17,
-1,
18492,
-2,
30,
-2,
17,
-1,
18493,
-2,
30,
-2,
17,
-1,
18494,
-2,
30,
-2,
17,
-1,
18495,
-2,
30,
-2,
17,
-1,
18496,
-2,
30,
-2,
17,
-1,
18497,
-2,
30,
-2,
31,
-1,
18498,
-2,
30,
-2,
31,
-1,
18499,
-2,
30,
-2,
31,
-1,
18500,
-2,
30,
-2,
31,
-1,
18501,
-2,
30,
-2,
31,
-1,
18502,
-2,
30,
-2,
31,
-1,
18503,
-2,
30,
-2,
31,
-1,
18504,
-2,
30,
-2,
31,
-1,
18505,
-2,
30,
-2,
31,
-1,
18506,
-2,
30,
-2,
31,
-1,
18507,
-2,
30,
-2,
31,
-1,
18508,
-2,
30,
-2,
17,
-1,
18509,
-2,
30,
-2,
17,
-1,
18510,
-2,
30,
-2,
17,
-1,
18511,
-2,
30,
-2,
17,
-1,
18512,
-2,
30,
-2,
17,
-1,
18513,
-2,
30,
-2,
17,
-1,
18514,
-2,
30,
-2,
17,
-1,
18515,
-2,
30,
-2,
17,
-1,
18516,
-2,
30,
-2,
17,
-1,
18517,
-2,
30,
-2,
17,
-1,
18518,
-2,
30,
-2,
17,
-1,
18519,
-2,
30,
-2,
17,
-1,
18520,
-2,
30,
-2,
17,
-1,
18521,
-2,
30,
-2,
17,
-1,
18522,
-2,
30,
-2,
17,
-1,
18523,
-2,
30,
-2,
17,
-1,
18524,
-2,
30,
-2,
17,
-1,
18525,
-2,
30,
-2,
17,
-1,
18526,
-2,
30,
-2,
17,
-1,
18527,
-2,
30,
-2,
17,
-1,
18528,
-2,
30,
-2,
17,
-1,
18529,
-2,
30,
-2,
17,
-1,
18530,
-2,
30,
-2,
17,
-1,
18531,
-2,
30,
-2,
17,
-1,
18532,
-2,
30,
-2,
17,
-1,
18533,
-2,
30,
-2,
17,
-1,
18534,
-2,
30,
-2,
17,
-1,
18535,
-2,
30,
-2,
17,
-1,
18536,
-2,
30,
-2,
17,
-1,
18537,
-2,
30,
-2,
17,
-1,
18538,
-2,
30,
-2,
17,
-1,
18539,
-2,
30,
-2,
17,
-1,
18540,
-2,
30,
-2,
17,
-1,
18541,
-2,
30,
-2,
17,
-1,
18542,
-2,
30,
-2,
17,
-1,
18543,
-2,
30,
-2,
17,
-1,
18544,
-2,
30,
-2,
17,
-1,
18545,
-2,
30,
-2,
17,
-1,
18546,
-2,
30,
-2,
17,
-1,
18547,
-2,
30,
-2,
17,
-1,
18548,
-2,
30,
-2,
17,
-1,
18549,
-2,
30,
-2,
17,
-1,
18550,
-2,
30,
-2,
17,
-1,
18551,
-2,
30,
-2,
17,
-1,
18552,
-2,
30,
-2,
17,
-1,
18553,
-2,
30,
-2,
17,
-1,
18554,
-2,
30,
-2,
17,
-1,
18555,
-2,
30,
-2,
17,
-1,
18556,
-2,
30,
-2,
17,
-1,
18557,
-2,
30,
-2,
17,
-1,
18558,
-2,
30,
-2,
17,
-1,
18559,
-2,
30,
-2,
17,
-1,
18560,
-2,
30,
-2,
17,
-1,
18561,
-2,
30,
-2,
17,
-1,
18562,
-2,
30,
-2,
17,
-1,
18563,
-2,
30,
-2,
17,
-1,
18564,
-2,
30,
-2,
17,
-1,
18565,
-2,
30,
-2,
17,
-1,
18566,
-2,
30,
-2,
17,
-1,
18567,
-2,
30,
-2,
17,
-1,
18568,
-2,
30,
-2,
17,
-1,
18569,
-2,
30,
-2,
17,
-1,
18570,
-2,
30,
-2,
17,
-1,
18571,
-2,
30,
-2,
17,
-1,
18572,
-2,
30,
-2,
17,
-1,
18573,
-2,
30,
-2,
17,
-1,
18574,
-2,
30,
-2,
17,
-1,
18575,
-2,
30,
-2,
17,
-1,
18576,
-2,
30,
-2,
17,
-1,
18577,
-2,
30,
-2,
17,
-1,
18578,
-2,
30,
-2,
17,
-1,
18579,
-2,
30,
-2,
17,
-1,
18580,
-2,
30,
-2,
17,
-1,
18581,
-2,
30,
-2,
17,
-1,
18582,
-2,
30,
-2,
17,
-1,
18583,
-2,
30,
-2,
17,
-1,
18584,
-2,
30,
-2,
17,
-1,
18585,
-2,
30,
-2,
17,
-1,
18586,
-2,
30,
-2,
17,
-1,
18587,
-2,
30,
-2,
17,
-1,
18588,
-2,
30,
-2,
17,
-1,
18589,
-2,
30,
-2,
17,
-1,
18590,
-2,
30,
-2,
31,
-1,
18591,
-2,
30,
-2,
31,
-1,
18592,
-2,
30,
-2,
31,
-1,
18593,
-2,
30,
-2,
31,
-1,
18594,
-2,
30,
-2,
31,
-1,
18595,
-2,
30,
-2,
31,
-1,
18596,
-2,
30,
-2,
31,
-1,
18597,
-2,
30,
-2,
31,
-1,
18598,
-2,
30,
-2,
31,
-1,
18599,
-2,
30,
-2,
31,
-1,
18600,
-2,
30,
-2,
31,
