-1,
18601,
-2,
30,
-2,
31,
-1,
18602,
-2,
30,
-2,
31,
-1,
18603,
-2,
30,
-2,
31,
-1,
18604,
-2,
30,
-2,
31,
-1,
18605,
-2,
30,
-2,
31,
-1,
18606,
-2,
30,
-2,
31,
-1,
18607,
-2,
30,
-2,
31,
-1,
18608,
-2,
30,
-2,
31,
-1,
18609,
-2,
30,
-2,
31,
-1,
18610,
-2,
30,
-2,
31,
-1,
18611,
-2,
30,
-2,
31,
-1,
18612,
-2,
30,
-2,
31,
-1,
18613,
-2,
30,
-2,
31,
-1,
18614,
-2,
30,
-2,
31,
-1,
18615,
-2,
30,
-2,
31,
-1,
18616,
-2,
30,
-2,
31,
-1,
18617,
-2,
30,
-2,
31,
-1,
18618,
-2,
30,
-2,
31,
-1,
18619,
-2,
30,
-2,
31,
-1,
18620,
-2,
30,
-2,
31,
-1,
18621,
-2,
30,
-2,
31,
-1,
18622,
-2,
30,
-2,
31,
-1,
18623,
-2,
30,
-2,
31,
-1,
18624,
-2,
30,
-2,
31,
-1,
18625,
-2,
30,
-2,
31,
-1,
18626,
-2,
30,
-2,
31,
-1,
18627,
-2,
30,
-2,
31,
-1,
18628,
-2,
30,
-2,
31,
-1,
18629,
-2,
30,
-2,
31,
-1,
18630,
-2,
30,
-2,
31,
-1,
18631,
-2,
30,
-2,
31,
-1,
18632,
-2,
30,
-2,
31,
-1,
18633,
-2,
30,
-2,
31,
-1,
18634,
-2,
30,
-2,
31,
-1,
18635,
-2,
30,
-2,
31,
-1,
18636,
-2,
30,
-2,
31,
-1,
18637,
-2,
30,
-2,
31,
-1,
18638,
-2,
30,
-2,
31,
-1,
18639,
-2,
30,
-2,
31,
-1,
18640,
-2,
30,
-2,
31,
-1,
18641,
-2,
30,
-2,
31,
-1,
18642,
-2,
30,
-2,
31,
-1,
18643,
-2,
30,
-2,
31,
-1,
18644,
-2,
30,
-2,
31,
-1,
18645,
-2,
30,
-2,
31,
-1,
18646,
-2,
30,
-2,
31,
-1,
18647,
-2,
30,
-2,
31,
-1,
18648,
-2,
30,
-2,
31,
-1,
18649,
-2,
30,
-2,
31,
-1,
18650,
-2,
30,
-2,
31,
-1,
18651,
-2,
30,
-2,
31,
-1,
18652,
-2,
30,
-2,
31,
-1,
18653,
-2,
30,
-2,
31,
-1,
18654,
-2,
30,
-2,
31,
-1,
18655,
-2,
30,
-2,
31,
-1,
18656,
-2,
30,
-2,
31,
-1,
18657,
-2,
30,
-2,
31,
-1,
18658,
-2,
30,
-2,
31,
-1,
18659,
-2,
30,
-2,
31,
-1,
18660,
-2,
30,
-2,
31,
-1,
18661,
-2,
30,
-2,
31,
-1,
18662,
-2,
30,
-2,
31,
-1,
18663,
-2,
30,
-2,
31,
-1,
18664,
-2,
30,
-2,
31,
-1,
18665,
-2,
30,
-2,
31,
-1,
18666,
-2,
30,
-2,
31,
-1,
18667,
-2,
30,
-2,
31,
-1,
18668,
-2,
30,
-2,
31,
-1,
18669,
-2,
30,
-2,
31,
-1,
18670,
-2,
30,
-2,
31,
-1,
18671,
-2,
30,
-2,
31,
-1,
18672,
-2,
30,
-2,
31,
-1,
18673,
-2,
30,
-2,
31,
-1,
18674,
-2,
30,
-2,
31,
-1,
18675,
-2,
30,
-2,
31,
-1,
18676,
-2,
30,
-2,
31,
-1,
18677,
-2,
30,
-2,
31,
-1,
18678,
-2,
30,
-2,
31,
-1,
18679,
-2,
30,
-2,
17,
-1,
18680,
-2,
30,
-2,
17,
-1,
18681,
-2,
30,
-2,
17,
-1,
18682,
-2,
30,
-2,
17,
-1,
18683,
-2,
30,
-2,
17,
-1,
18684,
-2,
30,
-2,
17,
-1,
18685,
-2,
30,
-2,
17,
-1,
18686,
-2,
30,
-2,
17,
-1,
18687,
-2,
30,
-2,
17,
-1,
18688,
-2,
30,
-2,
17,
-1,
18689,
-2,
30,
-2,
17,
-1,
18690,
-2,
30,
-2,
17,
-1,
18691,
-2,
30,
-2,
17,
-1,
18692,
-2,
30,
-2,
17,
-1,
18693,
-2,
30,
-2,
17,
-1,
18694,
-2,
30,
-2,
17,
-1,
18695,
-2,
30,
-2,
17,
-1,
18696,
-2,
30,
-2,
17,
-1,
18697,
-2,
30,
-2,
17,
-1,
18698,
-2,
30,
-2,
17,
-1,
18699,
-2,
30,
-2,
17,
-1,
18700,
-2,
30,
-2,
17,
-1,
18701,
-2,
30,
-2,
17,
-1,
18702,
-2,
30,
-2,
17,
-1,
18703,
-2,
30,
-2,
17,
-1,
18704,
-2,
30,
-2,
17,
-1,
18705,
-2,
30,
-2,
17,
-1,
18706,
-2,
30,
-2,
17,
-1,
18707,
-2,
30,
-2,
17,
-1,
18708,
-2,
30,
-2,
17,
-1,
18709,
-2,
30,
-2,
17,
-1,
18710,
-2,
30,
-2,
17,
-1,
18711,
-2,
30,
-2,
17,
-1,
18712,
-2,
30,
-2,
17,
-1,
18713,
-2,
30,
-2,
17,
-1,
18714,
-2,
30,
-2,
17,
-1,
18715,
-2,
30,
-2,
17,
-1,
18716,
-2,
30,
-2,
17,
-1,
18717,
-2,
30,
-2,
17,
-1,
18718,
-2,
30,
-2,
17,
-1,
18719,
-2,
30,
-2,
17,
-1,
18720,
-2,
30,
-2,
17,
