-1,
18721,
-2,
30,
-2,
17,
-1,
18722,
-2,
30,
-2,
17,
-1,
18723,
-2,
30,
-2,
17,
-1,
18724,
-2,
30,
-2,
17,
-1,
18725,
-2,
30,
-2,
17,
-1,
18726,
-2,
30,
-2,
17,
-1,
18727,
-2,
30,
-2,
17,
-1,
18728,
-2,
30,
-2,
17,
-1,
18729,
-2,
30,
-2,
17,
-1,
18730,
-2,
30,
-2,
17,
-1,
18731,
-2,
30,
-2,
17,
-1,
18732,
-2,
30,
-2,
17,
-1,
18733,
-2,
30,
-2,
17,
-1,
18734,
-2,
30,
-2,
17,
-1,
18735,
-2,
30,
-2,
17,
-1,
18736,
-2,
30,
-2,
17,
-1,
18737,
-2,
30,
-2,
17,
-1,
18738,
-2,
30,
-2,
17,
-1,
18739,
-2,
30,
-2,
17,
-1,
18740,
-2,
30,
-2,
17,
-1,
18741,
-2,
30,
-2,
17,
-1,
18742,
-2,
30,
-2,
17,
-1,
18743,
-2,
30,
-2,
17,
-1,
18744,
-2,
30,
-2,
17,
-1,
18745,
-2,
30,
-2,
17,
-1,
18746,
-2,
30,
-2,
17,
-1,
18747,
-2,
30,
-2,
17,
-1,
18748,
-2,
30,
-2,
17,
-1,
18749,
-2,
30,
-2,
17,
-1,
18750,
-2,
30,
-2,
17,
-1,
18751,
-2,
30,
-2,
17,
-1,
18752,
-2,
30,
-2,
17,
-1,
18753,
-2,
30,
-2,
17,
-1,
18754,
-2,
30,
-2,
17,
-1,
18755,
-2,
30,
-2,
17,
-1,
18756,
-2,
30,
-2,
17,
-1,
18757,
-2,
30,
-2,
17,
-1,
18758,
-2,
30,
-2,
17,
-1,
18759,
-2,
30,
-2,
17,
-1,
18760,
-2,
30,
-2,
17,
-1,
18761,
-2,
30,
-2,
17,
-1,
18762,
-2,
30,
-2,
17,
-1,
18763,
-2,
30,
-2,
17,
-1,
18764,
-2,
30,
-2,
17,
-1,
18765,
-2,
30,
-2,
17,
-1,
18766,
-2,
30,
-2,
17,
-1,
18767,
-2,
30,
-2,
17,
-1,
18768,
-2,
30,
-2,
17,
-1,
18769,
-2,
30,
-2,
17,
-1,
18770,
-2,
30,
-2,
31,
-1,
18771,
-2,
30,
-2,
31,
-1,
18772,
-2,
30,
-2,
31,
-1,
18773,
-2,
30,
-2,
31,
-1,
18774,
-2,
30,
-2,
31,
-1,
18775,
-2,
30,
-2,
31,
-1,
18776,
-2,
30,
-2,
31,
-1,
18777,
-2,
30,
-2,
31,
-1,
18778,
-2,
30,
-2,
31,
-1,
18779,
-2,
30,
-2,
31,
-1,
18780,
-2,
30,
-2,
31,
-1,
18781,
-2,
30,
-2,
31,
-1,
18782,
-2,
30,
-2,
31,
-1,
18783,
-2,
30,
-2,
31,
-1,
18784,
-2,
30,
-2,
31,
-1,
18785,
-2,
30,
-2,
31,
-1,
18786,
-2,
30,
-2,
31,
-1,
18787,
-2,
30,
-2,
31,
-1,
18788,
-2,
30,
-2,
31,
-1,
18789,
-2,
30,
-2,
31,
-1,
18790,
-2,
30,
-2,
31,
-1,
18791,
-2,
30,
-2,
31,
-1,
18792,
-2,
30,
-2,
31,
-1,
18793,
-2,
30,
-2,
31,
-1,
18794,
-2,
30,
-2,
31,
-1,
18795,
-2,
30,
-2,
31,
-1,
18796,
-2,
30,
-2,
31,
-1,
18797,
-2,
30,
-2,
31,
-1,
18798,
-2,
30,
-2,
31,
-1,
18799,
-2,
30,
-2,
17,
-1,
18800,
-2,
30,
-2,
17,
-1,
18801,
-2,
30,
-2,
17,
-1,
18802,
-2,
30,
-2,
17,
-1,
18803,
-2,
30,
-2,
17,
-1,
18804,
-2,
30,
-2,
17,
-1,
18805,
-2,
30,
-2,
17,
-1,
18806,
-2,
30,
-2,
17,
-1,
18807,
-2,
30,
-2,
17,
-1,
18808,
-2,
30,
-2,
17,
-1,
18809,
-2,
30,
-2,
17,
-1,
18810,
-2,
30,
-2,
17,
-1,
18811,
-2,
30,
-2,
17,
-1,
18812,
-2,
30,
-2,
17,
-1,
18813,
-2,
30,
-2,
17,
-1,
18814,
-2,
30,
-2,
17,
-1,
18815,
-2,
30,
-2,
17,
-1,
18816,
-2,
30,
-2,
17,
-1,
18817,
-2,
30,
-2,
17,
-1,
18818,
-2,
30,
-2,
17,
-1,
18819,
-2,
30,
-2,
17,
-1,
18820,
-2,
30,
-2,
17,
-1,
18821,
-2,
30,
-2,
17,
-1,
18822,
-2,
30,
-2,
17,
-1,
18823,
-2,
30,
-2,
17,
-1,
18824,
-2,
30,
-2,
17,
-1,
18825,
-2,
30,
-2,
17,
-1,
18826,
-2,
30,
-2,
17,
-1,
18827,
-2,
30,
-2,
17,
-1,
18828,
-2,
30,
-2,
17,
-1,
18829,
-2,
30,
-2,
17,
-1,
18830,
-2,
30,
-2,
17,
-1,
18831,
-2,
30,
-2,
17,
-1,
18832,
-2,
30,
-2,
17,
-1,
18833,
-2,
30,
-2,
17,
-1,
18834,
-2,
30,
-2,
17,
-1,
18835,
-2,
30,
-2,
17,
-1,
18836,
-2,
30,
-2,
17,
-1,
18837,
-2,
30,
-2,
17,
-1,
18838,
-2,
30,
-2,
17,
-1,
18839,
-2,
30,
-2,
17,
-1,
18840,
-2,
30,
-2,
17,
