-1,
18841,
-2,
30,
-2,
17,
-1,
18842,
-2,
30,
-2,
17,
-1,
18843,
-2,
30,
-2,
17,
-1,
18844,
-2,
30,
-2,
17,
-1,
18845,
-2,
30,
-2,
17,
-1,
18846,
-2,
30,
-2,
17,
-1,
18847,
-2,
30,
-2,
17,
-1,
18848,
-2,
30,
-2,
17,
-1,
18849,
-2,
30,
-2,
17,
-1,
18850,
-2,
30,
-2,
17,
-1,
18851,
-2,
30,
-2,
17,
-1,
18852,
-2,
30,
-2,
17,
-1,
18853,
-2,
30,
-2,
17,
-1,
18854,
-2,
30,
-2,
17,
-1,
18855,
-2,
30,
-2,
17,
-1,
18856,
-2,
30,
-2,
17,
-1,
18857,
-2,
30,
-2,
17,
-1,
18858,
-2,
30,
-2,
17,
-1,
18859,
-2,
30,
-2,
17,
-1,
18860,
-2,
30,
-2,
17,
-1,
18861,
-2,
30,
-2,
17,
-1,
18862,
-2,
30,
-2,
17,
-1,
18863,
-2,
30,
-2,
17,
-1,
18864,
-2,
30,
-2,
17,
-1,
18865,
-2,
30,
-2,
17,
-1,
18866,
-2,
30,
-2,
17,
-1,
18867,
-2,
30,
-2,
17,
-1,
18868,
-2,
30,
-2,
17,
-1,
18869,
-2,
30,
-2,
17,
-1,
18870,
-2,
30,
-2,
17,
-1,
18871,
-2,
30,
-2,
17,
-1,
18872,
-2,
30,
-2,
17,
-1,
18873,
-2,
30,
-2,
17,
-1,
18874,
-2,
30,
-2,
17,
-1,
18875,
-2,
30,
-2,
17,
-1,
18876,
-2,
30,
-2,
17,
-1,
18877,
-2,
30,
-2,
17,
-1,
18878,
-2,
30,
-2,
17,
-1,
18879,
-2,
30,
-2,
17,
-1,
18880,
-2,
30,
-2,
17,
-1,
18881,
-2,
30,
-2,
17,
-1,
18882,
-2,
30,
-2,
17,
-1,
18883,
-2,
30,
-2,
17,
-1,
18884,
-2,
30,
-2,
17,
-1,
18885,
-2,
30,
-2,
17,
-1,
18886,
-2,
30,
-2,
17,
-1,
18887,
-2,
30,
-2,
17,
-1,
18888,
-2,
30,
-2,
17,
-1,
18889,
-2,
30,
-2,
17,
-1,
18890,
-2,
30,
-2,
31,
-1,
18891,
-2,
30,
-2,
31,
-1,
18892,
-2,
30,
-2,
31,
-1,
18893,
-2,
30,
-2,
31,
-1,
18894,
-2,
30,
-2,
31,
-1,
18895,
-2,
30,
-2,
31,
-1,
18896,
-2,
30,
-2,
31,
-1,
18897,
-2,
30,
-2,
31,
-1,
18898,
-2,
30,
-2,
31,
-1,
18899,
-2,
30,
-2,
31,
-1,
18900,
-2,
30,
-2,
31,
-1,
18901,
-2,
30,
-2,
31,
-1,
18902,
-2,
30,
-2,
31,
-1,
18903,
-2,
30,
-2,
31,
-1,
18904,
-2,
30,
-2,
31,
-1,
18905,
-2,
30,
-2,
31,
-1,
18906,
-2,
30,
-2,
31,
-1,
18907,
-2,
30,
-2,
31,
-1,
18908,
-2,
30,
-2,
31,
-1,
18909,
-2,
30,
-2,
31,
-1,
18910,
-2,
30,
-2,
31,
-1,
18911,
-2,
30,
-2,
31,
-1,
18912,
-2,
30,
-2,
31,
-1,
18913,
-2,
30,
-2,
31,
-1,
18914,
-2,
30,
-2,
31,
-1,
18915,
-2,
30,
-2,
31,
-1,
18916,
-2,
30,
-2,
31,
-1,
18917,
-2,
30,
-2,
31,
-1,
18918,
-2,
30,
-2,
31,
-1,
18919,
-2,
30,
-2,
17,
-1,
18920,
-2,
30,
-2,
17,
-1,
18921,
-2,
30,
-2,
17,
-1,
18922,
-2,
30,
-2,
17,
-1,
18923,
-2,
30,
-2,
17,
-1,
18924,
-2,
30,
-2,
17,
-1,
18925,
-2,
30,
-2,
17,
-1,
18926,
-2,
30,
-2,
17,
-1,
18927,
-2,
30,
-2,
17,
-1,
18928,
-2,
30,
-2,
17,
-1,
18929,
-2,
30,
-2,
17,
-1,
18930,
-2,
30,
-2,
17,
-1,
18931,
-2,
30,
-2,
17,
-1,
18932,
-2,
30,
-2,
17,
-1,
18933,
-2,
30,
-2,
17,
-1,
18934,
-2,
30,
-2,
17,
-1,
18935,
-2,
30,
-2,
17,
-1,
18936,
-2,
30,
-2,
17,
-1,
18937,
-2,
30,
-2,
17,
-1,
18938,
-2,
30,
-2,
17,
-1,
18939,
-2,
30,
-2,
17,
-1,
18940,
-2,
30,
-2,
17,
-1,
18941,
-2,
30,
-2,
17,
-1,
18942,
-2,
30,
-2,
17,
-1,
18943,
-2,
30,
-2,
17,
-1,
18944,
-2,
30,
-2,
17,
-1,
18945,
-2,
30,
-2,
17,
-1,
18946,
-2,
30,
-2,
17,
-1,
18947,
-2,
30,
-2,
17,
-1,
18948,
-2,
30,
-2,
17,
-1,
18949,
-2,
30,
-2,
17,
-1,
18950,
-2,
30,
-2,
17,
-1,
18951,
-2,
30,
-2,
17,
-1,
18952,
-2,
30,
-2,
17,
-1,
18953,
-2,
30,
-2,
17,
-1,
18954,
-2,
30,
-2,
17,
-1,
18955,
-2,
30,
-2,
17,
-1,
18956,
-2,
30,
-2,
17,
-1,
18957,
-2,
30,
-2,
17,
-1,
18958,
-2,
30,
-2,
17,
-1,
18959,
-2,
30,
-2,
17,
-1,
18960,
-2,
30,
-2,
17,
