-1,
18961,
-2,
30,
-2,
17,
-1,
18962,
-2,
30,
-2,
17,
-1,
18963,
-2,
30,
-2,
17,
-1,
18964,
-2,
30,
-2,
17,
-1,
18965,
-2,
30,
-2,
17,
-1,
18966,
-2,
30,
-2,
17,
-1,
18967,
-2,
30,
-2,
17,
-1,
18968,
-2,
30,
-2,
17,
-1,
18969,
-2,
30,
-2,
17,
-1,
18970,
-2,
30,
-2,
17,
-1,
18971,
-2,
30,
-2,
17,
-1,
18972,
-2,
30,
-2,
17,
-1,
18973,
-2,
30,
-2,
17,
-1,
18974,
-2,
30,
-2,
17,
-1,
18975,
-2,
30,
-2,
17,
-1,
18976,
-2,
30,
-2,
17,
-1,
18977,
-2,
30,
-2,
17,
-1,
18978,
-2,
30,
-2,
17,
-1,
18979,
-2,
30,
-2,
17,
-1,
18980,
-2,
30,
-2,
17,
-1,
18981,
-2,
30,
-2,
17,
-1,
18982,
-2,
30,
-2,
17,
-1,
18983,
-2,
30,
-2,
17,
-1,
18984,
-2,
30,
-2,
17,
-1,
18985,
-2,
30,
-2,
17,
-1,
18986,
-2,
30,
-2,
17,
-1,
18987,
-2,
30,
-2,
17,
-1,
18988,
-2,
30,
-2,
17,
-1,
18989,
-2,
30,
-2,
17,
-1,
18990,
-2,
30,
-2,
17,
-1,
18991,
-2,
30,
-2,
31,
-1,
18992,
-2,
30,
-2,
31,
-1,
18993,
-2,
30,
-2,
31,
-1,
18994,
-2,
30,
-2,
31,
-1,
18995,
-2,
30,
-2,
31,
-1,
18996,
-2,
31,
-2,
17,
-1,
18997,
-2,
31,
-2,
17,
-1,
18998,
-2,
31,
-2,
17,
-1,
18999,
-2,
31,
-2,
17,
-1,
19000,
-2,
31,
-2,
17,
-1,
19001,
-2,
31,
-2,
17,
-1,
19002,
-2,
31,
-2,
17,
-1,
19003,
-2,
31,
-2,
17,
-1,
19004,
-2,
31,
-2,
17,
-1,
19005,
-2,
31,
-2,
17,
-1,
19006,
-2,
31,
-2,
17,
-1,
19007,
-2,
31,
-2,
17,
-1,
19008,
-2,
31,
-2,
17,
-1,
19009,
-2,
31,
-2,
17,
-1,
19010,
-2,
31,
-2,
31,
-1,
19011,
-2,
31,
-2,
31,
-1,
19012,
-2,
31,
-2,
31,
-1,
19013,
-2,
31,
-2,
31,
-1,
19014,
-2,
31,
-2,
31,
-1,
19015,
-2,
31,
-2,
31,
-1,
19016,
-2,
31,
-2,
31,
-1,
19017,
-2,
31,
-2,
31,
-1,
19018,
-2,
31,
-2,
31,
-1,
19019,
-2,
31,
-2,
31,
-1,
19020,
-2,
31,
-2,
31,
-1,
19021,
-2,
31,
-2,
31,
-1,
19022,
-2,
31,
-2,
31,
-1,
19023,
-2,
31,
-2,
31,
-1,
19024,
-2,
31,
-2,
31,
-1,
19025,
-2,
31,
-2,
31,
-1,
19026,
-2,
31,
-2,
31,
-1,
19027,
-2,
31,
-2,
31,
-1,
19028,
-2,
31,
-2,
31,
-1,
19029,
-2,
31,
-2,
31,
-1,
19030,
-2,
31,
-2,
31,
-1,
19031,
-2,
31,
-2,
31,
-1,
19032,
-2,
31,
-2,
31,
-1,
19033,
-2,
31,
-2,
31,
-1,
19034,
-2,
31,
-2,
31,
-1,
19035,
-2,
31,
-2,
31,
-1,
19036,
-2,
31,
-2,
31,
-1,
19037,
-2,
31,
-2,
31,
-1,
19038,
-2,
31,
-2,
31,
-1,
19039,
-2,
30,
-2,
31,
-1,
19040,
-2,
30,
-2,
31,
-1,
19041,
-2,
30,
-2,
31,
-1,
19042,
-2,
30,
-2,
31,
-1,
19043,
-2,
30,
-2,
31,
-1,
19044,
-2,
30,
-2,
31,
-1,
19045,
-2,
30,
-2,
31,
-1,
19046,
-2,
30,
-2,
31,
-1,
19047,
-2,
30,
-2,
31,
-1,
19048,
-2,
30,
-2,
31,
-1,
19049,
-2,
30,
-2,
31,
-1,
19050,
-2,
30,
-2,
31,
-1,
19051,
-2,
30,
-2,
31,
-1,
19052,
-2,
30,
-2,
31,
-1,
19053,
-2,
30,
-2,
31,
-1,
19054,
-2,
30,
-2,
31,
-1,
19055,
-2,
30,
-2,
31,
-1,
19056,
-2,
30,
-2,
31,
-1,
19057,
-2,
30,
-2,
31,
-1,
19058,
-2,
30,
-2,
31,
-1,
19059,
-2,
30,
-2,
31,
-1,
19060,
-2,
30,
-2,
31,
-1,
19061,
-2,
30,
-2,
31,
-1,
19062,
-2,
30,
-2,
31,
-1,
19063,
-2,
30,
-2,
31,
-1,
19064,
-2,
30,
-2,
31,
-1,
19065,
-2,
30,
-2,
31,
-1,
19066,
-2,
30,
-2,
31,
-1,
19067,
-2,
30,
-2,
31,
-1,
19068,
-2,
30,
-2,
31,
-1,
19069,
-2,
30,
-2,
31,
-1,
19070,
-2,
30,
-2,
31,
-1,
19071,
-2,
30,
-2,
31,
-1,
19072,
-2,
30,
-2,
31,
-1,
19073,
-2,
30,
-2,
17,
-1,
19074,
-2,
30,
-2,
17,
-1,
19075,
-2,
30,
-2,
17,
-1,
19076,
-2,
30,
-2,
17,
-1,
19077,
-2,
30,
-2,
17,
-1,
19078,
-2,
30,
-2,
17,
-1,
19079,
-2,
30,
-2,
17,
-1,
19080,
-2,
30,
-2,
17,
