-1,
19081,
-2,
30,
-2,
17,
-1,
19082,
-2,
30,
-2,
17,
-1,
19083,
-2,
30,
-2,
17,
-1,
19084,
-2,
30,
-2,
17,
-1,
19085,
-2,
30,
-2,
17,
-1,
19086,
-2,
30,
-2,
17,
-1,
19087,
-2,
30,
-2,
17,
-1,
19088,
-2,
30,
-2,
17,
-1,
19089,
-2,
30,
-2,
17,
-1,
19090,
-2,
30,
-2,
17,
-1,
19091,
-2,
30,
-2,
17,
-1,
19092,
-2,
30,
-2,
17,
-1,
19093,
-2,
30,
-2,
17,
-1,
19094,
-2,
30,
-2,
17,
-1,
19095,
-2,
30,
-2,
17,
-1,
19096,
-2,
30,
-2,
17,
-1,
19097,
-2,
30,
-2,
17,
-1,
19098,
-2,
30,
-2,
17,
-1,
19099,
-2,
30,
-2,
17,
-1,
19100,
-2,
30,
-2,
17,
-1,
19101,
-2,
30,
-2,
17,
-1,
19102,
-2,
30,
-2,
17,
-1,
19103,
-2,
30,
-2,
17,
-1,
19104,
-2,
30,
-2,
17,
-1,
19105,
-2,
30,
-2,
17,
-1,
19106,
-2,
30,
-2,
17,
-1,
19107,
-2,
30,
-2,
17,
-1,
19108,
-2,
30,
-2,
17,
-1,
19109,
-2,
30,
-2,
17,
-1,
19110,
-2,
30,
-2,
17,
-1,
19111,
-2,
30,
-2,
17,
-1,
19112,
-2,
30,
-2,
17,
-1,
19113,
-2,
30,
-2,
17,
-1,
19114,
-2,
30,
-2,
17,
-1,
19115,
-2,
30,
-2,
17,
-1,
19116,
-2,
30,
-2,
17,
-1,
19117,
-2,
30,
-2,
17,
-1,
19118,
-2,
30,
-2,
17,
-1,
19119,
-2,
30,
-2,
17,
-1,
19120,
-2,
30,
-2,
17,
-1,
19121,
-2,
30,
-2,
17,
-1,
19122,
-2,
30,
-2,
17,
-1,
19123,
-2,
30,
-2,
17,
-1,
19124,
-2,
30,
-2,
17,
-1,
19125,
-2,
30,
-2,
17,
-1,
19126,
-2,
30,
-2,
17,
-1,
19127,
-2,
30,
-2,
17,
-1,
19128,
-2,
30,
-2,
17,
-1,
19129,
-2,
30,
-2,
17,
-1,
19130,
-2,
30,
-2,
17,
-1,
19131,
-2,
30,
-2,
17,
-1,
19132,
-2,
30,
-2,
17,
-1,
19133,
-2,
30,
-2,
17,
-1,
19134,
-2,
30,
-2,
17,
-1,
19135,
-2,
30,
-2,
17,
-1,
19136,
-2,
30,
-2,
17,
-1,
19137,
-2,
30,
-2,
17,
-1,
19138,
-2,
30,
-2,
17,
-1,
19139,
-2,
30,
-2,
17,
-1,
19140,
-2,
30,
-2,
17,
-1,
19141,
-2,
30,
-2,
17,
-1,
19142,
-2,
30,
-2,
17,
-1,
19143,
-2,
30,
-2,
17,
-1,
19144,
-2,
30,
-2,
17,
-1,
19145,
-2,
30,
-2,
17,
-1,
19146,
-2,
30,
-2,
17,
-1,
19147,
-2,
30,
-2,
17,
-1,
19148,
-2,
30,
-2,
17,
-1,
19149,
-2,
30,
-2,
17,
-1,
19150,
-2,
30,
-2,
17,
-1,
19151,
-2,
30,
-2,
17,
-1,
19152,
-2,
30,
-2,
17,
-1,
19153,
-2,
30,
-2,
17,
-1,
19154,
-2,
30,
-2,
17,
-1,
19155,
-2,
30,
-2,
17,
-1,
19156,
-2,
30,
-2,
17,
-1,
19157,
-2,
30,
-2,
17,
-1,
19158,
-2,
30,
-2,
17,
-1,
19159,
-2,
30,
-2,
17,
-1,
19160,
-2,
30,
-2,
17,
-1,
19161,
-2,
30,
-2,
17,
-1,
19162,
-2,
30,
-2,
17,
-1,
19163,
-2,
30,
-2,
17,
-1,
19164,
-2,
30,
-2,
17,
-1,
19165,
-2,
30,
-2,
17,
-1,
19166,
-2,
30,
-2,
17,
-1,
19167,
-2,
30,
-2,
17,
-1,
19168,
-2,
30,
-2,
17,
-1,
19169,
-2,
30,
-2,
17,
-1,
19170,
-2,
30,
-2,
17,
-1,
19171,
-2,
30,
-2,
17,
-1,
19172,
-2,
30,
-2,
17,
-1,
19173,
-2,
30,
-2,
17,
-1,
19174,
-2,
30,
-2,
17,
-1,
19175,
-2,
30,
-2,
17,
-1,
19176,
-2,
30,
-2,
17,
-1,
19177,
-2,
30,
-2,
17,
-1,
19178,
-2,
30,
-2,
17,
-1,
19179,
-2,
30,
-2,
17,
-1,
19180,
-2,
30,
-2,
17,
-1,
19181,
-2,
30,
-2,
17,
-1,
19182,
-2,
30,
-2,
17,
-1,
19183,
-2,
30,
-2,
17,
-1,
19184,
-2,
30,
-2,
17,
-1,
19185,
-2,
30,
-2,
17,
-1,
19186,
-2,
30,
-2,
31,
-1,
19187,
-2,
30,
-2,
31,
-1,
19188,
-2,
30,
-2,
31,
-1,
19189,
-2,
30,
-2,
31,
-1,
19190,
-2,
30,
-2,
31,
-1,
19191,
-2,
30,
-2,
31,
-1,
19192,
-2,
30,
-2,
31,
-1,
19193,
-2,
30,
-2,
17,
-1,
19194,
-2,
30,
-2,
17,
-1,
19195,
-2,
30,
-2,
17,
-1,
19196,
-2,
30,
-2,
17,
-1,
19197,
-2,
30,
-2,
17,
-1,
19198,
-2,
30,
-2,
17,
-1,
19199,
-2,
30,
-2,
17,
-1,
19200,
-2,
30,
-2,
17,
