-1,
19201,
-2,
30,
-2,
17,
-1,
19202,
-2,
30,
-2,
17,
-1,
19203,
-2,
30,
-2,
17,
-1,
19204,
-2,
30,
-2,
17,
-1,
19205,
-2,
30,
-2,
17,
-1,
19206,
-2,
30,
-2,
17,
-1,
19207,
-2,
30,
-2,
17,
-1,
19208,
-2,
30,
-2,
17,
-1,
19209,
-2,
30,
-2,
17,
-1,
19210,
-2,
30,
-2,
17,
-1,
19211,
-2,
30,
-2,
17,
-1,
19212,
-2,
30,
-2,
17,
-1,
19213,
-2,
30,
-2,
17,
-1,
19214,
-2,
30,
-2,
17,
-1,
19215,
-2,
30,
-2,
17,
-1,
19216,
-2,
30,
-2,
17,
-1,
19217,
-2,
30,
-2,
17,
-1,
19218,
-2,
30,
-2,
17,
-1,
19219,
-2,
30,
-2,
17,
-1,
19220,
-2,
30,
-2,
17,
-1,
19221,
-2,
30,
-2,
17,
-1,
19222,
-2,
30,
-2,
17,
-1,
19223,
-2,
30,
-2,
17,
-1,
19224,
-2,
30,
-2,
17,
-1,
19225,
-2,
30,
-2,
17,
-1,
19226,
-2,
30,
-2,
17,
-1,
19227,
-2,
30,
-2,
17,
-1,
19228,
-2,
30,
-2,
17,
-1,
19229,
-2,
30,
-2,
17,
-1,
19230,
-2,
30,
-2,
17,
-1,
19231,
-2,
30,
-2,
17,
-1,
19232,
-2,
30,
-2,
17,
-1,
19233,
-2,
30,
-2,
17,
-1,
19234,
-2,
30,
-2,
17,
-1,
19235,
-2,
30,
-2,
17,
-1,
19236,
-2,
30,
-2,
17,
-1,
19237,
-2,
30,
-2,
17,
-1,
19238,
-2,
30,
-2,
17,
-1,
19239,
-2,
30,
-2,
17,
-1,
19240,
-2,
30,
-2,
17,
-1,
19241,
-2,
30,
-2,
17,
-1,
19242,
-2,
30,
-2,
17,
-1,
19243,
-2,
30,
-2,
17,
-1,
19244,
-2,
30,
-2,
17,
-1,
19245,
-2,
30,
-2,
17,
-1,
19246,
-2,
30,
-2,
17,
-1,
19247,
-2,
30,
-2,
17,
-1,
19248,
-2,
30,
-2,
17,
-1,
19249,
-2,
30,
-2,
17,
-1,
19250,
-2,
30,
-2,
17,
-1,
19251,
-2,
30,
-2,
17,
-1,
19252,
-2,
30,
-2,
17,
-1,
19253,
-2,
30,
-2,
17,
-1,
19254,
-2,
30,
-2,
17,
-1,
19255,
-2,
30,
-2,
17,
-1,
19256,
-2,
30,
-2,
17,
-1,
19257,
-2,
30,
-2,
17,
-1,
19258,
-2,
30,
-2,
17,
-1,
19259,
-2,
30,
-2,
17,
-1,
19260,
-2,
30,
-2,
17,
-1,
19261,
-2,
30,
-2,
17,
-1,
19262,
-2,
30,
-2,
17,
-1,
19263,
-2,
30,
-2,
31,
-1,
19264,
-2,
30,
-2,
31,
-1,
19265,
-2,
30,
-2,
31,
-1,
19266,
-2,
30,
-2,
31,
-1,
19267,
-2,
30,
-2,
31,
-1,
19268,
-2,
30,
-2,
31,
-1,
19269,
-2,
30,
-2,
31,
-1,
19270,
-2,
30,
-2,
31,
-1,
19271,
-2,
30,
-2,
31,
-1,
19272,
-2,
30,
-2,
31,
-1,
19273,
-2,
30,
-2,
31,
-1,
19274,
-2,
30,
-2,
31,
-1,
19275,
-2,
30,
-2,
31,
-1,
19276,
-2,
30,
-2,
31,
-1,
19277,
-2,
30,
-2,
31,
-1,
19278,
-2,
30,
-2,
31,
-1,
19279,
-2,
30,
-2,
31,
-1,
19280,
-2,
30,
-2,
31,
-1,
19281,
-2,
30,
-2,
31,
-1,
19282,
-2,
30,
-2,
31,
-1,
19283,
-2,
30,
-2,
31,
-1,
19284,
-2,
30,
-2,
31,
-1,
19285,
-2,
30,
-2,
31,
-1,
19286,
-2,
30,
-2,
31,
-1,
19287,
-2,
30,
-2,
31,
-1,
19288,
-2,
30,
-2,
31,
-1,
19289,
-2,
30,
-2,
31,
-1,
19290,
-2,
30,
-2,
31,
-1,
19291,
-2,
30,
-2,
31,
-1,
19292,
-2,
30,
-2,
31,
-1,
19293,
-2,
30,
-2,
31,
-1,
19294,
-2,
30,
-2,
31,
-1,
19295,
-2,
30,
-2,
31,
-1,
19296,
-2,
30,
-2,
31,
-1,
19297,
-2,
30,
-2,
31,
-1,
19298,
-2,
30,
-2,
31,
-1,
19299,
-2,
30,
-2,
31,
-1,
19300,
-2,
30,
-2,
31,
-1,
19301,
-2,
30,
-2,
31,
-1,
19302,
-2,
30,
-2,
31,
-1,
19303,
-2,
30,
-2,
31,
-1,
19304,
-2,
30,
-2,
31,
-1,
19305,
-2,
30,
-2,
31,
-1,
19306,
-2,
30,
-2,
31,
-1,
19307,
-2,
30,
-2,
31,
-1,
19308,
-2,
30,
-2,
31,
-1,
19309,
-2,
30,
-2,
31,
-1,
19310,
-2,
30,
-2,
31,
-1,
19311,
-2,
30,
-2,
31,
-1,
19312,
-2,
30,
-2,
31,
-1,
19313,
-2,
30,
-2,
31,
-1,
19314,
-2,
30,
-2,
31,
-1,
19315,
-2,
30,
-2,
31,
-1,
19316,
-2,
30,
-2,
31,
-1,
19317,
-2,
30,
-2,
31,
-1,
19318,
-2,
30,
-2,
31,
-1,
19319,
-2,
30,
-2,
31,
-1,
19320,
-2,
30,
-2,
31,
