-1,
19321,
-2,
30,
-2,
31,
-1,
19322,
-2,
30,
-2,
31,
-1,
19323,
-2,
30,
-2,
31,
-1,
19324,
-2,
30,
-2,
31,
-1,
19325,
-2,
30,
-2,
31,
-1,
19326,
-2,
30,
-2,
31,
-1,
19327,
-2,
30,
-2,
31,
-1,
19328,
-2,
30,
-2,
31,
-1,
19329,
-2,
30,
-2,
31,
-1,
19330,
-2,
30,
-2,
31,
-1,
19331,
-2,
30,
-2,
31,
-1,
19332,
-2,
30,
-2,
31,
-1,
19333,
-2,
30,
-2,
31,
-1,
19334,
-2,
30,
-2,
31,
-1,
19335,
-2,
30,
-2,
31,
-1,
19336,
-2,
30,
-2,
31,
-1,
19337,
-2,
30,
-2,
31,
-1,
19338,
-2,
30,
-2,
31,
-1,
19339,
-2,
30,
-2,
31,
-1,
19340,
-2,
30,
-2,
31,
-1,
19341,
-2,
30,
-2,
31,
-1,
19342,
-2,
30,
-2,
31,
-1,
19343,
-2,
30,
-2,
31,
-1,
19344,
-2,
30,
-2,
31,
-1,
19345,
-2,
30,
-2,
31,
-1,
19346,
-2,
30,
-2,
31,
-1,
19347,
-2,
30,
-2,
31,
-1,
19348,
-2,
30,
-2,
31,
-1,
19349,
-2,
30,
-2,
31,
-1,
19350,
-2,
30,
-2,
31,
-1,
19351,
-2,
30,
-2,
31,
-1,
19352,
-2,
30,
-2,
31,
-1,
19353,
-2,
30,
-2,
31,
-1,
19354,
-2,
30,
-2,
31,
-1,
19355,
-2,
30,
-2,
31,
-1,
19356,
-2,
30,
-2,
31,
-1,
19357,
-2,
30,
-2,
31,
-1,
19358,
-2,
30,
-2,
31,
-1,
19359,
-2,
30,
-2,
31,
-1,
19360,
-2,
30,
-2,
31,
-1,
19361,
-2,
30,
-2,
31,
-1,
19362,
-2,
30,
-2,
31,
-1,
19363,
-2,
30,
-2,
31,
-1,
19364,
-2,
30,
-2,
31,
-1,
19365,
-2,
30,
-2,
31,
-1,
19366,
-2,
30,
-2,
31,
-1,
19367,
-2,
30,
-2,
31,
-1,
19368,
-2,
30,
-2,
17,
-1,
19369,
-2,
30,
-2,
17,
-1,
19370,
-2,
30,
-2,
17,
-1,
19371,
-2,
30,
-2,
17,
-1,
19372,
-2,
30,
-2,
17,
-1,
19373,
-2,
30,
-2,
17,
-1,
19374,
-2,
30,
-2,
17,
-1,
19375,
-2,
30,
-2,
17,
-1,
19376,
-2,
30,
-2,
17,
-1,
19377,
-2,
30,
-2,
17,
-1,
19378,
-2,
30,
-2,
17,
-1,
19379,
-2,
30,
-2,
17,
-1,
19380,
-2,
30,
-2,
17,
-1,
19381,
-2,
30,
-2,
17,
-1,
19382,
-2,
30,
-2,
17,
-1,
19383,
-2,
30,
-2,
31,
-1,
19384,
-2,
30,
-2,
31,
-1,
19385,
-2,
30,
-2,
31,
-1,
19386,
-2,
30,
-2,
31,
-1,
19387,
-2,
30,
-2,
31,
-1,
19388,
-2,
30,
-2,
31,
-1,
19389,
-2,
30,
-2,
31,
-1,
19390,
-2,
30,
-2,
31,
-1,
19391,
-2,
30,
-2,
31,
-1,
19392,
-2,
30,
-2,
17,
-1,
19393,
-2,
30,
-2,
17,
-1,
19394,
-2,
30,
-2,
17,
-1,
19395,
-2,
30,
-2,
17,
-1,
19396,
-2,
30,
-2,
17,
-1,
19397,
-2,
30,
-2,
17,
-1,
19398,
-2,
30,
-2,
17,
-1,
19399,
-2,
30,
-2,
17,
-1,
19400,
-2,
30,
-2,
17,
-1,
19401,
-2,
30,
-2,
17,
-1,
19402,
-2,
30,
-2,
17,
-1,
19403,
-2,
30,
-2,
17,
-1,
19404,
-2,
30,
-2,
17,
-1,
19405,
-2,
30,
-2,
17,
-1,
19406,
-2,
30,
-2,
17,
-1,
19407,
-2,
30,
-2,
17,
-1,
19408,
-2,
30,
-2,
17,
-1,
19409,
-2,
30,
-2,
17,
-1,
19410,
-2,
30,
-2,
17,
-1,
19411,
-2,
30,
-2,
17,
-1,
19412,
-2,
30,
-2,
17,
-1,
19413,
-2,
30,
-2,
17,
-1,
19414,
-2,
30,
-2,
17,
-1,
19415,
-2,
30,
-2,
17,
-1,
19416,
-2,
30,
-2,
17,
-1,
19417,
-2,
30,
-2,
17,
-1,
19418,
-2,
30,
-2,
17,
-1,
19419,
-2,
30,
-2,
17,
-1,
19420,
-2,
30,
-2,
17,
-1,
19421,
-2,
30,
-2,
17,
-1,
19422,
-2,
30,
-2,
17,
-1,
19423,
-2,
30,
-2,
17,
-1,
19424,
-2,
30,
-2,
17,
-1,
19425,
-2,
30,
-2,
17,
-1,
19426,
-2,
30,
-2,
17,
-1,
19427,
-2,
30,
-2,
17,
-1,
19428,
-2,
30,
-2,
17,
-1,
19429,
-2,
30,
-2,
17,
-1,
19430,
-2,
30,
-2,
17,
-1,
19431,
-2,
30,
-2,
17,
-1,
19432,
-2,
30,
-2,
17,
-1,
19433,
-2,
30,
-2,
17,
-1,
19434,
-2,
30,
-2,
17,
-1,
19435,
-2,
30,
-2,
17,
-1,
19436,
-2,
30,
-2,
17,
-1,
19437,
-2,
30,
-2,
17,
-1,
19438,
-2,
30,
-2,
17,
-1,
19439,
-2,
30,
-2,
17,
-1,
19440,
-2,
30,
-2,
17,
