-1,
19441,
-2,
30,
-2,
17,
-1,
19442,
-2,
30,
-2,
17,
-1,
19443,
-2,
30,
-2,
17,
-1,
19444,
-2,
30,
-2,
17,
-1,
19445,
-2,
30,
-2,
17,
-1,
19446,
-2,
30,
-2,
17,
-1,
19447,
-2,
30,
-2,
17,
-1,
19448,
-2,
30,
-2,
17,
-1,
19449,
-2,
30,
-2,
17,
-1,
19450,
-2,
30,
-2,
17,
-1,
19451,
-2,
30,
-2,
17,
-1,
19452,
-2,
30,
-2,
17,
-1,
19453,
-2,
30,
-2,
17,
-1,
19454,
-2,
30,
-2,
31,
-1,
19455,
-2,
30,
-2,
31,
-1,
19456,
-2,
30,
-2,
31,
-1,
19457,
-2,
30,
-2,
31,
-1,
19458,
-2,
30,
-2,
31,
-1,
19459,
-2,
30,
-2,
31,
-1,
19460,
-2,
30,
-2,
31,
-1,
19461,
-2,
30,
-2,
31,
-1,
19462,
-2,
30,
-2,
31,
-1,
19463,
-2,
30,
-2,
31,
-1,
19464,
-2,
30,
-2,
17,
-1,
19465,
-2,
30,
-2,
17,
-1,
19466,
-2,
30,
-2,
17,
-1,
19467,
-2,
30,
-2,
17,
-1,
19468,
-2,
30,
-2,
17,
-1,
19469,
-2,
30,
-2,
17,
-1,
19470,
-2,
30,
-2,
17,
-1,
19471,
-2,
30,
-2,
17,
-1,
19472,
-2,
30,
-2,
17,
-1,
19473,
-2,
30,
-2,
17,
-1,
19474,
-2,
30,
-2,
17,
-1,
19475,
-2,
30,
-2,
17,
-1,
19476,
-2,
30,
-2,
17,
-1,
19477,
-2,
30,
-2,
17,
-1,
19478,
-2,
30,
-2,
17,
-1,
19479,
-2,
30,
-2,
17,
-1,
19480,
-2,
30,
-2,
17,
-1,
19481,
-2,
30,
-2,
17,
-1,
19482,
-2,
30,
-2,
17,
-1,
19483,
-2,
30,
-2,
17,
-1,
19484,
-2,
30,
-2,
17,
-1,
19485,
-2,
30,
-2,
17,
-1,
19486,
-2,
30,
-2,
17,
-1,
19487,
-2,
30,
-2,
17,
-1,
19488,
-2,
30,
-2,
17,
-1,
19489,
-2,
30,
-2,
17,
-1,
19490,
-2,
30,
-2,
17,
-1,
19491,
-2,
30,
-2,
17,
-1,
19492,
-2,
30,
-2,
17,
-1,
19493,
-2,
30,
-2,
17,
-1,
19494,
-2,
30,
-2,
17,
-1,
19495,
-2,
30,
-2,
17,
-1,
19496,
-2,
30,
-2,
17,
-1,
19497,
-2,
30,
-2,
17,
-1,
19498,
-2,
30,
-2,
17,
-1,
19499,
-2,
30,
-2,
17,
-1,
19500,
-2,
30,
-2,
17,
-1,
19501,
-2,
30,
-2,
17,
-1,
19502,
-2,
30,
-2,
17,
-1,
19503,
-2,
30,
-2,
31,
-1,
19504,
-2,
30,
-2,
31,
-1,
19505,
-2,
30,
-2,
31,
-1,
19506,
-2,
30,
-2,
31,
-1,
19507,
-2,
30,
-2,
31,
-1,
19508,
-2,
30,
-2,
31,
-1,
19509,
-2,
30,
-2,
31,
-1,
19510,
-2,
30,
-2,
31,
-1,
19511,
-2,
30,
-2,
31,
-1,
19512,
-2,
30,
-2,
17,
-1,
19513,
-2,
30,
-2,
17,
-1,
19514,
-2,
30,
-2,
17,
-1,
19515,
-2,
30,
-2,
17,
-1,
19516,
-2,
30,
-2,
17,
-1,
19517,
-2,
30,
-2,
17,
-1,
19518,
-2,
30,
-2,
17,
-1,
19519,
-2,
30,
-2,
17,
-1,
19520,
-2,
30,
-2,
17,
-1,
19521,
-2,
30,
-2,
17,
-1,
19522,
-2,
30,
-2,
17,
-1,
19523,
-2,
30,
-2,
17,
-1,
19524,
-2,
30,
-2,
17,
-1,
19525,
-2,
30,
-2,
17,
-1,
19526,
-2,
30,
-2,
17,
-1,
19527,
-2,
30,
-2,
17,
-1,
19528,
-2,
30,
-2,
17,
-1,
19529,
-2,
30,
-2,
17,
-1,
19530,
-2,
30,
-2,
17,
-1,
19531,
-2,
30,
-2,
17,
-1,
19532,
-2,
30,
-2,
17,
-1,
19533,
-2,
30,
-2,
17,
-1,
19534,
-2,
30,
-2,
17,
-1,
19535,
-2,
30,
-2,
17,
-1,
19536,
-2,
30,
-2,
17,
-1,
19537,
-2,
30,
-2,
17,
-1,
19538,
-2,
30,
-2,
17,
-1,
19539,
-2,
30,
-2,
17,
-1,
19540,
-2,
30,
-2,
17,
-1,
19541,
-2,
30,
-2,
17,
-1,
19542,
-2,
30,
-2,
17,
-1,
19543,
-2,
30,
-2,
17,
-1,
19544,
-2,
30,
-2,
17,
-1,
19545,
-2,
30,
-2,
17,
-1,
19546,
-2,
30,
-2,
17,
-1,
19547,
-2,
30,
-2,
17,
-1,
19548,
-2,
30,
-2,
17,
-1,
19549,
-2,
30,
-2,
17,
-1,
19550,
-2,
30,
-2,
17,
-1,
19551,
-2,
30,
-2,
17,
-1,
19552,
-2,
30,
-2,
17,
-1,
19553,
-2,
30,
-2,
17,
-1,
19554,
-2,
30,
-2,
17,
-1,
19555,
-2,
30,
-2,
17,
-1,
19556,
-2,
30,
-2,
17,
-1,
19557,
-2,
30,
-2,
17,
-1,
19558,
-2,
30,
-2,
31,
-1,
19559,
-2,
30,
-2,
31,
-1,
19560,
-2,
30,
-2,
31,
