-1,
19561,
-2,
30,
-2,
31,
-1,
19562,
-2,
30,
-2,
31,
-1,
19563,
-2,
31,
-2,
17,
-1,
19564,
-2,
31,
-2,
17,
-1,
19565,
-2,
31,
-2,
17,
-1,
19566,
-2,
31,
-2,
17,
-1,
19567,
-2,
31,
-2,
17,
-1,
19568,
-2,
31,
-2,
17,
-1,
19569,
-2,
31,
-2,
17,
-1,
19570,
-2,
31,
-2,
17,
-1,
19571,
-2,
31,
-2,
17,
-1,
19572,
-2,
31,
-2,
17,
-1,
19573,
-2,
31,
-2,
17,
-1,
19574,
-2,
31,
-2,
31,
-1,
19575,
-2,
31,
-2,
31,
-1,
19576,
-2,
31,
-2,
31,
-1,
19577,
-2,
31,
-2,
31,
-1,
19578,
-2,
31,
-2,
31,
-1,
19579,
-2,
31,
-2,
31,
-1,
19580,
-2,
31,
-2,
31,
-1,
19581,
-2,
31,
-2,
31,
-1,
19582,
-2,
31,
-2,
31,
-1,
19583,
-2,
31,
-2,
31,
-1,
19584,
-2,
31,
-2,
17,
-1,
19585,
-2,
31,
-2,
17,
-1,
19586,
-2,
31,
-2,
17,
-1,
19587,
-2,
31,
-2,
17,
-1,
19588,
-2,
31,
-2,
17,
-1,
19589,
-2,
31,
-2,
17,
-1,
19590,
-2,
31,
-2,
17,
-1,
19591,
-2,
31,
-2,
17,
-1,
19592,
-2,
31,
-2,
17,
-1,
19593,
-2,
31,
-2,
17,
-1,
19594,
-2,
31,
-2,
17,
-1,
19595,
-2,
31,
-2,
17,
-1,
19596,
-2,
31,
-2,
17,
-1,
19597,
-2,
31,
-2,
17,
-1,
19598,
-2,
32,
-2,
31,
-1,
19599,
-2,
32,
-2,
31,
-1,
19600,
-2,
32,
-2,
31,
-1,
19601,
-2,
32,
-2,
31,
-1,
19602,
-2,
32,
-2,
31,
-1,
19603,
-2,
32,
-2,
31,
-1,
19604,
-2,
32,
-2,
31,
-1,
19605,
-2,
32,
-2,
31,
-1,
19606,
-2,
32,
-2,
31,
-1,
19607,
-2,
32,
-2,
31,
-1,
19608,
-2,
32,
-2,
31,
-1,
19609,
-2,
32,
-2,
31,
-1,
19610,
-2,
32,
-2,
31,
-1,
19611,
-2,
32,
-2,
31,
-1,
19612,
-2,
32,
-2,
31,
-1,
19613,
-2,
32,
-2,
31,
-1,
19614,
-2,
32,
-2,
31,
-1,
19615,
-2,
32,
-2,
31,
-1,
19616,
-2,
32,
-2,
31,
-1,
19617,
-2,
32,
-2,
31,
-1,
19618,
-2,
32,
-2,
31,
-1,
19619,
-2,
32,
-2,
31,
-1,
19620,
-2,
32,
-2,
31,
-1,
19621,
-2,
32,
-2,
31,
-1,
19622,
-2,
32,
-2,
31,
-1,
19623,
-2,
32,
-2,
31,
-1,
19624,
-2,
32,
-2,
31,
-1,
19625,
-2,
32,
-2,
31,
-1,
19626,
-2,
32,
-2,
31,
-1,
19627,
-2,
32,
-2,
31,
-1,
19628,
-2,
32,
-2,
31,
-1,
19629,
-2,
32,
-2,
31,
-1,
19630,
-2,
32,
-2,
31,
-1,
19631,
-2,
32,
-2,
31,
-1,
19632,
-2,
32,
-2,
31,
-1,
19633,
-2,
32,
-2,
31,
-1,
19634,
-2,
32,
-2,
31,
-1,
19635,
-2,
32,
-2,
31,
-1,
19636,
-2,
30,
-2,
17,
-1,
19637,
-2,
30,
-2,
17,
-1,
19638,
-2,
30,
-2,
17,
-1,
19639,
-2,
30,
-2,
17,
-1,
19640,
-2,
30,
-2,
17,
-1,
19641,
-2,
30,
-2,
17,
-1,
19642,
-2,
30,
-2,
17,
-1,
19643,
-2,
30,
-2,
17,
-1,
19644,
-2,
30,
-2,
17,
-1,
19645,
-2,
31,
-2,
17,
-1,
19646,
-2,
31,
-2,
17,
-1,
19647,
-2,
31,
-2,
17,
-1,
19648,
-2,
31,
-2,
17,
-1,
19649,
-2,
31,
-2,
17,
-1,
19650,
-2,
31,
-2,
17,
-1,
19651,
-2,
31,
-2,
17,
-1,
19652,
-2,
31,
-2,
17,
-1,
19653,
-2,
31,
-2,
17,
-1,
19654,
-2,
31,
-2,
17,
-1,
19655,
-2,
31,
-2,
17,
-1,
19656,
-2,
31,
-2,
17,
-1,
19657,
-2,
31,
-2,
17,
-1,
19658,
-2,
31,
-2,
17,
-1,
19659,
-2,
31,
-2,
17,
-1,
19660,
-2,
31,
-2,
17,
-1,
19661,
-2,
30,
-2,
17,
-1,
19662,
-2,
30,
-2,
17,
-1,
19663,
-2,
30,
-2,
17,
-1,
19664,
-2,
30,
-2,
17,
-1,
19665,
-2,
30,
-2,
17,
-1,
19666,
-2,
30,
-2,
17,
-1,
19667,
-2,
30,
-2,
17,
-1,
19668,
-2,
30,
-2,
17,
-1,
19669,
-2,
30,
-2,
17,
-1,
19670,
-2,
30,
-2,
17,
-1,
19671,
-2,
30,
-2,
17,
-1,
19672,
-2,
30,
-2,
17,
-1,
19673,
-2,
30,
-2,
17,
-1,
19674,
-2,
30,
-2,
17,
-1,
19675,
-2,
30,
-2,
17,
-1,
19676,
-2,
32,
-2,
17,
-1,
19677,
-2,
32,
-2,
17,
-1,
19678,
-2,
32,
-2,
31,
-1,
19679,
-2,
32,
-2,
31,
-1,
19680,
-2,
32,
-2,
31,
