-1,
19681,
-2,
30,
-2,
31,
-1,
19682,
-2,
30,
-2,
31,
-1,
19683,
-2,
31,
-2,
17,
-1,
19684,
-2,
31,
-2,
17,
-1,
19685,
-2,
31,
-2,
17,
-1,
19686,
-2,
31,
-2,
17,
-1,
19687,
-2,
31,
-2,
17,
-1,
19688,
-2,
31,
-2,
17,
-1,
19689,
-2,
31,
-2,
17,
-1,
19690,
-2,
31,
-2,
17,
-1,
19691,
-2,
31,
-2,
17,
-1,
19692,
-2,
31,
-2,
17,
-1,
19693,
-2,
31,
-2,
17,
-1,
19694,
-2,
31,
-2,
31,
-1,
19695,
-2,
31,
-2,
31,
-1,
19696,
-2,
31,
-2,
31,
-1,
19697,
-2,
31,
-2,
31,
-1,
19698,
-2,
31,
-2,
31,
-1,
19699,
-2,
31,
-2,
31,
-1,
19700,
-2,
31,
-2,
31,
-1,
19701,
-2,
31,
-2,
31,
-1,
19702,
-2,
31,
-2,
31,
-1,
19703,
-2,
31,
-2,
31,
-1,
19704,
-2,
31,
-2,
17,
-1,
19705,
-2,
31,
-2,
17,
-1,
19706,
-2,
31,
-2,
17,
-1,
19707,
-2,
31,
-2,
17,
-1,
19708,
-2,
31,
-2,
17,
-1,
19709,
-2,
31,
-2,
17,
-1,
19710,
-2,
31,
-2,
17,
-1,
19711,
-2,
31,
-2,
17,
-1,
19712,
-2,
31,
-2,
17,
-1,
19713,
-2,
31,
-2,
17,
-1,
19714,
-2,
31,
-2,
17,
-1,
19715,
-2,
31,
-2,
17,
-1,
19716,
-2,
31,
-2,
17,
-1,
19717,
-2,
31,
-2,
17,
-1,
19718,
-2,
32,
-2,
31,
-1,
19719,
-2,
32,
-2,
31,
-1,
19720,
-2,
32,
-2,
31,
-1,
19721,
-2,
32,
-2,
31,
-1,
19722,
-2,
32,
-2,
31,
-1,
19723,
-2,
32,
-2,
31,
-1,
19724,
-2,
32,
-2,
31,
-1,
19725,
-2,
32,
-2,
31,
-1,
19726,
-2,
32,
-2,
31,
-1,
19727,
-2,
32,
-2,
31,
-1,
19728,
-2,
32,
-2,
31,
-1,
19729,
-2,
32,
-2,
31,
-1,
19730,
-2,
32,
-2,
31,
-1,
19731,
-2,
32,
-2,
31,
-1,
19732,
-2,
32,
-2,
31,
-1,
19733,
-2,
32,
-2,
31,
-1,
19734,
-2,
32,
-2,
31,
-1,
19735,
-2,
32,
-2,
31,
-1,
19736,
-2,
32,
-2,
31,
-1,
19737,
-2,
32,
-2,
31,
-1,
19738,
-2,
32,
-2,
31,
-1,
19739,
-2,
32,
-2,
31,
-1,
19740,
-2,
32,
-2,
31,
-1,
19741,
-2,
32,
-2,
31,
-1,
19742,
-2,
32,
-2,
31,
-1,
19743,
-2,
32,
-2,
31,
-1,
19744,
-2,
32,
-2,
31,
-1,
19745,
-2,
32,
-2,
31,
-1,
19746,
-2,
32,
-2,
31,
-1,
19747,
-2,
30,
-2,
31,
-1,
19748,
-2,
30,
-2,
31,
-1,
19749,
-2,
30,
-2,
31,
-1,
19750,
-2,
30,
-2,
31,
-1,
19751,
-2,
30,
-2,
31,
-1,
19752,
-2,
30,
-2,
31,
-1,
19753,
-2,
30,
-2,
31,
-1,
19754,
-2,
30,
-2,
31,
-1,
19755,
-2,
30,
-2,
31,
-1,
19756,
-2,
30,
-2,
17,
-1,
19757,
-2,
30,
-2,
17,
-1,
19758,
-2,
30,
-2,
17,
-1,
19759,
-2,
30,
-2,
17,
-1,
19760,
-2,
30,
-2,
17,
-1,
19761,
-2,
30,
-2,
17,
-1,
19762,
-2,
30,
-2,
17,
-1,
19763,
-2,
30,
-2,
17,
-1,
19764,
-2,
30,
-2,
17,
-1,
19765,
-2,
31,
-2,
17,
-1,
19766,
-2,
31,
-2,
17,
-1,
19767,
-2,
30,
-2,
17,
-1,
19768,
-2,
30,
-2,
17,
-1,
19769,
-2,
30,
-2,
17,
-1,
19770,
-2,
30,
-2,
17,
-1,
19771,
-2,
30,
-2,
17,
-1,
19772,
-2,
30,
-2,
17,
-1,
19773,
-2,
30,
-2,
17,
-1,
19774,
-2,
30,
-2,
17,
-1,
19775,
-2,
31,
-2,
17,
-1,
19776,
-2,
31,
-2,
17,
-1,
19777,
-2,
31,
-2,
17,
-1,
19778,
-2,
31,
-2,
17,
-1,
19779,
-2,
31,
-2,
17,
-1,
19780,
-2,
31,
-2,
17,
-1,
19781,
-2,
30,
-2,
17,
-1,
19782,
-2,
30,
-2,
17,
-1,
19783,
-2,
30,
-2,
17,
-1,
19784,
-2,
30,
-2,
17,
-1,
19785,
-2,
30,
-2,
17,
-1,
19786,
-2,
30,
-2,
17,
-1,
19787,
-2,
30,
-2,
17,
-1,
19788,
-2,
30,
-2,
17,
-1,
19789,
-2,
30,
-2,
17,
-1,
19790,
-2,
30,
-2,
17,
-1,
19791,
-2,
30,
-2,
17,
-1,
19792,
-2,
30,
-2,
17,
-1,
19793,
-2,
30,
-2,
17,
-1,
19794,
-2,
30,
-2,
17,
-1,
19795,
-2,
30,
-2,
17,
-1,
19796,
-2,
32,
-2,
17,
-1,
19797,
-2,
32,
-2,
17,
-1,
19798,
-2,
32,
-2,
31,
-1,
19799,
-2,
32,
-2,
31,
-1,
19800,
-2,
32,
-2,
31,
