-1,
19801,
-2,
30,
-2,
31,
-1,
19802,
-2,
30,
-2,
31,
-1,
19803,
-2,
31,
-2,
17,
-1,
19804,
-2,
31,
-2,
17,
-1,
19805,
-2,
31,
-2,
17,
-1,
19806,
-2,
31,
-2,
17,
-1,
19807,
-2,
31,
-2,
17,
-1,
19808,
-2,
31,
-2,
17,
-1,
19809,
-2,
31,
-2,
17,
-1,
19810,
-2,
31,
-2,
17,
-1,
19811,
-2,
31,
-2,
17,
-1,
19812,
-2,
31,
-2,
17,
-1,
19813,
-2,
31,
-2,
17,
-1,
19814,
-2,
31,
-2,
31,
-1,
19815,
-2,
31,
-2,
31,
-1,
19816,
-2,
31,
-2,
31,
-1,
19817,
-2,
31,
-2,
31,
-1,
19818,
-2,
31,
-2,
31,
-1,
19819,
-2,
31,
-2,
31,
-1,
19820,
-2,
31,
-2,
31,
-1,
19821,
-2,
31,
-2,
31,
-1,
19822,
-2,
31,
-2,
31,
-1,
19823,
-2,
31,
-2,
31,
-1,
19824,
-2,
31,
-2,
17,
-1,
19825,
-2,
31,
-2,
17,
-1,
19826,
-2,
31,
-2,
17,
-1,
19827,
-2,
31,
-2,
17,
-1,
19828,
-2,
31,
-2,
17,
-1,
19829,
-2,
31,
-2,
17,
-1,
19830,
-2,
31,
-2,
17,
-1,
19831,
-2,
31,
-2,
17,
-1,
19832,
-2,
31,
-2,
17,
-1,
19833,
-2,
31,
-2,
17,
-1,
19834,
-2,
31,
-2,
17,
-1,
19835,
-2,
31,
-2,
17,
-1,
19836,
-2,
31,
-2,
17,
-1,
19837,
-2,
31,
-2,
17,
-1,
19838,
-2,
32,
-2,
31,
-1,
19839,
-2,
32,
-2,
31,
-1,
19840,
-2,
32,
-2,
31,
-1,
19841,
-2,
32,
-2,
31,
-1,
19842,
-2,
32,
-2,
31,
-1,
19843,
-2,
32,
-2,
31,
-1,
19844,
-2,
32,
-2,
31,
-1,
19845,
-2,
30,
-2,
31,
-1,
19846,
-2,
30,
-2,
31,
-1,
19847,
-2,
30,
-2,
31,
-1,
19848,
-2,
30,
-2,
31,
-1,
19849,
-2,
30,
-2,
31,
-1,
19850,
-2,
32,
-2,
31,
-1,
19851,
-2,
32,
-2,
31,
-1,
19852,
-2,
32,
-2,
31,
-1,
19853,
-2,
32,
-2,
31,
-1,
19854,
-2,
32,
-2,
31,
-1,
19855,
-2,
32,
-2,
31,
-1,
19856,
-2,
32,
-2,
31,
-1,
19857,
-2,
32,
-2,
31,
-1,
19858,
-2,
32,
-2,
31,
-1,
19859,
-2,
32,
-2,
31,
-1,
19860,
-2,
32,
-2,
31,
-1,
19861,
-2,
32,
-2,
31,
-1,
19862,
-2,
32,
-2,
31,
-1,
19863,
-2,
32,
-2,
31,
-1,
19864,
-2,
32,
-2,
31,
-1,
19865,
-2,
32,
-2,
31,
-1,
19866,
-2,
32,
-2,
31,
-1,
19867,
-2,
30,
-2,
31,
-1,
19868,
-2,
30,
-2,
31,
-1,
19869,
-2,
30,
-2,
31,
-1,
19870,
-2,
30,
-2,
31,
-1,
19871,
-2,
30,
-2,
31,
-1,
19872,
-2,
30,
-2,
31,
-1,
19873,
-2,
30,
-2,
31,
-1,
19874,
-2,
30,
-2,
31,
-1,
19875,
-2,
30,
-2,
31,
-1,
19876,
-2,
30,
-2,
17,
-1,
19877,
-2,
30,
-2,
17,
-1,
19878,
-2,
30,
-2,
17,
-1,
19879,
-2,
30,
-2,
17,
-1,
19880,
-2,
30,
-2,
17,
-1,
19881,
-2,
30,
-2,
17,
-1,
19882,
-2,
30,
-2,
17,
-1,
19883,
-2,
30,
-2,
17,
-1,
19884,
-2,
30,
-2,
17,
-1,
19885,
-2,
31,
-2,
17,
-1,
19886,
-2,
31,
-2,
17,
-1,
19887,
-2,
30,
-2,
17,
-1,
19888,
-2,
30,
-2,
17,
-1,
19889,
-2,
30,
-2,
17,
-1,
19890,
-2,
30,
-2,
17,
-1,
19891,
-2,
30,
-2,
17,
-1,
19892,
-2,
30,
-2,
17,
-1,
19893,
-2,
30,
-2,
17,
-1,
19894,
-2,
30,
-2,
17,
-1,
19895,
-2,
31,
-2,
17,
-1,
19896,
-2,
31,
-2,
17,
-1,
19897,
-2,
31,
-2,
17,
-1,
19898,
-2,
31,
-2,
17,
-1,
19899,
-2,
31,
-2,
17,
-1,
19900,
-2,
31,
-2,
17,
-1,
19901,
-2,
30,
-2,
17,
-1,
19902,
-2,
30,
-2,
17,
-1,
19903,
-2,
30,
-2,
17,
-1,
19904,
-2,
30,
-2,
17,
-1,
19905,
-2,
30,
-2,
17,
-1,
19906,
-2,
30,
-2,
17,
-1,
19907,
-2,
30,
-2,
17,
-1,
19908,
-2,
30,
-2,
17,
-1,
19909,
-2,
30,
-2,
17,
-1,
19910,
-2,
30,
-2,
17,
-1,
19911,
-2,
30,
-2,
17,
-1,
19912,
-2,
30,
-2,
17,
-1,
19913,
-2,
30,
-2,
17,
-1,
19914,
-2,
30,
-2,
17,
-1,
19915,
-2,
30,
-2,
17,
-1,
19916,
-2,
32,
-2,
17,
-1,
19917,
-2,
32,
-2,
17,
-1,
19918,
-2,
32,
-2,
31,
-1,
19919,
-2,
32,
-2,
31,
-1,
19920,
-2,
32,
-2,
31,
