-1,
19921,
-2,
30,
-2,
31,
-1,
19922,
-2,
30,
-2,
31,
-1,
19923,
-2,
31,
-2,
17,
-1,
19924,
-2,
31,
-2,
17,
-1,
19925,
-2,
31,
-2,
17,
-1,
19926,
-2,
31,
-2,
17,
-1,
19927,
-2,
31,
-2,
17,
-1,
19928,
-2,
31,
-2,
17,
-1,
19929,
-2,
31,
-2,
17,
-1,
19930,
-2,
31,
-2,
17,
-1,
19931,
-2,
31,
-2,
17,
-1,
19932,
-2,
31,
-2,
17,
-1,
19933,
-2,
31,
-2,
17,
-1,
19934,
-2,
31,
-2,
31,
-1,
19935,
-2,
31,
-2,
31,
-1,
19936,
-2,
31,
-2,
31,
-1,
19937,
-2,
31,
-2,
31,
-1,
19938,
-2,
31,
-2,
31,
-1,
19939,
-2,
31,
-2,
31,
-1,
19940,
-2,
30,
-2,
31,
-1,
19941,
-2,
30,
-2,
31,
-1,
19942,
-2,
31,
-2,
31,
-1,
19943,
-2,
31,
-2,
31,
-1,
19944,
-2,
31,
-2,
17,
-1,
19945,
-2,
31,
-2,
17,
-1,
19946,
-2,
31,
-2,
17,
-1,
19947,
-2,
31,
-2,
17,
-1,
19948,
-2,
31,
-2,
17,
-1,
19949,
-2,
31,
-2,
17,
-1,
19950,
-2,
31,
-2,
17,
-1,
19951,
-2,
31,
-2,
17,
-1,
19952,
-2,
31,
-2,
17,
-1,
19953,
-2,
31,
-2,
17,
-1,
19954,
-2,
31,
-2,
17,
-1,
19955,
-2,
31,
-2,
17,
-1,
19956,
-2,
31,
-2,
17,
-1,
19957,
-2,
31,
-2,
17,
-1,
19958,
-2,
32,
-2,
31,
-1,
19959,
-2,
32,
-2,
31,
-1,
19960,
-2,
32,
-2,
31,
-1,
19961,
-2,
32,
-2,
31,
-1,
19962,
-2,
32,
-2,
31,
-1,
19963,
-2,
32,
-2,
31,
-1,
19964,
-2,
32,
-2,
31,
-1,
19965,
-2,
30,
-2,
31,
-1,
19966,
-2,
30,
-2,
31,
-1,
19967,
-2,
30,
-2,
31,
-1,
19968,
-2,
30,
-2,
31,
-1,
19969,
-2,
30,
-2,
31,
-1,
19970,
-2,
32,
-2,
31,
-1,
19971,
-2,
32,
-2,
31,
-1,
19972,
-2,
32,
-2,
31,
-1,
19973,
-2,
32,
-2,
31,
-1,
19974,
-2,
32,
-2,
31,
-1,
19975,
-2,
30,
-2,
31,
-1,
19976,
-2,
30,
-2,
31,
-1,
19977,
-2,
30,
-2,
31,
-1,
19978,
-2,
32,
-2,
31,
-1,
19979,
-2,
32,
-2,
31,
-1,
19980,
-2,
32,
-2,
31,
-1,
19981,
-2,
32,
-2,
31,
-1,
19982,
-2,
32,
-2,
31,
-1,
19983,
-2,
32,
-2,
31,
-1,
19984,
-2,
32,
-2,
31,
-1,
19985,
-2,
32,
-2,
31,
-1,
19986,
-2,
32,
-2,
31,
-1,
19987,
-2,
30,
-2,
31,
-1,
19988,
-2,
30,
-2,
31,
-1,
19989,
-2,
30,
-2,
31,
-1,
19990,
-2,
30,
-2,
31,
-1,
19991,
-2,
30,
-2,
31,
-1,
19992,
-2,
30,
-2,
31,
-1,
19993,
-2,
30,
-2,
31,
-1,
19994,
-2,
30,
-2,
31,
-1,
19995,
-2,
30,
-2,
31,
-1,
19996,
-2,
30,
-2,
17,
-1,
19997,
-2,
30,
-2,
17,
-1,
19998,
-2,
30,
-2,
17,
-1,
19999,
-2,
30,
-2,
17,
-1,
20000,
-2,
30,
-2,
17,
-1,
20001,
-2,
30,
-2,
17,
-1,
20002,
-2,
30,
-2,
17,
-1,
20003,
-2,
30,
-2,
17,
-1,
20004,
-2,
30,
-2,
17,
-1,
20005,
-2,
31,
-2,
17,
-1,
20006,
-2,
31,
-2,
17,
-1,
20007,
-2,
30,
-2,
17,
-1,
20008,
-2,
30,
-2,
17,
-1,
20009,
-2,
30,
-2,
17,
-1,
20010,
-2,
30,
-2,
17,
-1,
20011,
-2,
30,
-2,
17,
-1,
20012,
-2,
30,
-2,
17,
-1,
20013,
-2,
30,
-2,
17,
-1,
20014,
-2,
30,
-2,
17,
-1,
20015,
-2,
30,
-2,
17,
-1,
20016,
-2,
30,
-2,
17,
-1,
20017,
-2,
31,
-2,
17,
-1,
20018,
-2,
31,
-2,
17,
-1,
20019,
-2,
31,
-2,
17,
-1,
20020,
-2,
31,
-2,
17,
-1,
20021,
-2,
30,
-2,
17,
-1,
20022,
-2,
30,
-2,
17,
-1,
20023,
-2,
30,
-2,
17,
-1,
20024,
-2,
30,
-2,
17,
-1,
20025,
-2,
30,
-2,
17,
-1,
20026,
-2,
30,
-2,
17,
-1,
20027,
-2,
30,
-2,
17,
-1,
20028,
-2,
30,
-2,
17,
-1,
20029,
-2,
30,
-2,
17,
-1,
20030,
-2,
30,
-2,
17,
-1,
20031,
-2,
30,
-2,
17,
-1,
20032,
-2,
30,
-2,
17,
-1,
20033,
-2,
30,
-2,
17,
-1,
20034,
-2,
30,
-2,
17,
-1,
20035,
-2,
30,
-2,
17,
-1,
20036,
-2,
32,
-2,
17,
-1,
20037,
-2,
32,
-2,
17,
-1,
20038,
-2,
32,
-2,
31,
-1,
20039,
-2,
32,
-2,
31,
-1,
20040,
-2,
32,
-2,
31,
