-1,
20041,
-2,
30,
-2,
31,
-1,
20042,
-2,
30,
-2,
31,
-1,
20043,
-2,
30,
-2,
17,
-1,
20044,
-2,
30,
-2,
17,
-1,
20045,
-2,
30,
-2,
17,
-1,
20046,
-2,
30,
-2,
17,
-1,
20047,
-2,
31,
-2,
17,
-1,
20048,
-2,
31,
-2,
17,
-1,
20049,
-2,
31,
-2,
17,
-1,
20050,
-2,
31,
-2,
17,
-1,
20051,
-2,
31,
-2,
17,
-1,
20052,
-2,
31,
-2,
17,
-1,
20053,
-2,
31,
-2,
17,
-1,
20054,
-2,
31,
-2,
31,
-1,
20055,
-2,
31,
-2,
31,
-1,
20056,
-2,
31,
-2,
31,
-1,
20057,
-2,
31,
-2,
31,
-1,
20058,
-2,
31,
-2,
31,
-1,
20059,
-2,
31,
-2,
31,
-1,
20060,
-2,
30,
-2,
31,
-1,
20061,
-2,
30,
-2,
31,
-1,
20062,
-2,
31,
-2,
31,
-1,
20063,
-2,
31,
-2,
31,
-1,
20064,
-2,
31,
-2,
17,
-1,
20065,
-2,
31,
-2,
17,
-1,
20066,
-2,
31,
-2,
17,
-1,
20067,
-2,
31,
-2,
17,
-1,
20068,
-2,
31,
-2,
17,
-1,
20069,
-2,
31,
-2,
17,
-1,
20070,
-2,
31,
-2,
17,
-1,
20071,
-2,
31,
-2,
17,
-1,
20072,
-2,
31,
-2,
17,
-1,
20073,
-2,
31,
-2,
17,
-1,
20074,
-2,
31,
-2,
17,
-1,
20075,
-2,
31,
-2,
17,
-1,
20076,
-2,
31,
-2,
17,
-1,
20077,
-2,
30,
-2,
17,
-1,
20078,
-2,
30,
-2,
31,
-1,
20079,
-2,
30,
-2,
31,
-1,
20080,
-2,
30,
-2,
31,
-1,
20081,
-2,
30,
-2,
31,
-1,
20082,
-2,
32,
-2,
31,
-1,
20083,
-2,
32,
-2,
31,
-1,
20084,
-2,
32,
-2,
31,
-1,
20085,
-2,
30,
-2,
31,
-1,
20086,
-2,
30,
-2,
31,
-1,
20087,
-2,
30,
-2,
31,
-1,
20088,
-2,
30,
-2,
31,
-1,
20089,
-2,
30,
-2,
31,
-1,
20090,
-2,
32,
-2,
31,
-1,
20091,
-2,
32,
-2,
31,
-1,
20092,
-2,
32,
-2,
31,
-1,
20093,
-2,
32,
-2,
31,
-1,
20094,
-2,
32,
-2,
31,
-1,
20095,
-2,
30,
-2,
31,
-1,
20096,
-2,
30,
-2,
31,
-1,
20097,
-2,
30,
-2,
31,
-1,
20098,
-2,
32,
-2,
31,
-1,
20099,
-2,
32,
-2,
31,
-1,
20100,
-2,
32,
-2,
31,
-1,
20101,
-2,
32,
-2,
31,
-1,
20102,
-2,
32,
-2,
31,
-1,
20103,
-2,
32,
-2,
31,
-1,
20104,
-2,
32,
-2,
31,
-1,
20105,
-2,
32,
-2,
31,
-1,
20106,
-2,
32,
-2,
31,
-1,
20107,
-2,
30,
-2,
31,
-1,
20108,
-2,
30,
-2,
31,
-1,
20109,
-2,
30,
-2,
31,
-1,
20110,
-2,
30,
-2,
31,
-1,
20111,
-2,
30,
-2,
31,
-1,
20112,
-2,
30,
-2,
31,
-1,
20113,
-2,
30,
-2,
31,
-1,
20114,
-2,
30,
-2,
31,
-1,
20115,
-2,
30,
-2,
31,
-1,
20116,
-2,
30,
-2,
17,
-1,
20117,
-2,
30,
-2,
17,
-1,
20118,
-2,
30,
-2,
17,
-1,
20119,
-2,
30,
-2,
17,
-1,
20120,
-2,
30,
-2,
17,
-1,
20121,
-2,
30,
-2,
17,
-1,
20122,
-2,
30,
-2,
17,
-1,
20123,
-2,
30,
-2,
17,
-1,
20124,
-2,
30,
-2,
17,
-1,
20125,
-2,
31,
-2,
17,
-1,
20126,
-2,
31,
-2,
17,
-1,
20127,
-2,
30,
-2,
17,
-1,
20128,
-2,
30,
-2,
17,
-1,
20129,
-2,
30,
-2,
17,
-1,
20130,
-2,
30,
-2,
17,
-1,
20131,
-2,
30,
-2,
17,
-1,
20132,
-2,
30,
-2,
17,
-1,
20133,
-2,
30,
-2,
17,
-1,
20134,
-2,
30,
-2,
17,
-1,
20135,
-2,
30,
-2,
17,
-1,
20136,
-2,
30,
-2,
17,
-1,
20137,
-2,
31,
-2,
17,
-1,
20138,
-2,
31,
-2,
17,
-1,
20139,
-2,
31,
-2,
17,
-1,
20140,
-2,
31,
-2,
17,
-1,
20141,
-2,
30,
-2,
17,
-1,
20142,
-2,
30,
-2,
17,
-1,
20143,
-2,
30,
-2,
17,
-1,
20144,
-2,
30,
-2,
17,
-1,
20145,
-2,
30,
-2,
17,
-1,
20146,
-2,
30,
-2,
17,
-1,
20147,
-2,
30,
-2,
17,
-1,
20148,
-2,
30,
-2,
17,
-1,
20149,
-2,
30,
-2,
17,
-1,
20150,
-2,
30,
-2,
17,
-1,
20151,
-2,
30,
-2,
17,
-1,
20152,
-2,
30,
-2,
17,
-1,
20153,
-2,
30,
-2,
17,
-1,
20154,
-2,
30,
-2,
17,
-1,
20155,
-2,
30,
-2,
17,
-1,
20156,
-2,
32,
-2,
17,
-1,
20157,
-2,
32,
-2,
17,
-1,
20158,
-2,
32,
-2,
31,
-1,
20159,
-2,
32,
-2,
31,
-1,
20160,
-2,
32,
-2,
31,
