-1,
20161,
-2,
30,
-2,
31,
-1,
20162,
-2,
30,
-2,
31,
-1,
20163,
-2,
30,
-2,
17,
-1,
20164,
-2,
30,
-2,
17,
-1,
20165,
-2,
30,
-2,
17,
-1,
20166,
-2,
30,
-2,
17,
-1,
20167,
-2,
31,
-2,
17,
-1,
20168,
-2,
31,
-2,
17,
-1,
20169,
-2,
31,
-2,
17,
-1,
20170,
-2,
31,
-2,
17,
-1,
20171,
-2,
31,
-2,
17,
-1,
20172,
-2,
31,
-2,
17,
-1,
20173,
-2,
31,
-2,
17,
-1,
20174,
-2,
31,
-2,
31,
-1,
20175,
-2,
31,
-2,
31,
-1,
20176,
-2,
31,
-2,
31,
-1,
20177,
-2,
31,
-2,
31,
-1,
20178,
-2,
31,
-2,
31,
-1,
20179,
-2,
31,
-2,
31,
-1,
20180,
-2,
30,
-2,
31,
-1,
20181,
-2,
30,
-2,
31,
-1,
20182,
-2,
31,
-2,
31,
-1,
20183,
-2,
31,
-2,
31,
-1,
20184,
-2,
31,
-2,
17,
-1,
20185,
-2,
31,
-2,
17,
-1,
20186,
-2,
31,
-2,
17,
-1,
20187,
-2,
31,
-2,
17,
-1,
20188,
-2,
31,
-2,
17,
-1,
20189,
-2,
31,
-2,
17,
-1,
20190,
-2,
31,
-2,
17,
-1,
20191,
-2,
31,
-2,
17,
-1,
20192,
-2,
31,
-2,
17,
-1,
20193,
-2,
31,
-2,
17,
-1,
20194,
-2,
31,
-2,
17,
-1,
20195,
-2,
31,
-2,
17,
-1,
20196,
-2,
31,
-2,
17,
-1,
20197,
-2,
30,
-2,
17,
-1,
20198,
-2,
30,
-2,
31,
-1,
20199,
-2,
30,
-2,
31,
-1,
20200,
-2,
30,
-2,
31,
-1,
20201,
-2,
30,
-2,
31,
-1,
20202,
-2,
32,
-2,
31,
-1,
20203,
-2,
32,
-2,
31,
-1,
20204,
-2,
32,
-2,
31,
-1,
20205,
-2,
30,
-2,
31,
-1,
20206,
-2,
30,
-2,
31,
-1,
20207,
-2,
30,
-2,
31,
-1,
20208,
-2,
30,
-2,
31,
-1,
20209,
-2,
30,
-2,
31,
-1,
20210,
-2,
32,
-2,
31,
-1,
20211,
-2,
32,
-2,
31,
-1,
20212,
-2,
32,
-2,
31,
-1,
20213,
-2,
32,
-2,
31,
-1,
20214,
-2,
32,
-2,
31,
-1,
20215,
-2,
30,
-2,
31,
-1,
20216,
-2,
30,
-2,
31,
-1,
20217,
-2,
30,
-2,
31,
-1,
20218,
-2,
32,
-2,
31,
-1,
20219,
-2,
32,
-2,
31,
-1,
20220,
-2,
32,
-2,
31,
-1,
20221,
-2,
32,
-2,
31,
-1,
20222,
-2,
32,
-2,
31,
-1,
20223,
-2,
32,
-2,
31,
-1,
20224,
-2,
32,
-2,
31,
-1,
20225,
-2,
32,
-2,
31,
-1,
20226,
-2,
32,
-2,
31,
-1,
20227,
-2,
30,
-2,
31,
-1,
20228,
-2,
30,
-2,
31,
-1,
20229,
-2,
30,
-2,
31,
-1,
20230,
-2,
30,
-2,
31,
-1,
20231,
-2,
30,
-2,
31,
-1,
20232,
-2,
30,
-2,
31,
-1,
20233,
-2,
30,
-2,
31,
-1,
20234,
-2,
30,
-2,
31,
-1,
20235,
-2,
30,
-2,
31,
-1,
20236,
-2,
30,
-2,
17,
-1,
20237,
-2,
30,
-2,
17,
-1,
20238,
-2,
30,
-2,
17,
-1,
20239,
-2,
30,
-2,
17,
-1,
20240,
-2,
30,
-2,
17,
-1,
20241,
-2,
30,
-2,
17,
-1,
20242,
-2,
30,
-2,
17,
-1,
20243,
-2,
30,
-2,
17,
-1,
20244,
-2,
30,
-2,
17,
-1,
20245,
-2,
31,
-2,
17,
-1,
20246,
-2,
31,
-2,
17,
-1,
20247,
-2,
30,
-2,
17,
-1,
20248,
-2,
30,
-2,
17,
-1,
20249,
-2,
30,
-2,
17,
-1,
20250,
-2,
30,
-2,
17,
-1,
20251,
-2,
30,
-2,
17,
-1,
20252,
-2,
30,
-2,
17,
-1,
20253,
-2,
30,
-2,
17,
-1,
20254,
-2,
30,
-2,
17,
-1,
20255,
-2,
30,
-2,
17,
-1,
20256,
-2,
30,
-2,
17,
-1,
20257,
-2,
31,
-2,
17,
-1,
20258,
-2,
31,
-2,
17,
-1,
20259,
-2,
31,
-2,
17,
-1,
20260,
-2,
31,
-2,
17,
-1,
20261,
-2,
30,
-2,
17,
-1,
20262,
-2,
30,
-2,
17,
-1,
20263,
-2,
30,
-2,
17,
-1,
20264,
-2,
30,
-2,
17,
-1,
20265,
-2,
30,
-2,
17,
-1,
20266,
-2,
30,
-2,
17,
-1,
20267,
-2,
30,
-2,
17,
-1,
20268,
-2,
30,
-2,
17,
-1,
20269,
-2,
30,
-2,
17,
-1,
20270,
-2,
30,
-2,
17,
-1,
20271,
-2,
30,
-2,
17,
-1,
20272,
-2,
30,
-2,
17,
-1,
20273,
-2,
30,
-2,
17,
-1,
20274,
-2,
30,
-2,
17,
-1,
20275,
-2,
30,
-2,
17,
-1,
20276,
-2,
30,
-2,
17,
-1,
20277,
-2,
30,
-2,
17,
-1,
20278,
-2,
30,
-2,
31,
-1,
20279,
-2,
32,
-2,
31,
-1,
20280,
-2,
32,
-2,
31,
