-1,
20281,
-2,
30,
-2,
31,
-1,
20282,
-2,
30,
-2,
31,
-1,
20283,
-2,
30,
-2,
17,
-1,
20284,
-2,
30,
-2,
17,
-1,
20285,
-2,
30,
-2,
17,
-1,
20286,
-2,
30,
-2,
17,
-1,
20287,
-2,
31,
-2,
17,
-1,
20288,
-2,
31,
-2,
17,
-1,
20289,
-2,
31,
-2,
17,
-1,
20290,
-2,
31,
-2,
17,
-1,
20291,
-2,
31,
-2,
17,
-1,
20292,
-2,
31,
-2,
17,
-1,
20293,
-2,
31,
-2,
17,
-1,
20294,
-2,
31,
-2,
31,
-1,
20295,
-2,
31,
-2,
31,
-1,
20296,
-2,
31,
-2,
31,
-1,
20297,
-2,
31,
-2,
31,
-1,
20298,
-2,
31,
-2,
31,
-1,
20299,
-2,
31,
-2,
31,
-1,
20300,
-2,
30,
-2,
31,
-1,
20301,
-2,
30,
-2,
31,
-1,
20302,
-2,
31,
-2,
31,
-1,
20303,
-2,
31,
-2,
31,
-1,
20304,
-2,
31,
-2,
17,
-1,
20305,
-2,
31,
-2,
17,
-1,
20306,
-2,
31,
-2,
17,
-1,
20307,
-2,
31,
-2,
17,
-1,
20308,
-2,
31,
-2,
17,
-1,
20309,
-2,
31,
-2,
17,
-1,
20310,
-2,
31,
-2,
17,
-1,
20311,
-2,
31,
-2,
17,
-1,
20312,
-2,
31,
-2,
17,
-1,
20313,
-2,
31,
-2,
17,
-1,
20314,
-2,
30,
-2,
17,
-1,
20315,
-2,
30,
-2,
17,
-1,
20316,
-2,
30,
-2,
17,
-1,
20317,
-2,
30,
-2,
17,
-1,
20318,
-2,
30,
-2,
31,
-1,
20319,
-2,
30,
-2,
31,
-1,
20320,
-2,
30,
-2,
31,
-1,
20321,
-2,
30,
-2,
31,
-1,
20322,
-2,
32,
-2,
31,
-1,
20323,
-2,
32,
-2,
31,
-1,
20324,
-2,
32,
-2,
31,
-1,
20325,
-2,
30,
-2,
31,
-1,
20326,
-2,
30,
-2,
31,
-1,
20327,
-2,
30,
-2,
31,
-1,
20328,
-2,
30,
-2,
31,
-1,
20329,
-2,
30,
-2,
31,
-1,
20330,
-2,
32,
-2,
31,
-1,
20331,
-2,
32,
-2,
31,
-1,
20332,
-2,
32,
-2,
31,
-1,
20333,
-2,
32,
-2,
31,
-1,
20334,
-2,
32,
-2,
31,
-1,
20335,
-2,
30,
-2,
31,
-1,
20336,
-2,
30,
-2,
31,
-1,
20337,
-2,
30,
-2,
31,
-1,
20338,
-2,
32,
-2,
31,
-1,
20339,
-2,
32,
-2,
31,
-1,
20340,
-2,
32,
-2,
31,
-1,
20341,
-2,
32,
-2,
31,
-1,
20342,
-2,
32,
-2,
31,
-1,
20343,
-2,
32,
-2,
31,
-1,
20344,
-2,
32,
-2,
31,
-1,
20345,
-2,
32,
-2,
31,
-1,
20346,
-2,
32,
-2,
31,
-1,
20347,
-2,
30,
-2,
31,
-1,
20348,
-2,
30,
-2,
31,
-1,
20349,
-2,
30,
-2,
31,
-1,
20350,
-2,
30,
-2,
31,
-1,
20351,
-2,
30,
-2,
31,
-1,
20352,
-2,
30,
-2,
31,
-1,
20353,
-2,
30,
-2,
31,
-1,
20354,
-2,
30,
-2,
31,
-1,
20355,
-2,
30,
-2,
31,
-1,
20356,
-2,
30,
-2,
17,
-1,
20357,
-2,
30,
-2,
17,
-1,
20358,
-2,
30,
-2,
17,
-1,
20359,
-2,
30,
-2,
17,
-1,
20360,
-2,
30,
-2,
17,
-1,
20361,
-2,
30,
-2,
17,
-1,
20362,
-2,
30,
-2,
17,
-1,
20363,
-2,
30,
-2,
17,
-1,
20364,
-2,
30,
-2,
17,
-1,
20365,
-2,
31,
-2,
17,
-1,
20366,
-2,
31,
-2,
17,
-1,
20367,
-2,
30,
-2,
17,
-1,
20368,
-2,
30,
-2,
17,
-1,
20369,
-2,
30,
-2,
17,
-1,
20370,
-2,
30,
-2,
17,
-1,
20371,
-2,
30,
-2,
17,
-1,
20372,
-2,
30,
-2,
17,
-1,
20373,
-2,
30,
-2,
17,
-1,
20374,
-2,
30,
-2,
17,
-1,
20375,
-2,
30,
-2,
17,
-1,
20376,
-2,
30,
-2,
17,
-1,
20377,
-2,
31,
-2,
17,
-1,
20378,
-2,
31,
-2,
17,
-1,
20379,
-2,
31,
-2,
17,
-1,
20380,
-2,
31,
-2,
17,
-1,
20381,
-2,
30,
-2,
17,
-1,
20382,
-2,
30,
-2,
17,
-1,
20383,
-2,
30,
-2,
17,
-1,
20384,
-2,
30,
-2,
17,
-1,
20385,
-2,
30,
-2,
17,
-1,
20386,
-2,
30,
-2,
17,
-1,
20387,
-2,
30,
-2,
17,
-1,
20388,
-2,
30,
-2,
17,
-1,
20389,
-2,
30,
-2,
17,
-1,
20390,
-2,
30,
-2,
17,
-1,
20391,
-2,
30,
-2,
17,
-1,
20392,
-2,
30,
-2,
17,
-1,
20393,
-2,
30,
-2,
17,
-1,
20394,
-2,
30,
-2,
17,
-1,
20395,
-2,
30,
-2,
17,
-1,
20396,
-2,
30,
-2,
17,
-1,
20397,
-2,
30,
-2,
17,
-1,
20398,
-2,
30,
-2,
31,
-1,
20399,
-2,
30,
-2,
31,
-1,
20400,
-2,
30,
-2,
31,
