-1,
20401,
-2,
30,
-2,
31,
-1,
20402,
-2,
30,
-2,
31,
-1,
20403,
-2,
30,
-2,
17,
-1,
20404,
-2,
30,
-2,
17,
-1,
20405,
-2,
30,
-2,
17,
-1,
20406,
-2,
30,
-2,
17,
-1,
20407,
-2,
31,
-2,
17,
-1,
20408,
-2,
31,
-2,
17,
-1,
20409,
-2,
31,
-2,
17,
-1,
20410,
-2,
31,
-2,
17,
-1,
20411,
-2,
31,
-2,
17,
-1,
20412,
-2,
31,
-2,
17,
-1,
20413,
-2,
31,
-2,
17,
-1,
20414,
-2,
31,
-2,
31,
-1,
20415,
-2,
31,
-2,
31,
-1,
20416,
-2,
31,
-2,
31,
-1,
20417,
-2,
31,
-2,
31,
-1,
20418,
-2,
31,
-2,
31,
-1,
20419,
-2,
31,
-2,
31,
-1,
20420,
-2,
30,
-2,
31,
-1,
20421,
-2,
30,
-2,
31,
-1,
20422,
-2,
31,
-2,
31,
-1,
20423,
-2,
31,
-2,
31,
-1,
20424,
-2,
31,
-2,
17,
-1,
20425,
-2,
31,
-2,
17,
-1,
20426,
-2,
31,
-2,
17,
-1,
20427,
-2,
31,
-2,
17,
-1,
20428,
-2,
31,
-2,
17,
-1,
20429,
-2,
31,
-2,
17,
-1,
20430,
-2,
31,
-2,
17,
-1,
20431,
-2,
31,
-2,
17,
-1,
20432,
-2,
31,
-2,
17,
-1,
20433,
-2,
31,
-2,
17,
-1,
20434,
-2,
30,
-2,
17,
-1,
20435,
-2,
30,
-2,
17,
-1,
20436,
-2,
30,
-2,
17,
-1,
20437,
-2,
30,
-2,
17,
-1,
20438,
-2,
30,
-2,
31,
-1,
20439,
-2,
30,
-2,
31,
-1,
20440,
-2,
30,
-2,
31,
-1,
20441,
-2,
30,
-2,
31,
-1,
20442,
-2,
32,
-2,
31,
-1,
20443,
-2,
32,
-2,
31,
-1,
20444,
-2,
32,
-2,
31,
-1,
20445,
-2,
30,
-2,
31,
-1,
20446,
-2,
30,
-2,
31,
-1,
20447,
-2,
30,
-2,
31,
-1,
20448,
-2,
30,
-2,
31,
-1,
20449,
-2,
30,
-2,
31,
-1,
20450,
-2,
32,
-2,
31,
-1,
20451,
-2,
32,
-2,
31,
-1,
20452,
-2,
32,
-2,
31,
-1,
20453,
-2,
32,
-2,
31,
-1,
20454,
-2,
32,
-2,
31,
-1,
20455,
-2,
30,
-2,
31,
-1,
20456,
-2,
30,
-2,
31,
-1,
20457,
-2,
30,
-2,
31,
-1,
20458,
-2,
32,
-2,
31,
-1,
20459,
-2,
32,
-2,
31,
-1,
20460,
-2,
32,
-2,
31,
-1,
20461,
-2,
32,
-2,
31,
-1,
20462,
-2,
32,
-2,
31,
-1,
20463,
-2,
32,
-2,
31,
-1,
20464,
-2,
32,
-2,
31,
-1,
20465,
-2,
32,
-2,
31,
-1,
20466,
-2,
32,
-2,
31,
-1,
20467,
-2,
30,
-2,
31,
-1,
20468,
-2,
30,
-2,
31,
-1,
20469,
-2,
30,
-2,
31,
-1,
20470,
-2,
30,
-2,
31,
-1,
20471,
-2,
30,
-2,
31,
-1,
20472,
-2,
30,
-2,
31,
-1,
20473,
-2,
30,
-2,
31,
-1,
20474,
-2,
30,
-2,
31,
-1,
20475,
-2,
30,
-2,
31,
-1,
20476,
-2,
30,
-2,
17,
-1,
20477,
-2,
30,
-2,
17,
-1,
20478,
-2,
30,
-2,
17,
-1,
20479,
-2,
30,
-2,
17,
-1,
20480,
-2,
30,
-2,
17,
-1,
20481,
-2,
30,
-2,
17,
-1,
20482,
-2,
30,
-2,
17,
-1,
20483,
-2,
30,
-2,
17,
-1,
20484,
-2,
30,
-2,
17,
-1,
20485,
-2,
31,
-2,
17,
-1,
20486,
-2,
31,
-2,
17,
-1,
20487,
-2,
30,
-2,
17,
-1,
20488,
-2,
30,
-2,
17,
-1,
20489,
-2,
30,
-2,
17,
-1,
20490,
-2,
30,
-2,
17,
-1,
20491,
-2,
30,
-2,
17,
-1,
20492,
-2,
30,
-2,
17,
-1,
20493,
-2,
30,
-2,
17,
-1,
20494,
-2,
30,
-2,
17,
-1,
20495,
-2,
30,
-2,
17,
-1,
20496,
-2,
30,
-2,
17,
-1,
20497,
-2,
31,
-2,
17,
-1,
20498,
-2,
31,
-2,
17,
-1,
20499,
-2,
31,
-2,
17,
-1,
20500,
-2,
31,
-2,
17,
-1,
20501,
-2,
30,
-2,
17,
-1,
20502,
-2,
30,
-2,
17,
-1,
20503,
-2,
30,
-2,
17,
-1,
20504,
-2,
30,
-2,
17,
-1,
20505,
-2,
30,
-2,
17,
-1,
20506,
-2,
30,
-2,
17,
-1,
20507,
-2,
30,
-2,
17,
-1,
20508,
-2,
30,
-2,
17,
-1,
20509,
-2,
30,
-2,
17,
-1,
20510,
-2,
30,
-2,
17,
-1,
20511,
-2,
30,
-2,
17,
-1,
20512,
-2,
30,
-2,
17,
-1,
20513,
-2,
30,
-2,
17,
-1,
20514,
-2,
30,
-2,
17,
-1,
20515,
-2,
30,
-2,
17,
-1,
20516,
-2,
30,
-2,
17,
-1,
20517,
-2,
30,
-2,
17,
-1,
20518,
-2,
30,
-2,
31,
-1,
20519,
-2,
30,
-2,
31,
-1,
20520,
-2,
30,
-2,
31,
