-1,
20521,
-2,
30,
-2,
31,
-1,
20522,
-2,
30,
-2,
31,
-1,
20523,
-2,
30,
-2,
17,
-1,
20524,
-2,
30,
-2,
17,
-1,
20525,
-2,
30,
-2,
17,
-1,
20526,
-2,
30,
-2,
17,
-1,
20527,
-2,
31,
-2,
17,
-1,
20528,
-2,
31,
-2,
17,
-1,
20529,
-2,
31,
-2,
17,
-1,
20530,
-2,
31,
-2,
17,
-1,
20531,
-2,
31,
-2,
17,
-1,
20532,
-2,
31,
-2,
17,
-1,
20533,
-2,
31,
-2,
17,
-1,
20534,
-2,
31,
-2,
31,
-1,
20535,
-2,
31,
-2,
31,
-1,
20536,
-2,
31,
-2,
31,
-1,
20537,
-2,
31,
-2,
31,
-1,
20538,
-2,
31,
-2,
31,
-1,
20539,
-2,
31,
-2,
31,
-1,
20540,
-2,
30,
-2,
31,
-1,
20541,
-2,
30,
-2,
31,
-1,
20542,
-2,
31,
-2,
31,
-1,
20543,
-2,
31,
-2,
31,
-1,
20544,
-2,
31,
-2,
17,
-1,
20545,
-2,
31,
-2,
17,
-1,
20546,
-2,
31,
-2,
17,
-1,
20547,
-2,
31,
-2,
17,
-1,
20548,
-2,
31,
-2,
17,
-1,
20549,
-2,
31,
-2,
17,
-1,
20550,
-2,
31,
-2,
17,
-1,
20551,
-2,
30,
-2,
17,
-1,
20552,
-2,
30,
-2,
17,
-1,
20553,
-2,
30,
-2,
17,
-1,
20554,
-2,
30,
-2,
17,
-1,
20555,
-2,
30,
-2,
17,
-1,
20556,
-2,
30,
-2,
17,
-1,
20557,
-2,
30,
-2,
17,
-1,
20558,
-2,
30,
-2,
31,
-1,
20559,
-2,
30,
-2,
31,
-1,
20560,
-2,
30,
-2,
31,
-1,
20561,
-2,
30,
-2,
31,
-1,
20562,
-2,
32,
-2,
31,
-1,
20563,
-2,
32,
-2,
31,
-1,
20564,
-2,
32,
-2,
31,
-1,
20565,
-2,
30,
-2,
31,
-1,
20566,
-2,
30,
-2,
31,
-1,
20567,
-2,
30,
-2,
31,
-1,
20568,
-2,
30,
-2,
31,
-1,
20569,
-2,
30,
-2,
31,
-1,
20570,
-2,
32,
-2,
31,
-1,
20571,
-2,
32,
-2,
31,
-1,
20572,
-2,
32,
-2,
31,
-1,
20573,
-2,
32,
-2,
31,
-1,
20574,
-2,
32,
-2,
31,
-1,
20575,
-2,
30,
-2,
31,
-1,
20576,
-2,
30,
-2,
31,
-1,
20577,
-2,
30,
-2,
31,
-1,
20578,
-2,
32,
-2,
31,
-1,
20579,
-2,
32,
-2,
31,
-1,
20580,
-2,
32,
-2,
31,
-1,
20581,
-2,
32,
-2,
31,
-1,
20582,
-2,
32,
-2,
31,
-1,
20583,
-2,
32,
-2,
31,
-1,
20584,
-2,
32,
-2,
31,
-1,
20585,
-2,
32,
-2,
31,
-1,
20586,
-2,
32,
-2,
31,
-1,
20587,
-2,
30,
-2,
31,
-1,
20588,
-2,
30,
-2,
31,
-1,
20589,
-2,
30,
-2,
31,
-1,
20590,
-2,
30,
-2,
31,
-1,
20591,
-2,
30,
-2,
31,
-1,
20592,
-2,
30,
-2,
31,
-1,
20593,
-2,
30,
-2,
31,
-1,
20594,
-2,
30,
-2,
31,
-1,
20595,
-2,
30,
-2,
31,
-1,
20596,
-2,
30,
-2,
17,
-1,
20597,
-2,
30,
-2,
17,
-1,
20598,
-2,
30,
-2,
17,
-1,
20599,
-2,
30,
-2,
17,
-1,
20600,
-2,
30,
-2,
17,
-1,
20601,
-2,
30,
-2,
17,
-1,
20602,
-2,
30,
-2,
17,
-1,
20603,
-2,
30,
-2,
17,
-1,
20604,
-2,
30,
-2,
17,
-1,
20605,
-2,
31,
-2,
17,
-1,
20606,
-2,
31,
-2,
17,
-1,
20607,
-2,
30,
-2,
17,
-1,
20608,
-2,
30,
-2,
17,
-1,
20609,
-2,
30,
-2,
17,
-1,
20610,
-2,
30,
-2,
17,
-1,
20611,
-2,
30,
-2,
17,
-1,
20612,
-2,
30,
-2,
17,
-1,
20613,
-2,
30,
-2,
17,
-1,
20614,
-2,
30,
-2,
17,
-1,
20615,
-2,
30,
-2,
17,
-1,
20616,
-2,
30,
-2,
17,
-1,
20617,
-2,
31,
-2,
17,
-1,
20618,
-2,
31,
-2,
17,
-1,
20619,
-2,
31,
-2,
17,
-1,
20620,
-2,
31,
-2,
17,
-1,
20621,
-2,
30,
-2,
17,
-1,
20622,
-2,
30,
-2,
17,
-1,
20623,
-2,
30,
-2,
17,
-1,
20624,
-2,
30,
-2,
17,
-1,
20625,
-2,
30,
-2,
17,
-1,
20626,
-2,
30,
-2,
17,
-1,
20627,
-2,
30,
-2,
17,
-1,
20628,
-2,
30,
-2,
17,
-1,
20629,
-2,
30,
-2,
17,
-1,
20630,
-2,
30,
-2,
17,
-1,
20631,
-2,
30,
-2,
17,
-1,
20632,
-2,
30,
-2,
17,
-1,
20633,
-2,
30,
-2,
17,
-1,
20634,
-2,
30,
-2,
17,
-1,
20635,
-2,
30,
-2,
17,
-1,
20636,
-2,
30,
-2,
17,
-1,
20637,
-2,
30,
-2,
17,
-1,
20638,
-2,
30,
-2,
31,
-1,
20639,
-2,
30,
-2,
31,
-1,
20640,
-2,
30,
-2,
31,
