-1,
20641,
-2,
30,
-2,
31,
-1,
20642,
-2,
30,
-2,
31,
-1,
20643,
-2,
30,
-2,
17,
-1,
20644,
-2,
30,
-2,
17,
-1,
20645,
-2,
30,
-2,
17,
-1,
20646,
-2,
30,
-2,
17,
-1,
20647,
-2,
31,
-2,
17,
-1,
20648,
-2,
31,
-2,
17,
-1,
20649,
-2,
31,
-2,
17,
-1,
20650,
-2,
31,
-2,
17,
-1,
20651,
-2,
31,
-2,
17,
-1,
20652,
-2,
31,
-2,
17,
-1,
20653,
-2,
31,
-2,
17,
-1,
20654,
-2,
31,
-2,
31,
-1,
20655,
-2,
31,
-2,
31,
-1,
20656,
-2,
31,
-2,
31,
-1,
20657,
-2,
31,
-2,
31,
-1,
20658,
-2,
31,
-2,
31,
-1,
20659,
-2,
31,
-2,
31,
-1,
20660,
-2,
30,
-2,
31,
-1,
20661,
-2,
30,
-2,
31,
-1,
20662,
-2,
31,
-2,
31,
-1,
20663,
-2,
31,
-2,
31,
-1,
20664,
-2,
31,
-2,
17,
-1,
20665,
-2,
31,
-2,
17,
-1,
20666,
-2,
31,
-2,
17,
-1,
20667,
-2,
31,
-2,
17,
-1,
20668,
-2,
31,
-2,
17,
-1,
20669,
-2,
31,
-2,
17,
-1,
20670,
-2,
31,
-2,
17,
-1,
20671,
-2,
30,
-2,
17,
-1,
20672,
-2,
30,
-2,
17,
-1,
20673,
-2,
30,
-2,
17,
-1,
20674,
-2,
30,
-2,
17,
-1,
20675,
-2,
30,
-2,
17,
-1,
20676,
-2,
30,
-2,
17,
-1,
20677,
-2,
30,
-2,
17,
-1,
20678,
-2,
30,
-2,
31,
-1,
20679,
-2,
30,
-2,
31,
-1,
20680,
-2,
30,
-2,
31,
-1,
20681,
-2,
30,
-2,
31,
-1,
20682,
-2,
32,
-2,
31,
-1,
20683,
-2,
32,
-2,
31,
-1,
20684,
-2,
32,
-2,
31,
-1,
20685,
-2,
30,
-2,
31,
-1,
20686,
-2,
30,
-2,
31,
-1,
20687,
-2,
30,
-2,
31,
-1,
20688,
-2,
30,
-2,
31,
-1,
20689,
-2,
30,
-2,
31,
-1,
20690,
-2,
32,
-2,
31,
-1,
20691,
-2,
32,
-2,
31,
-1,
20692,
-2,
32,
-2,
31,
-1,
20693,
-2,
32,
-2,
31,
-1,
20694,
-2,
32,
-2,
31,
-1,
20695,
-2,
30,
-2,
31,
-1,
20696,
-2,
30,
-2,
31,
-1,
20697,
-2,
30,
-2,
31,
-1,
20698,
-2,
30,
-2,
31,
-1,
20699,
-2,
32,
-2,
31,
-1,
20700,
-2,
32,
-2,
31,
-1,
20701,
-2,
32,
-2,
31,
-1,
20702,
-2,
32,
-2,
31,
-1,
20703,
-2,
32,
-2,
31,
-1,
20704,
-2,
32,
-2,
31,
-1,
20705,
-2,
32,
-2,
31,
-1,
20706,
-2,
32,
-2,
31,
-1,
20707,
-2,
30,
-2,
31,
-1,
20708,
-2,
30,
-2,
31,
-1,
20709,
-2,
30,
-2,
31,
-1,
20710,
-2,
30,
-2,
31,
-1,
20711,
-2,
30,
-2,
31,
-1,
20712,
-2,
30,
-2,
31,
-1,
20713,
-2,
30,
-2,
31,
-1,
20714,
-2,
30,
-2,
31,
-1,
20715,
-2,
30,
-2,
31,
-1,
20716,
-2,
30,
-2,
17,
-1,
20717,
-2,
30,
-2,
17,
-1,
20718,
-2,
30,
-2,
17,
-1,
20719,
-2,
30,
-2,
17,
-1,
20720,
-2,
30,
-2,
17,
-1,
20721,
-2,
30,
-2,
17,
-1,
20722,
-2,
30,
-2,
17,
-1,
20723,
-2,
30,
-2,
17,
-1,
20724,
-2,
30,
-2,
17,
-1,
20725,
-2,
31,
-2,
17,
-1,
20726,
-2,
31,
-2,
17,
-1,
20727,
-2,
30,
-2,
17,
-1,
20728,
-2,
30,
-2,
17,
-1,
20729,
-2,
30,
-2,
17,
-1,
20730,
-2,
30,
-2,
17,
-1,
20731,
-2,
30,
-2,
17,
-1,
20732,
-2,
30,
-2,
17,
-1,
20733,
-2,
30,
-2,
17,
-1,
20734,
-2,
30,
-2,
17,
-1,
20735,
-2,
30,
-2,
17,
-1,
20736,
-2,
30,
-2,
17,
-1,
20737,
-2,
31,
-2,
17,
-1,
20738,
-2,
31,
-2,
17,
-1,
20739,
-2,
31,
-2,
17,
-1,
20740,
-2,
31,
-2,
17,
-1,
20741,
-2,
30,
-2,
17,
-1,
20742,
-2,
30,
-2,
17,
-1,
20743,
-2,
30,
-2,
17,
-1,
20744,
-2,
30,
-2,
17,
-1,
20745,
-2,
30,
-2,
17,
-1,
20746,
-2,
30,
-2,
17,
-1,
20747,
-2,
30,
-2,
17,
-1,
20748,
-2,
30,
-2,
17,
-1,
20749,
-2,
30,
-2,
17,
-1,
20750,
-2,
30,
-2,
17,
-1,
20751,
-2,
30,
-2,
17,
-1,
20752,
-2,
30,
-2,
17,
-1,
20753,
-2,
30,
-2,
17,
-1,
20754,
-2,
30,
-2,
17,
-1,
20755,
-2,
30,
-2,
17,
-1,
20756,
-2,
30,
-2,
17,
-1,
20757,
-2,
30,
-2,
17,
-1,
20758,
-2,
30,
-2,
31,
-1,
20759,
-2,
30,
-2,
31,
-1,
20760,
-2,
30,
-2,
31,
