-1,
20761,
-2,
30,
-2,
31,
-1,
20762,
-2,
30,
-2,
31,
-1,
20763,
-2,
30,
-2,
17,
-1,
20764,
-2,
30,
-2,
17,
-1,
20765,
-2,
30,
-2,
17,
-1,
20766,
-2,
30,
-2,
17,
-1,
20767,
-2,
31,
-2,
17,
-1,
20768,
-2,
31,
-2,
17,
-1,
20769,
-2,
30,
-2,
17,
-1,
20770,
-2,
30,
-2,
17,
-1,
20771,
-2,
30,
-2,
17,
-1,
20772,
-2,
31,
-2,
17,
-1,
20773,
-2,
31,
-2,
17,
-1,
20774,
-2,
31,
-2,
31,
-1,
20775,
-2,
31,
-2,
31,
-1,
20776,
-2,
31,
-2,
31,
-1,
20777,
-2,
31,
-2,
31,
-1,
20778,
-2,
31,
-2,
31,
-1,
20779,
-2,
31,
-2,
31,
-1,
20780,
-2,
30,
-2,
31,
-1,
20781,
-2,
30,
-2,
31,
-1,
20782,
-2,
31,
-2,
31,
-1,
20783,
-2,
31,
-2,
31,
-1,
20784,
-2,
31,
-2,
17,
-1,
20785,
-2,
31,
-2,
17,
-1,
20786,
-2,
31,
-2,
17,
-1,
20787,
-2,
31,
-2,
17,
-1,
20788,
-2,
31,
-2,
17,
-1,
20789,
-2,
31,
-2,
17,
-1,
20790,
-2,
31,
-2,
17,
-1,
20791,
-2,
30,
-2,
17,
-1,
20792,
-2,
30,
-2,
17,
-1,
20793,
-2,
30,
-2,
17,
-1,
20794,
-2,
30,
-2,
17,
-1,
20795,
-2,
30,
-2,
17,
-1,
20796,
-2,
30,
-2,
17,
-1,
20797,
-2,
30,
-2,
17,
-1,
20798,
-2,
30,
-2,
31,
-1,
20799,
-2,
30,
-2,
31,
-1,
20800,
-2,
30,
-2,
31,
-1,
20801,
-2,
30,
-2,
31,
-1,
20802,
-2,
32,
-2,
31,
-1,
20803,
-2,
32,
-2,
31,
-1,
20804,
-2,
32,
-2,
31,
-1,
20805,
-2,
30,
-2,
31,
-1,
20806,
-2,
30,
-2,
31,
-1,
20807,
-2,
30,
-2,
31,
-1,
20808,
-2,
30,
-2,
31,
-1,
20809,
-2,
30,
-2,
31,
-1,
20810,
-2,
30,
-2,
31,
-1,
20811,
-2,
30,
-2,
31,
-1,
20812,
-2,
32,
-2,
31,
-1,
20813,
-2,
32,
-2,
31,
-1,
20814,
-2,
32,
-2,
31,
-1,
20815,
-2,
30,
-2,
31,
-1,
20816,
-2,
30,
-2,
31,
-1,
20817,
-2,
30,
-2,
31,
-1,
20818,
-2,
30,
-2,
31,
-1,
20819,
-2,
32,
-2,
31,
-1,
20820,
-2,
32,
-2,
31,
-1,
20821,
-2,
32,
-2,
31,
-1,
20822,
-2,
32,
-2,
31,
-1,
20823,
-2,
32,
-2,
31,
-1,
20824,
-2,
32,
-2,
31,
-1,
20825,
-2,
32,
-2,
31,
-1,
20826,
-2,
32,
-2,
31,
-1,
20827,
-2,
30,
-2,
31,
-1,
20828,
-2,
30,
-2,
31,
-1,
20829,
-2,
30,
-2,
31,
-1,
20830,
-2,
30,
-2,
31,
-1,
20831,
-2,
30,
-2,
31,
-1,
20832,
-2,
30,
-2,
31,
-1,
20833,
-2,
30,
-2,
31,
-1,
20834,
-2,
30,
-2,
31,
-1,
20835,
-2,
30,
-2,
31,
-1,
20836,
-2,
30,
-2,
17,
-1,
20837,
-2,
30,
-2,
17,
-1,
20838,
-2,
30,
-2,
17,
-1,
20839,
-2,
30,
-2,
17,
-1,
20840,
-2,
30,
-2,
17,
-1,
20841,
-2,
30,
-2,
17,
-1,
20842,
-2,
30,
-2,
17,
-1,
20843,
-2,
30,
-2,
17,
-1,
20844,
-2,
30,
-2,
17,
-1,
20845,
-2,
31,
-2,
17,
-1,
20846,
-2,
31,
-2,
17,
-1,
20847,
-2,
30,
-2,
17,
-1,
20848,
-2,
30,
-2,
17,
-1,
20849,
-2,
30,
-2,
17,
-1,
20850,
-2,
30,
-2,
17,
-1,
20851,
-2,
30,
-2,
17,
-1,
20852,
-2,
30,
-2,
17,
-1,
20853,
-2,
30,
-2,
17,
-1,
20854,
-2,
30,
-2,
17,
-1,
20855,
-2,
30,
-2,
17,
-1,
20856,
-2,
30,
-2,
17,
-1,
20857,
-2,
31,
-2,
17,
-1,
20858,
-2,
31,
-2,
17,
-1,
20859,
-2,
31,
-2,
17,
-1,
20860,
-2,
31,
-2,
17,
-1,
20861,
-2,
30,
-2,
17,
-1,
20862,
-2,
30,
-2,
17,
-1,
20863,
-2,
30,
-2,
17,
-1,
20864,
-2,
30,
-2,
17,
-1,
20865,
-2,
30,
-2,
17,
-1,
20866,
-2,
30,
-2,
17,
-1,
20867,
-2,
30,
-2,
17,
-1,
20868,
-2,
30,
-2,
17,
-1,
20869,
-2,
30,
-2,
17,
-1,
20870,
-2,
30,
-2,
17,
-1,
20871,
-2,
30,
-2,
17,
-1,
20872,
-2,
30,
-2,
17,
-1,
20873,
-2,
30,
-2,
17,
-1,
20874,
-2,
30,
-2,
17,
-1,
20875,
-2,
30,
-2,
17,
-1,
20876,
-2,
30,
-2,
17,
-1,
20877,
-2,
30,
-2,
17,
-1,
20878,
-2,
30,
-2,
31,
-1,
20879,
-2,
30,
-2,
31,
-1,
20880,
-2,
30,
-2,
31,
