-1,
20881,
-2,
30,
-2,
31,
-1,
20882,
-2,
30,
-2,
31,
-1,
20883,
-2,
30,
-2,
17,
-1,
20884,
-2,
30,
-2,
17,
-1,
20885,
-2,
30,
-2,
17,
-1,
20886,
-2,
30,
-2,
17,
-1,
20887,
-2,
31,
-2,
17,
-1,
20888,
-2,
31,
-2,
17,
-1,
20889,
-2,
30,
-2,
17,
-1,
20890,
-2,
30,
-2,
17,
-1,
20891,
-2,
30,
-2,
17,
-1,
20892,
-2,
31,
-2,
17,
-1,
20893,
-2,
31,
-2,
17,
-1,
20894,
-2,
31,
-2,
31,
-1,
20895,
-2,
31,
-2,
31,
-1,
20896,
-2,
31,
-2,
31,
-1,
20897,
-2,
31,
-2,
31,
-1,
20898,
-2,
31,
-2,
31,
-1,
20899,
-2,
31,
-2,
31,
-1,
20900,
-2,
30,
-2,
31,
-1,
20901,
-2,
30,
-2,
31,
-1,
20902,
-2,
31,
-2,
31,
-1,
20903,
-2,
31,
-2,
31,
-1,
20904,
-2,
31,
-2,
17,
-1,
20905,
-2,
31,
-2,
17,
-1,
20906,
-2,
31,
-2,
17,
-1,
20907,
-2,
31,
-2,
17,
-1,
20908,
-2,
31,
-2,
17,
-1,
20909,
-2,
31,
-2,
17,
-1,
20910,
-2,
31,
-2,
17,
-1,
20911,
-2,
30,
-2,
17,
-1,
20912,
-2,
30,
-2,
17,
-1,
20913,
-2,
30,
-2,
17,
-1,
20914,
-2,
30,
-2,
17,
-1,
20915,
-2,
30,
-2,
17,
-1,
20916,
-2,
30,
-2,
17,
-1,
20917,
-2,
30,
-2,
17,
-1,
20918,
-2,
30,
-2,
31,
-1,
20919,
-2,
30,
-2,
31,
-1,
20920,
-2,
30,
-2,
31,
-1,
20921,
-2,
30,
-2,
31,
-1,
20922,
-2,
32,
-2,
31,
-1,
20923,
-2,
32,
-2,
31,
-1,
20924,
-2,
32,
-2,
31,
-1,
20925,
-2,
30,
-2,
31,
-1,
20926,
-2,
30,
-2,
31,
-1,
20927,
-2,
30,
-2,
31,
-1,
20928,
-2,
30,
-2,
31,
-1,
20929,
-2,
30,
-2,
31,
-1,
20930,
-2,
30,
-2,
31,
-1,
20931,
-2,
30,
-2,
31,
-1,
20932,
-2,
32,
-2,
31,
-1,
20933,
-2,
32,
-2,
31,
-1,
20934,
-2,
32,
-2,
31,
-1,
20935,
-2,
30,
-2,
31,
-1,
20936,
-2,
30,
-2,
31,
-1,
20937,
-2,
30,
-2,
31,
-1,
20938,
-2,
30,
-2,
31,
-1,
20939,
-2,
32,
-2,
31,
-1,
20940,
-2,
32,
-2,
31,
-1,
20941,
-2,
32,
-2,
31,
-1,
20942,
-2,
32,
-2,
31,
-1,
20943,
-2,
32,
-2,
31,
-1,
20944,
-2,
32,
-2,
31,
-1,
20945,
-2,
32,
-2,
31,
-1,
20946,
-2,
32,
-2,
31,
-1,
20947,
-2,
30,
-2,
31,
-1,
20948,
-2,
30,
-2,
31,
-1,
20949,
-2,
30,
-2,
31,
-1,
20950,
-2,
30,
-2,
31,
-1,
20951,
-2,
30,
-2,
31,
-1,
20952,
-2,
30,
-2,
31,
-1,
20953,
-2,
30,
-2,
31,
-1,
20954,
-2,
30,
-2,
31,
-1,
20955,
-2,
30,
-2,
31,
-1,
20956,
-2,
30,
-2,
17,
-1,
20957,
-2,
30,
-2,
17,
-1,
20958,
-2,
30,
-2,
17,
-1,
20959,
-2,
30,
-2,
17,
-1,
20960,
-2,
30,
-2,
17,
-1,
20961,
-2,
30,
-2,
17,
-1,
20962,
-2,
30,
-2,
17,
-1,
20963,
-2,
30,
-2,
17,
-1,
20964,
-2,
30,
-2,
17,
-1,
20965,
-2,
30,
-2,
17,
-1,
20966,
-2,
31,
-2,
17,
-1,
20967,
-2,
30,
-2,
17,
-1,
20968,
-2,
30,
-2,
17,
-1,
20969,
-2,
30,
-2,
17,
-1,
20970,
-2,
30,
-2,
17,
-1,
20971,
-2,
30,
-2,
17,
-1,
20972,
-2,
30,
-2,
17,
-1,
20973,
-2,
30,
-2,
17,
-1,
20974,
-2,
30,
-2,
17,
-1,
20975,
-2,
30,
-2,
17,
-1,
20976,
-2,
30,
-2,
17,
-1,
20977,
-2,
31,
-2,
17,
-1,
20978,
-2,
31,
-2,
17,
-1,
20979,
-2,
31,
-2,
17,
-1,
20980,
-2,
31,
-2,
17,
-1,
20981,
-2,
30,
-2,
17,
-1,
20982,
-2,
30,
-2,
17,
-1,
20983,
-2,
30,
-2,
17,
-1,
20984,
-2,
30,
-2,
17,
-1,
20985,
-2,
30,
-2,
17,
-1,
20986,
-2,
30,
-2,
17,
-1,
20987,
-2,
30,
-2,
17,
-1,
20988,
-2,
30,
-2,
17,
-1,
20989,
-2,
30,
-2,
17,
-1,
20990,
-2,
30,
-2,
17,
-1,
20991,
-2,
30,
-2,
17,
-1,
20992,
-2,
30,
-2,
17,
-1,
20993,
-2,
30,
-2,
17,
-1,
20994,
-2,
30,
-2,
17,
-1,
20995,
-2,
30,
-2,
17,
-1,
20996,
-2,
30,
-2,
17,
-1,
20997,
-2,
30,
-2,
17,
-1,
20998,
-2,
30,
-2,
31,
-1,
20999,
-2,
30,
-2,
31,
-1,
21000,
-2,
30,
-2,
31,
