-1,
21001,
-2,
30,
-2,
31,
-1,
21002,
-2,
30,
-2,
31,
-1,
21003,
-2,
30,
-2,
17,
-1,
21004,
-2,
30,
-2,
17,
-1,
21005,
-2,
30,
-2,
17,
-1,
21006,
-2,
30,
-2,
17,
-1,
21007,
-2,
31,
-2,
17,
-1,
21008,
-2,
31,
-2,
17,
-1,
21009,
-2,
30,
-2,
17,
-1,
21010,
-2,
30,
-2,
17,
-1,
21011,
-2,
30,
-2,
17,
-1,
21012,
-2,
31,
-2,
17,
-1,
21013,
-2,
31,
-2,
17,
-1,
21014,
-2,
31,
-2,
31,
-1,
21015,
-2,
31,
-2,
31,
-1,
21016,
-2,
31,
-2,
31,
-1,
21017,
-2,
31,
-2,
31,
-1,
21018,
-2,
31,
-2,
31,
-1,
21019,
-2,
31,
-2,
31,
-1,
21020,
-2,
30,
-2,
31,
-1,
21021,
-2,
30,
-2,
31,
-1,
21022,
-2,
31,
-2,
31,
-1,
21023,
-2,
31,
-2,
31,
-1,
21024,
-2,
31,
-2,
17,
-1,
21025,
-2,
31,
-2,
17,
-1,
21026,
-2,
31,
-2,
17,
-1,
21027,
-2,
31,
-2,
17,
-1,
21028,
-2,
31,
-2,
17,
-1,
21029,
-2,
30,
-2,
17,
-1,
21030,
-2,
30,
-2,
17,
-1,
21031,
-2,
30,
-2,
17,
-1,
21032,
-2,
30,
-2,
17,
-1,
21033,
-2,
30,
-2,
17,
-1,
21034,
-2,
30,
-2,
17,
-1,
21035,
-2,
30,
-2,
17,
-1,
21036,
-2,
30,
-2,
17,
-1,
21037,
-2,
30,
-2,
17,
-1,
21038,
-2,
30,
-2,
31,
-1,
21039,
-2,
30,
-2,
31,
-1,
21040,
-2,
30,
-2,
31,
-1,
21041,
-2,
30,
-2,
31,
-1,
21042,
-2,
32,
-2,
31,
-1,
21043,
-2,
32,
-2,
31,
-1,
21044,
-2,
32,
-2,
31,
-1,
21045,
-2,
30,
-2,
31,
-1,
21046,
-2,
30,
-2,
31,
-1,
21047,
-2,
30,
-2,
31,
-1,
21048,
-2,
30,
-2,
31,
-1,
21049,
-2,
30,
-2,
31,
-1,
21050,
-2,
30,
-2,
31,
-1,
21051,
-2,
30,
-2,
31,
-1,
21052,
-2,
32,
-2,
31,
-1,
21053,
-2,
32,
-2,
31,
-1,
21054,
-2,
32,
-2,
31,
-1,
21055,
-2,
30,
-2,
31,
-1,
21056,
-2,
30,
-2,
31,
-1,
21057,
-2,
30,
-2,
31,
-1,
21058,
-2,
30,
-2,
31,
-1,
21059,
-2,
32,
-2,
31,
-1,
21060,
-2,
32,
-2,
31,
-1,
21061,
-2,
32,
-2,
31,
-1,
21062,
-2,
32,
-2,
31,
-1,
21063,
-2,
32,
-2,
31,
-1,
21064,
-2,
32,
-2,
31,
-1,
21065,
-2,
32,
-2,
31,
-1,
21066,
-2,
32,
-2,
31,
-1,
21067,
-2,
30,
-2,
31,
-1,
21068,
-2,
30,
-2,
31,
-1,
21069,
-2,
30,
-2,
31,
-1,
21070,
-2,
30,
-2,
31,
-1,
21071,
-2,
30,
-2,
31,
-1,
21072,
-2,
30,
-2,
31,
-1,
21073,
-2,
30,
-2,
31,
-1,
21074,
-2,
30,
-2,
31,
-1,
21075,
-2,
30,
-2,
31,
-1,
21076,
-2,
30,
-2,
17,
-1,
21077,
-2,
30,
-2,
17,
-1,
21078,
-2,
30,
-2,
17,
-1,
21079,
-2,
30,
-2,
17,
-1,
21080,
-2,
30,
-2,
17,
-1,
21081,
-2,
30,
-2,
17,
-1,
21082,
-2,
30,
-2,
17,
-1,
21083,
-2,
30,
-2,
17,
-1,
21084,
-2,
30,
-2,
17,
-1,
21085,
-2,
30,
-2,
17,
-1,
21086,
-2,
31,
-2,
17,
-1,
21087,
-2,
30,
-2,
17,
-1,
21088,
-2,
30,
-2,
17,
-1,
21089,
-2,
30,
-2,
17,
-1,
21090,
-2,
30,
-2,
17,
-1,
21091,
-2,
30,
-2,
17,
-1,
21092,
-2,
30,
-2,
17,
-1,
21093,
-2,
30,
-2,
17,
-1,
21094,
-2,
30,
-2,
17,
-1,
21095,
-2,
30,
-2,
17,
-1,
21096,
-2,
30,
-2,
17,
-1,
21097,
-2,
31,
-2,
17,
-1,
21098,
-2,
31,
-2,
17,
-1,
21099,
-2,
31,
-2,
17,
-1,
21100,
-2,
31,
-2,
17,
-1,
21101,
-2,
30,
-2,
17,
-1,
21102,
-2,
30,
-2,
17,
-1,
21103,
-2,
30,
-2,
17,
-1,
21104,
-2,
30,
-2,
17,
-1,
21105,
-2,
30,
-2,
17,
-1,
21106,
-2,
30,
-2,
17,
-1,
21107,
-2,
30,
-2,
17,
-1,
21108,
-2,
30,
-2,
17,
-1,
21109,
-2,
30,
-2,
17,
-1,
21110,
-2,
30,
-2,
17,
-1,
21111,
-2,
30,
-2,
17,
-1,
21112,
-2,
30,
-2,
17,
-1,
21113,
-2,
30,
-2,
17,
-1,
21114,
-2,
30,
-2,
17,
-1,
21115,
-2,
30,
-2,
17,
-1,
21116,
-2,
30,
-2,
17,
-1,
21117,
-2,
30,
-2,
17,
-1,
21118,
-2,
30,
-2,
31,
-1,
21119,
-2,
30,
-2,
31,
-1,
21120,
-2,
30,
-2,
31,
