-1,
21121,
-2,
30,
-2,
31,
-1,
21122,
-2,
30,
-2,
31,
-1,
21123,
-2,
30,
-2,
17,
-1,
21124,
-2,
30,
-2,
17,
-1,
21125,
-2,
30,
-2,
17,
-1,
21126,
-2,
30,
-2,
17,
-1,
21127,
-2,
31,
-2,
17,
-1,
21128,
-2,
31,
-2,
17,
-1,
21129,
-2,
30,
-2,
17,
-1,
21130,
-2,
30,
-2,
17,
-1,
21131,
-2,
30,
-2,
17,
-1,
21132,
-2,
31,
-2,
17,
-1,
21133,
-2,
31,
-2,
17,
-1,
21134,
-2,
31,
-2,
31,
-1,
21135,
-2,
31,
-2,
31,
-1,
21136,
-2,
31,
-2,
31,
-1,
21137,
-2,
31,
-2,
31,
-1,
21138,
-2,
31,
-2,
31,
-1,
21139,
-2,
31,
-2,
31,
-1,
21140,
-2,
30,
-2,
31,
-1,
21141,
-2,
30,
-2,
31,
-1,
21142,
-2,
31,
-2,
31,
-1,
21143,
-2,
31,
-2,
31,
-1,
21144,
-2,
31,
-2,
17,
-1,
21145,
-2,
31,
-2,
17,
-1,
21146,
-2,
31,
-2,
17,
-1,
21147,
-2,
31,
-2,
17,
-1,
21148,
-2,
31,
-2,
17,
-1,
21149,
-2,
30,
-2,
17,
-1,
21150,
-2,
30,
-2,
17,
-1,
21151,
-2,
30,
-2,
17,
-1,
21152,
-2,
30,
-2,
17,
-1,
21153,
-2,
30,
-2,
17,
-1,
21154,
-2,
30,
-2,
17,
-1,
21155,
-2,
30,
-2,
17,
-1,
21156,
-2,
30,
-2,
17,
-1,
21157,
-2,
30,
-2,
17,
-1,
21158,
-2,
30,
-2,
31,
-1,
21159,
-2,
30,
-2,
31,
-1,
21160,
-2,
30,
-2,
31,
-1,
21161,
-2,
30,
-2,
31,
-1,
21162,
-2,
32,
-2,
31,
-1,
21163,
-2,
32,
-2,
31,
-1,
21164,
-2,
32,
-2,
31,
-1,
21165,
-2,
30,
-2,
31,
-1,
21166,
-2,
30,
-2,
31,
-1,
21167,
-2,
30,
-2,
31,
-1,
21168,
-2,
30,
-2,
31,
-1,
21169,
-2,
30,
-2,
31,
-1,
21170,
-2,
30,
-2,
31,
-1,
21171,
-2,
30,
-2,
31,
-1,
21172,
-2,
32,
-2,
31,
-1,
21173,
-2,
32,
-2,
31,
-1,
21174,
-2,
32,
-2,
31,
-1,
21175,
-2,
30,
-2,
31,
-1,
21176,
-2,
30,
-2,
31,
-1,
21177,
-2,
30,
-2,
31,
-1,
21178,
-2,
30,
-2,
31,
-1,
21179,
-2,
32,
-2,
31,
-1,
21180,
-2,
32,
-2,
31,
-1,
21181,
-2,
32,
-2,
31,
-1,
21182,
-2,
32,
-2,
31,
-1,
21183,
-2,
32,
-2,
31,
-1,
21184,
-2,
32,
-2,
31,
-1,
21185,
-2,
32,
-2,
31,
-1,
21186,
-2,
32,
-2,
31,
-1,
21187,
-2,
30,
-2,
31,
-1,
21188,
-2,
30,
-2,
31,
-1,
21189,
-2,
30,
-2,
31,
-1,
21190,
-2,
30,
-2,
31,
-1,
21191,
-2,
30,
-2,
31,
-1,
21192,
-2,
30,
-2,
31,
-1,
21193,
-2,
30,
-2,
31,
-1,
21194,
-2,
30,
-2,
31,
-1,
21195,
-2,
30,
-2,
31,
-1,
21196,
-2,
30,
-2,
17,
-1,
21197,
-2,
30,
-2,
17,
-1,
21198,
-2,
30,
-2,
17,
-1,
21199,
-2,
30,
-2,
17,
-1,
21200,
-2,
30,
-2,
17,
-1,
21201,
-2,
30,
-2,
17,
-1,
21202,
-2,
30,
-2,
17,
-1,
21203,
-2,
30,
-2,
17,
-1,
21204,
-2,
30,
-2,
17,
-1,
21205,
-2,
30,
-2,
17,
-1,
21206,
-2,
31,
-2,
17,
-1,
21207,
-2,
30,
-2,
17,
-1,
21208,
-2,
30,
-2,
17,
-1,
21209,
-2,
30,
-2,
17,
-1,
21210,
-2,
30,
-2,
17,
-1,
21211,
-2,
30,
-2,
17,
-1,
21212,
-2,
30,
-2,
17,
-1,
21213,
-2,
30,
-2,
17,
-1,
21214,
-2,
30,
-2,
17,
-1,
21215,
-2,
30,
-2,
17,
-1,
21216,
-2,
30,
-2,
17,
-1,
21217,
-2,
31,
-2,
17,
-1,
21218,
-2,
31,
-2,
17,
-1,
21219,
-2,
31,
-2,
17,
-1,
21220,
-2,
31,
-2,
17,
-1,
21221,
-2,
30,
-2,
17,
-1,
21222,
-2,
30,
-2,
17,
-1,
21223,
-2,
30,
-2,
17,
-1,
21224,
-2,
30,
-2,
17,
-1,
21225,
-2,
30,
-2,
17,
-1,
21226,
-2,
30,
-2,
17,
-1,
21227,
-2,
30,
-2,
17,
-1,
21228,
-2,
30,
-2,
17,
-1,
21229,
-2,
30,
-2,
17,
-1,
21230,
-2,
30,
-2,
17,
-1,
21231,
-2,
30,
-2,
17,
-1,
21232,
-2,
30,
-2,
17,
-1,
21233,
-2,
30,
-2,
17,
-1,
21234,
-2,
30,
-2,
17,
-1,
21235,
-2,
30,
-2,
17,
-1,
21236,
-2,
30,
-2,
17,
-1,
21237,
-2,
30,
-2,
17,
-1,
21238,
-2,
30,
-2,
31,
-1,
21239,
-2,
30,
-2,
31,
-1,
21240,
-2,
30,
-2,
31,
