-1,
21241,
-2,
30,
-2,
31,
-1,
21242,
-2,
30,
-2,
31,
-1,
21243,
-2,
30,
-2,
17,
-1,
21244,
-2,
30,
-2,
17,
-1,
21245,
-2,
30,
-2,
17,
-1,
21246,
-2,
30,
-2,
17,
-1,
21247,
-2,
31,
-2,
17,
-1,
21248,
-2,
31,
-2,
17,
-1,
21249,
-2,
30,
-2,
17,
-1,
21250,
-2,
30,
-2,
17,
-1,
21251,
-2,
30,
-2,
17,
-1,
21252,
-2,
31,
-2,
17,
-1,
21253,
-2,
31,
-2,
17,
-1,
21254,
-2,
31,
-2,
31,
-1,
21255,
-2,
31,
-2,
31,
-1,
21256,
-2,
31,
-2,
31,
-1,
21257,
-2,
31,
-2,
31,
-1,
21258,
-2,
31,
-2,
31,
-1,
21259,
-2,
31,
-2,
31,
-1,
21260,
-2,
30,
-2,
31,
-1,
21261,
-2,
30,
-2,
31,
-1,
21262,
-2,
31,
-2,
31,
-1,
21263,
-2,
31,
-2,
31,
-1,
21264,
-2,
31,
-2,
17,
-1,
21265,
-2,
31,
-2,
17,
-1,
21266,
-2,
30,
-2,
17,
-1,
21267,
-2,
30,
-2,
17,
-1,
21268,
-2,
30,
-2,
17,
-1,
21269,
-2,
30,
-2,
17,
-1,
21270,
-2,
30,
-2,
17,
-1,
21271,
-2,
30,
-2,
17,
-1,
21272,
-2,
30,
-2,
17,
-1,
21273,
-2,
30,
-2,
17,
-1,
21274,
-2,
30,
-2,
17,
-1,
21275,
-2,
30,
-2,
17,
-1,
21276,
-2,
30,
-2,
17,
-1,
21277,
-2,
30,
-2,
17,
-1,
21278,
-2,
30,
-2,
31,
-1,
21279,
-2,
30,
-2,
31,
-1,
21280,
-2,
30,
-2,
31,
-1,
21281,
-2,
30,
-2,
31,
-1,
21282,
-2,
32,
-2,
31,
-1,
21283,
-2,
32,
-2,
31,
-1,
21284,
-2,
32,
-2,
31,
-1,
21285,
-2,
30,
-2,
31,
-1,
21286,
-2,
30,
-2,
31,
-1,
21287,
-2,
30,
-2,
31,
-1,
21288,
-2,
30,
-2,
31,
-1,
21289,
-2,
30,
-2,
31,
-1,
21290,
-2,
30,
-2,
31,
-1,
21291,
-2,
30,
-2,
31,
-1,
21292,
-2,
32,
-2,
31,
-1,
21293,
-2,
32,
-2,
31,
-1,
21294,
-2,
32,
-2,
31,
-1,
21295,
-2,
30,
-2,
31,
-1,
21296,
-2,
30,
-2,
31,
-1,
21297,
-2,
30,
-2,
31,
-1,
21298,
-2,
30,
-2,
31,
-1,
21299,
-2,
32,
-2,
31,
-1,
21300,
-2,
32,
-2,
31,
-1,
21301,
-2,
32,
-2,
31,
-1,
21302,
-2,
32,
-2,
31,
-1,
21303,
-2,
32,
-2,
31,
-1,
21304,
-2,
32,
-2,
31,
-1,
21305,
-2,
32,
-2,
31,
-1,
21306,
-2,
32,
-2,
31,
-1,
21307,
-2,
30,
-2,
31,
-1,
21308,
-2,
30,
-2,
31,
-1,
21309,
-2,
30,
-2,
31,
-1,
21310,
-2,
30,
-2,
31,
-1,
21311,
-2,
30,
-2,
31,
-1,
21312,
-2,
30,
-2,
31,
-1,
21313,
-2,
30,
-2,
31,
-1,
21314,
-2,
30,
-2,
31,
-1,
21315,
-2,
30,
-2,
31,
-1,
21316,
-2,
30,
-2,
17,
-1,
21317,
-2,
30,
-2,
17,
-1,
21318,
-2,
30,
-2,
17,
-1,
21319,
-2,
30,
-2,
17,
-1,
21320,
-2,
30,
-2,
17,
-1,
21321,
-2,
30,
-2,
17,
-1,
21322,
-2,
30,
-2,
17,
-1,
21323,
-2,
30,
-2,
17,
-1,
21324,
-2,
30,
-2,
17,
-1,
21325,
-2,
30,
-2,
17,
-1,
21326,
-2,
32,
-2,
17,
-1,
21327,
-2,
32,
-2,
17,
-1,
21328,
-2,
30,
-2,
17,
-1,
21329,
-2,
30,
-2,
17,
-1,
21330,
-2,
30,
-2,
17,
-1,
21331,
-2,
30,
-2,
17,
-1,
21332,
-2,
30,
-2,
17,
-1,
21333,
-2,
30,
-2,
17,
-1,
21334,
-2,
30,
-2,
17,
-1,
21335,
-2,
30,
-2,
17,
-1,
21336,
-2,
30,
-2,
17,
-1,
21337,
-2,
31,
-2,
17,
-1,
21338,
-2,
31,
-2,
17,
-1,
21339,
-2,
31,
-2,
17,
-1,
21340,
-2,
31,
-2,
17,
-1,
21341,
-2,
30,
-2,
17,
-1,
21342,
-2,
30,
-2,
17,
-1,
21343,
-2,
30,
-2,
17,
-1,
21344,
-2,
30,
-2,
17,
-1,
21345,
-2,
30,
-2,
17,
-1,
21346,
-2,
30,
-2,
17,
-1,
21347,
-2,
30,
-2,
17,
-1,
21348,
-2,
30,
-2,
17,
-1,
21349,
-2,
30,
-2,
17,
-1,
21350,
-2,
30,
-2,
17,
-1,
21351,
-2,
30,
-2,
17,
-1,
21352,
-2,
30,
-2,
17,
-1,
21353,
-2,
30,
-2,
17,
-1,
21354,
-2,
30,
-2,
17,
-1,
21355,
-2,
30,
-2,
17,
-1,
21356,
-2,
30,
-2,
17,
-1,
21357,
-2,
30,
-2,
17,
-1,
21358,
-2,
30,
-2,
31,
-1,
21359,
-2,
30,
-2,
31,
-1,
21360,
-2,
30,
-2,
31,
