-1,
21361,
-2,
30,
-2,
31,
-1,
21362,
-2,
30,
-2,
31,
-1,
21363,
-2,
30,
-2,
17,
-1,
21364,
-2,
30,
-2,
17,
-1,
21365,
-2,
30,
-2,
17,
-1,
21366,
-2,
30,
-2,
17,
-1,
21367,
-2,
31,
-2,
17,
-1,
21368,
-2,
31,
-2,
17,
-1,
21369,
-2,
30,
-2,
17,
-1,
21370,
-2,
30,
-2,
17,
-1,
21371,
-2,
30,
-2,
17,
-1,
21372,
-2,
31,
-2,
17,
-1,
21373,
-2,
31,
-2,
17,
-1,
21374,
-2,
31,
-2,
31,
-1,
21375,
-2,
31,
-2,
31,
-1,
21376,
-2,
31,
-2,
31,
-1,
21377,
-2,
30,
-2,
31,
-1,
21378,
-2,
30,
-2,
31,
-1,
21379,
-2,
30,
-2,
31,
-1,
21380,
-2,
30,
-2,
31,
-1,
21381,
-2,
30,
-2,
31,
-1,
21382,
-2,
30,
-2,
31,
-1,
21383,
-2,
31,
-2,
31,
-1,
21384,
-2,
31,
-2,
17,
-1,
21385,
-2,
31,
-2,
17,
-1,
21386,
-2,
30,
-2,
17,
-1,
21387,
-2,
30,
-2,
17,
-1,
21388,
-2,
30,
-2,
17,
-1,
21389,
-2,
30,
-2,
17,
-1,
21390,
-2,
30,
-2,
17,
-1,
21391,
-2,
30,
-2,
17,
-1,
21392,
-2,
30,
-2,
17,
-1,
21393,
-2,
30,
-2,
17,
-1,
21394,
-2,
30,
-2,
17,
-1,
21395,
-2,
30,
-2,
17,
-1,
21396,
-2,
30,
-2,
17,
-1,
21397,
-2,
30,
-2,
17,
-1,
21398,
-2,
30,
-2,
31,
-1,
21399,
-2,
30,
-2,
31,
-1,
21400,
-2,
30,
-2,
31,
-1,
21401,
-2,
30,
-2,
31,
-1,
21402,
-2,
32,
-2,
31,
-1,
21403,
-2,
32,
-2,
31,
-1,
21404,
-2,
32,
-2,
31,
-1,
21405,
-2,
30,
-2,
31,
-1,
21406,
-2,
30,
-2,
31,
-1,
21407,
-2,
30,
-2,
31,
-1,
21408,
-2,
30,
-2,
31,
-1,
21409,
-2,
30,
-2,
31,
-1,
21410,
-2,
30,
-2,
31,
-1,
21411,
-2,
30,
-2,
31,
-1,
21412,
-2,
32,
-2,
31,
-1,
21413,
-2,
32,
-2,
31,
-1,
21414,
-2,
32,
-2,
31,
-1,
21415,
-2,
30,
-2,
31,
-1,
21416,
-2,
30,
-2,
31,
-1,
21417,
-2,
30,
-2,
31,
-1,
21418,
-2,
30,
-2,
31,
-1,
21419,
-2,
32,
-2,
31,
-1,
21420,
-2,
32,
-2,
31,
-1,
21421,
-2,
32,
-2,
31,
-1,
21422,
-2,
32,
-2,
31,
-1,
21423,
-2,
32,
-2,
31,
-1,
21424,
-2,
32,
-2,
31,
-1,
21425,
-2,
32,
-2,
31,
-1,
21426,
-2,
32,
-2,
31,
-1,
21427,
-2,
30,
-2,
31,
-1,
21428,
-2,
30,
-2,
31,
-1,
21429,
-2,
30,
-2,
31,
-1,
21430,
-2,
30,
-2,
31,
-1,
21431,
-2,
30,
-2,
31,
-1,
21432,
-2,
30,
-2,
31,
-1,
21433,
-2,
30,
-2,
31,
-1,
21434,
-2,
30,
-2,
31,
-1,
21435,
-2,
30,
-2,
31,
-1,
21436,
-2,
30,
-2,
17,
-1,
21437,
-2,
30,
-2,
17,
-1,
21438,
-2,
30,
-2,
17,
-1,
21439,
-2,
30,
-2,
17,
-1,
21440,
-2,
30,
-2,
17,
-1,
21441,
-2,
30,
-2,
17,
-1,
21442,
-2,
30,
-2,
17,
-1,
21443,
-2,
30,
-2,
17,
-1,
21444,
-2,
30,
-2,
17,
-1,
21445,
-2,
30,
-2,
17,
-1,
21446,
-2,
32,
-2,
17,
-1,
21447,
-2,
32,
-2,
17,
-1,
21448,
-2,
30,
-2,
17,
-1,
21449,
-2,
30,
-2,
17,
-1,
21450,
-2,
30,
-2,
17,
-1,
21451,
-2,
30,
-2,
17,
-1,
21452,
-2,
30,
-2,
17,
-1,
21453,
-2,
30,
-2,
17,
-1,
21454,
-2,
30,
-2,
17,
-1,
21455,
-2,
30,
-2,
17,
-1,
21456,
-2,
30,
-2,
17,
-1,
21457,
-2,
31,
-2,
17,
-1,
21458,
-2,
31,
-2,
17,
-1,
21459,
-2,
31,
-2,
17,
-1,
21460,
-2,
31,
-2,
17,
-1,
21461,
-2,
30,
-2,
17,
-1,
21462,
-2,
30,
-2,
17,
-1,
21463,
-2,
30,
-2,
17,
-1,
21464,
-2,
30,
-2,
17,
-1,
21465,
-2,
30,
-2,
17,
-1,
21466,
-2,
30,
-2,
17,
-1,
21467,
-2,
30,
-2,
17,
-1,
21468,
-2,
30,
-2,
17,
-1,
21469,
-2,
30,
-2,
17,
-1,
21470,
-2,
30,
-2,
17,
-1,
21471,
-2,
30,
-2,
17,
-1,
21472,
-2,
30,
-2,
17,
-1,
21473,
-2,
30,
-2,
17,
-1,
21474,
-2,
30,
-2,
17,
-1,
21475,
-2,
30,
-2,
17,
-1,
21476,
-2,
30,
-2,
17,
-1,
21477,
-2,
30,
-2,
17,
-1,
21478,
-2,
30,
-2,
31,
-1,
21479,
-2,
30,
-2,
31,
-1,
21480,
-2,
30,
-2,
31,
