-1,
21481,
-2,
30,
-2,
31,
-1,
21482,
-2,
30,
-2,
31,
-1,
21483,
-2,
30,
-2,
17,
-1,
21484,
-2,
30,
-2,
17,
-1,
21485,
-2,
30,
-2,
17,
-1,
21486,
-2,
30,
-2,
17,
-1,
21487,
-2,
31,
-2,
17,
-1,
21488,
-2,
31,
-2,
17,
-1,
21489,
-2,
30,
-2,
17,
-1,
21490,
-2,
30,
-2,
17,
-1,
21491,
-2,
30,
-2,
17,
-1,
21492,
-2,
31,
-2,
17,
-1,
21493,
-2,
31,
-2,
17,
-1,
21494,
-2,
31,
-2,
31,
-1,
21495,
-2,
31,
-2,
31,
-1,
21496,
-2,
31,
-2,
31,
-1,
21497,
-2,
30,
-2,
31,
-1,
21498,
-2,
30,
-2,
31,
-1,
21499,
-2,
30,
-2,
31,
-1,
21500,
-2,
30,
-2,
31,
-1,
21501,
-2,
30,
-2,
31,
-1,
21502,
-2,
30,
-2,
31,
-1,
21503,
-2,
31,
-2,
31,
-1,
21504,
-2,
31,
-2,
17,
-1,
21505,
-2,
31,
-2,
17,
-1,
21506,
-2,
30,
-2,
17,
-1,
21507,
-2,
30,
-2,
17,
-1,
21508,
-2,
30,
-2,
17,
-1,
21509,
-2,
30,
-2,
17,
-1,
21510,
-2,
30,
-2,
17,
-1,
21511,
-2,
30,
-2,
17,
-1,
21512,
-2,
30,
-2,
17,
-1,
21513,
-2,
30,
-2,
17,
-1,
21514,
-2,
30,
-2,
17,
-1,
21515,
-2,
30,
-2,
17,
-1,
21516,
-2,
30,
-2,
17,
-1,
21517,
-2,
30,
-2,
17,
-1,
21518,
-2,
30,
-2,
31,
-1,
21519,
-2,
30,
-2,
31,
-1,
21520,
-2,
30,
-2,
31,
-1,
21521,
-2,
30,
-2,
31,
-1,
21522,
-2,
32,
-2,
31,
-1,
21523,
-2,
32,
-2,
31,
-1,
21524,
-2,
32,
-2,
31,
-1,
21525,
-2,
30,
-2,
31,
-1,
21526,
-2,
30,
-2,
31,
-1,
21527,
-2,
30,
-2,
31,
-1,
21528,
-2,
30,
-2,
31,
-1,
21529,
-2,
30,
-2,
31,
-1,
21530,
-2,
30,
-2,
31,
-1,
21531,
-2,
30,
-2,
31,
-1,
21532,
-2,
32,
-2,
31,
-1,
21533,
-2,
32,
-2,
31,
-1,
21534,
-2,
32,
-2,
31,
-1,
21535,
-2,
30,
-2,
31,
-1,
21536,
-2,
30,
-2,
31,
-1,
21537,
-2,
30,
-2,
31,
-1,
21538,
-2,
30,
-2,
31,
-1,
21539,
-2,
32,
-2,
31,
-1,
21540,
-2,
32,
-2,
31,
-1,
21541,
-2,
32,
-2,
31,
-1,
21542,
-2,
32,
-2,
31,
-1,
21543,
-2,
32,
-2,
31,
-1,
21544,
-2,
32,
-2,
31,
-1,
21545,
-2,
32,
-2,
31,
-1,
21546,
-2,
32,
-2,
31,
-1,
21547,
-2,
30,
-2,
31,
-1,
21548,
-2,
30,
-2,
31,
-1,
21549,
-2,
30,
-2,
31,
-1,
21550,
-2,
17,
-2,
31,
-1,
21551,
-2,
17,
-2,
31,
-1,
21552,
-2,
17,
-2,
31,
-1,
21553,
-2,
17,
-2,
31,
-1,
21554,
-2,
17,
-2,
31,
-1,
21555,
-2,
17,
-2,
31,
-1,
21556,
-2,
17,
-2,
17,
-1,
21557,
-2,
17,
-2,
17,
-1,
21558,
-2,
17,
-2,
17,
-1,
21559,
-2,
17,
-2,
17,
-1,
21560,
-2,
17,
-2,
17,
-1,
21561,
-2,
32,
-2,
17,
-1,
21562,
-2,
32,
-2,
17,
-1,
21563,
-2,
32,
-2,
17,
-1,
21564,
-2,
32,
-2,
17,
-1,
21565,
-2,
32,
-2,
17,
-1,
21566,
-2,
32,
-2,
17,
-1,
21567,
-2,
32,
-2,
17,
-1,
21568,
-2,
30,
-2,
17,
-1,
21569,
-2,
30,
-2,
17,
-1,
21570,
-2,
30,
-2,
17,
-1,
21571,
-2,
30,
-2,
17,
-1,
21572,
-2,
30,
-2,
17,
-1,
21573,
-2,
30,
-2,
17,
-1,
21574,
-2,
30,
-2,
17,
-1,
21575,
-2,
30,
-2,
17,
-1,
21576,
-2,
30,
-2,
17,
-1,
21577,
-2,
31,
-2,
17,
-1,
21578,
-2,
31,
-2,
17,
-1,
21579,
-2,
31,
-2,
17,
-1,
21580,
-2,
31,
-2,
17,
-1,
21581,
-2,
30,
-2,
17,
-1,
21582,
-2,
30,
-2,
17,
-1,
21583,
-2,
30,
-2,
17,
-1,
21584,
-2,
30,
-2,
17,
-1,
21585,
-2,
30,
-2,
17,
-1,
21586,
-2,
30,
-2,
17,
-1,
21587,
-2,
30,
-2,
17,
-1,
21588,
-2,
30,
-2,
17,
-1,
21589,
-2,
30,
-2,
17,
-1,
21590,
-2,
30,
-2,
17,
-1,
21591,
-2,
30,
-2,
17,
-1,
21592,
-2,
30,
-2,
17,
-1,
21593,
-2,
30,
-2,
17,
-1,
21594,
-2,
30,
-2,
17,
-1,
21595,
-2,
30,
-2,
17,
-1,
21596,
-2,
30,
-2,
17,
-1,
21597,
-2,
30,
-2,
17,
-1,
21598,
-2,
30,
-2,
31,
-1,
21599,
-2,
30,
-2,
31,
-1,
21600,
-2,
30,
-2,
31,
