-1,
21601,
-2,
30,
-2,
31,
-1,
21602,
-2,
30,
-2,
31,
-1,
21603,
-2,
30,
-2,
17,
-1,
21604,
-2,
30,
-2,
17,
-1,
21605,
-2,
30,
-2,
17,
-1,
21606,
-2,
30,
-2,
17,
-1,
21607,
-2,
31,
-2,
17,
-1,
21608,
-2,
31,
-2,
17,
-1,
21609,
-2,
30,
-2,
17,
-1,
21610,
-2,
30,
-2,
17,
-1,
21611,
-2,
30,
-2,
17,
-1,
21612,
-2,
31,
-2,
17,
-1,
21613,
-2,
31,
-2,
17,
-1,
21614,
-2,
31,
-2,
31,
-1,
21615,
-2,
31,
-2,
31,
-1,
21616,
-2,
31,
-2,
31,
-1,
21617,
-2,
30,
-2,
31,
-1,
21618,
-2,
30,
-2,
31,
-1,
21619,
-2,
30,
-2,
31,
-1,
21620,
-2,
30,
-2,
31,
-1,
21621,
-2,
30,
-2,
31,
-1,
21622,
-2,
30,
-2,
31,
-1,
21623,
-2,
31,
-2,
31,
-1,
21624,
-2,
31,
-2,
17,
-1,
21625,
-2,
31,
-2,
17,
-1,
21626,
-2,
30,
-2,
17,
-1,
21627,
-2,
30,
-2,
17,
-1,
21628,
-2,
30,
-2,
17,
-1,
21629,
-2,
30,
-2,
17,
-1,
21630,
-2,
30,
-2,
17,
-1,
21631,
-2,
30,
-2,
17,
-1,
21632,
-2,
30,
-2,
17,
-1,
21633,
-2,
30,
-2,
17,
-1,
21634,
-2,
30,
-2,
17,
-1,
21635,
-2,
30,
-2,
17,
-1,
21636,
-2,
30,
-2,
17,
-1,
21637,
-2,
30,
-2,
17,
-1,
21638,
-2,
30,
-2,
31,
-1,
21639,
-2,
30,
-2,
31,
-1,
21640,
-2,
30,
-2,
31,
-1,
21641,
-2,
30,
-2,
31,
-1,
21642,
-2,
32,
-2,
31,
-1,
21643,
-2,
32,
-2,
31,
-1,
21644,
-2,
32,
-2,
31,
-1,
21645,
-2,
30,
-2,
31,
-1,
21646,
-2,
30,
-2,
31,
-1,
21647,
-2,
30,
-2,
31,
-1,
21648,
-2,
30,
-2,
31,
-1,
21649,
-2,
30,
-2,
31,
-1,
21650,
-2,
30,
-2,
31,
-1,
21651,
-2,
30,
-2,
31,
-1,
21652,
-2,
32,
-2,
31,
-1,
21653,
-2,
32,
-2,
31,
-1,
21654,
-2,
32,
-2,
31,
-1,
21655,
-2,
30,
-2,
31,
-1,
21656,
-2,
30,
-2,
31,
-1,
21657,
-2,
30,
-2,
31,
-1,
21658,
-2,
30,
-2,
31,
-1,
21659,
-2,
30,
-2,
31,
-1,
21660,
-2,
30,
-2,
31,
-1,
21661,
-2,
32,
-2,
31,
-1,
21662,
-2,
32,
-2,
31,
-1,
21663,
-2,
32,
-2,
31,
-1,
21664,
-2,
32,
-2,
31,
-1,
21665,
-2,
32,
-2,
31,
-1,
21666,
-2,
32,
-2,
31,
-1,
21667,
-2,
30,
-2,
31,
-1,
21668,
-2,
30,
-2,
31,
-1,
21669,
-2,
30,
-2,
31,
-1,
21670,
-2,
17,
-2,
31,
-1,
21671,
-2,
17,
-2,
31,
-1,
21672,
-2,
17,
-2,
31,
-1,
21673,
-2,
17,
-2,
31,
-1,
21674,
-2,
17,
-2,
31,
-1,
21675,
-2,
17,
-2,
31,
-1,
21676,
-2,
17,
-2,
17,
-1,
21677,
-2,
17,
-2,
17,
-1,
21678,
-2,
17,
-2,
17,
-1,
21679,
-2,
17,
-2,
17,
-1,
21680,
-2,
17,
-2,
17,
-1,
21681,
-2,
32,
-2,
17,
-1,
21682,
-2,
32,
-2,
17,
-1,
21683,
-2,
32,
-2,
17,
-1,
21684,
-2,
32,
-2,
17,
-1,
21685,
-2,
32,
-2,
17,
-1,
21686,
-2,
32,
-2,
17,
-1,
21687,
-2,
32,
-2,
17,
-1,
21688,
-2,
30,
-2,
17,
-1,
21689,
-2,
30,
-2,
17,
-1,
21690,
-2,
30,
-2,
17,
-1,
21691,
-2,
30,
-2,
17,
-1,
21692,
-2,
30,
-2,
17,
-1,
21693,
-2,
30,
-2,
17,
-1,
21694,
-2,
30,
-2,
17,
-1,
21695,
-2,
30,
-2,
17,
-1,
21696,
-2,
30,
-2,
17,
-1,
21697,
-2,
31,
-2,
17,
-1,
21698,
-2,
31,
-2,
17,
-1,
21699,
-2,
31,
-2,
17,
-1,
21700,
-2,
31,
-2,
17,
-1,
21701,
-2,
30,
-2,
17,
-1,
21702,
-2,
30,
-2,
17,
-1,
21703,
-2,
30,
-2,
17,
-1,
21704,
-2,
30,
-2,
17,
-1,
21705,
-2,
30,
-2,
17,
-1,
21706,
-2,
30,
-2,
17,
-1,
21707,
-2,
30,
-2,
17,
-1,
21708,
-2,
30,
-2,
17,
-1,
21709,
-2,
30,
-2,
17,
-1,
21710,
-2,
30,
-2,
17,
-1,
21711,
-2,
30,
-2,
17,
-1,
21712,
-2,
30,
-2,
17,
-1,
21713,
-2,
30,
-2,
17,
-1,
21714,
-2,
30,
-2,
17,
-1,
21715,
-2,
30,
-2,
17,
-1,
21716,
-2,
30,
-2,
17,
-1,
21717,
-2,
30,
-2,
17,
-1,
21718,
-2,
30,
-2,
31,
-1,
21719,
-2,
30,
-2,
31,
-1,
21720,
-2,
30,
-2,
31,
