-1,
21721,
-2,
30,
-2,
31,
-1,
21722,
-2,
30,
-2,
31,
-1,
21723,
-2,
30,
-2,
17,
-1,
21724,
-2,
30,
-2,
17,
-1,
21725,
-2,
30,
-2,
17,
-1,
21726,
-2,
30,
-2,
17,
-1,
21727,
-2,
31,
-2,
17,
-1,
21728,
-2,
31,
-2,
17,
-1,
21729,
-2,
30,
-2,
17,
-1,
21730,
-2,
30,
-2,
17,
-1,
21731,
-2,
30,
-2,
17,
-1,
21732,
-2,
31,
-2,
17,
-1,
21733,
-2,
31,
-2,
17,
-1,
21734,
-2,
31,
-2,
31,
-1,
21735,
-2,
31,
-2,
31,
-1,
21736,
-2,
31,
-2,
31,
-1,
21737,
-2,
30,
-2,
31,
-1,
21738,
-2,
30,
-2,
31,
-1,
21739,
-2,
30,
-2,
31,
-1,
21740,
-2,
30,
-2,
31,
-1,
21741,
-2,
30,
-2,
31,
-1,
21742,
-2,
30,
-2,
31,
-1,
21743,
-2,
31,
-2,
31,
-1,
21744,
-2,
31,
-2,
17,
-1,
21745,
-2,
31,
-2,
17,
-1,
21746,
-2,
30,
-2,
17,
-1,
21747,
-2,
30,
-2,
17,
-1,
21748,
-2,
30,
-2,
17,
-1,
21749,
-2,
30,
-2,
17,
-1,
21750,
-2,
30,
-2,
17,
-1,
21751,
-2,
30,
-2,
17,
-1,
21752,
-2,
30,
-2,
17,
-1,
21753,
-2,
30,
-2,
17,
-1,
21754,
-2,
30,
-2,
17,
-1,
21755,
-2,
30,
-2,
17,
-1,
21756,
-2,
30,
-2,
17,
-1,
21757,
-2,
30,
-2,
17,
-1,
21758,
-2,
30,
-2,
31,
-1,
21759,
-2,
30,
-2,
31,
-1,
21760,
-2,
30,
-2,
31,
-1,
21761,
-2,
30,
-2,
31,
-1,
21762,
-2,
32,
-2,
31,
-1,
21763,
-2,
32,
-2,
31,
-1,
21764,
-2,
32,
-2,
31,
-1,
21765,
-2,
30,
-2,
31,
-1,
21766,
-2,
30,
-2,
31,
-1,
21767,
-2,
30,
-2,
31,
-1,
21768,
-2,
30,
-2,
31,
-1,
21769,
-2,
30,
-2,
31,
-1,
21770,
-2,
30,
-2,
31,
-1,
21771,
-2,
30,
-2,
31,
-1,
21772,
-2,
32,
-2,
31,
-1,
21773,
-2,
32,
-2,
31,
-1,
21774,
-2,
32,
-2,
31,
-1,
21775,
-2,
30,
-2,
31,
-1,
21776,
-2,
30,
-2,
31,
-1,
21777,
-2,
30,
-2,
31,
-1,
21778,
-2,
30,
-2,
31,
-1,
21779,
-2,
30,
-2,
31,
-1,
21780,
-2,
30,
-2,
31,
-1,
21781,
-2,
32,
-2,
31,
-1,
21782,
-2,
32,
-2,
31,
-1,
21783,
-2,
32,
-2,
31,
-1,
21784,
-2,
32,
-2,
31,
-1,
21785,
-2,
32,
-2,
31,
-1,
21786,
-2,
32,
-2,
31,
-1,
21787,
-2,
30,
-2,
31,
-1,
21788,
-2,
30,
-2,
31,
-1,
21789,
-2,
30,
-2,
31,
-1,
21790,
-2,
17,
-2,
31,
-1,
21791,
-2,
17,
-2,
31,
-1,
21792,
-2,
17,
-2,
31,
-1,
21793,
-2,
17,
-2,
31,
-1,
21794,
-2,
17,
-2,
31,
-1,
21795,
-2,
17,
-2,
31,
-1,
21796,
-2,
17,
-2,
17,
-1,
21797,
-2,
17,
-2,
17,
-1,
21798,
-2,
17,
-2,
17,
-1,
21799,
-2,
17,
-2,
17,
-1,
21800,
-2,
17,
-2,
17,
-1,
21801,
-2,
32,
-2,
17,
-1,
21802,
-2,
32,
-2,
17,
-1,
21803,
-2,
32,
-2,
17,
-1,
21804,
-2,
32,
-2,
17,
-1,
21805,
-2,
32,
-2,
17,
-1,
21806,
-2,
32,
-2,
17,
-1,
21807,
-2,
32,
-2,
17,
-1,
21808,
-2,
30,
-2,
17,
-1,
21809,
-2,
30,
-2,
17,
-1,
21810,
-2,
30,
-2,
17,
-1,
21811,
-2,
30,
-2,
17,
-1,
21812,
-2,
30,
-2,
17,
-1,
21813,
-2,
30,
-2,
17,
-1,
21814,
-2,
30,
-2,
17,
-1,
21815,
-2,
30,
-2,
17,
-1,
21816,
-2,
30,
-2,
17,
-1,
21817,
-2,
31,
-2,
17,
-1,
21818,
-2,
31,
-2,
17,
-1,
21819,
-2,
31,
-2,
17,
-1,
21820,
-2,
31,
-2,
17,
-1,
21821,
-2,
30,
-2,
17,
-1,
21822,
-2,
30,
-2,
17,
-1,
21823,
-2,
30,
-2,
17,
-1,
21824,
-2,
30,
-2,
17,
-1,
21825,
-2,
30,
-2,
17,
-1,
21826,
-2,
30,
-2,
17,
-1,
21827,
-2,
30,
-2,
17,
-1,
21828,
-2,
30,
-2,
17,
-1,
21829,
-2,
30,
-2,
17,
-1,
21830,
-2,
30,
-2,
17,
-1,
21831,
-2,
30,
-2,
17,
-1,
21832,
-2,
30,
-2,
17,
-1,
21833,
-2,
30,
-2,
17,
-1,
21834,
-2,
30,
-2,
17,
-1,
21835,
-2,
30,
-2,
17,
-1,
21836,
-2,
30,
-2,
17,
-1,
21837,
-2,
30,
-2,
17,
-1,
21838,
-2,
30,
-2,
31,
-1,
21839,
-2,
30,
-2,
31,
-1,
21840,
-2,
30,
-2,
31,
