-1,
2401,
-2,
30,
-2,
30,
-1,
2402,
-2,
30,
-1,
2403,
-2,
30,
-1,
2404,
-2,
30,
-2,
17,
-1,
2405,
-2,
30,
-2,
17,
-1,
2406,
-2,
30,
-2,
17,
-1,
2407,
-2,
30,
-2,
31,
-1,
2408,
-2,
30,
-2,
31,
-1,
2409,
-2,
30,
-2,
31,
-1,
2410,
-2,
30,
-2,
31,
-1,
2411,
-2,
30,
-2,
31,
-1,
2412,
-2,
30,
-2,
31,
-1,
2413,
-2,
30,
-2,
31,
-1,
2414,
-2,
30,
-2,
31,
-1,
2415,
-2,
30,
-2,
31,
-1,
2416,
-2,
30,
-2,
31,
-1,
2417,
-2,
30,
-2,
17,
-1,
2418,
-2,
30,
-2,
17,
-1,
2419,
-2,
30,
-2,
17,
-2,
17,
-1,
2420,
-2,
30,
-2,
30,
-2,
17,
-1,
2421,
-2,
30,
-2,
31,
-1,
2422,
-2,
30,
-2,
31,
-1,
2423,
-2,
30,
-2,
17,
-1,
2424,
-2,
30,
-2,
17,
-1,
2425,
-2,
30,
-2,
17,
-1,
2426,
-2,
30,
-2,
17,
-1,
2427,
-2,
30,
-2,
17,
-1,
2428,
-2,
30,
-2,
17,
-1,
2429,
-2,
32,
-2,
17,
-1,
2430,
-2,
32,
-2,
17,
-1,
2431,
-2,
31,
-2,
17,
-1,
2432,
-2,
31,
-2,
17,
-1,
2433,
-2,
31,
-2,
17,
-1,
2434,
-2,
31,
-2,
17,
-1,
2435,
-2,
31,
-2,
17,
-1,
2436,
-2,
31,
-2,
17,
-1,
2437,
-2,
31,
-2,
17,
-1,
2438,
-2,
31,
-2,
17,
-1,
2439,
-2,
31,
-2,
17,
-1,
2440,
-2,
31,
-2,
17,
-1,
2441,
-2,
31,
-2,
31,
-1,
2442,
-2,
31,
-2,
31,
-1,
2443,
-2,
31,
-2,
31,
-2,
17,
-1,
2444,
-2,
31,
-2,
31,
-1,
2445,
-2,
31,
-2,
17,
-1,
2446,
-2,
31,
-2,
31,
-1,
2447,
-2,
31,
-2,
17,
-1,
2448,
-2,
31,
-2,
17,
-1,
2449,
-2,
31,
-2,
17,
-1,
2450,
-2,
31,
-2,
17,
-1,
2451,
-2,
31,
-1,
2452,
-2,
31,
-1,
2453,
-2,
31,
-1,
2454,
-2,
31,
-1,
2455,
-2,
31,
-2,
31,
-1,
2456,
-2,
31,
-2,
17,
-1,
2457,
-2,
31,
-2,
17,
-1,
2458,
-2,
31,
-2,
17,
-1,
2459,
-2,
31,
-2,
17,
-1,
2460,
-2,
31,
-2,
17,
-1,
2461,
-2,
31,
-2,
17,
-1,
2462,
-2,
47,
-2,
31,
-1,
2463,
-2,
31,
-2,
17,
-1,
2464,
-2,
31,
-2,
17,
-1,
2465,
-2,
32,
-2,
17,
-1,
2466,
-2,
32,
-2,
17,
-1,
2467,
-2,
17,
-2,
17,
-1,
2468,
-2,
17,
-2,
17,
-1,
2469,
-2,
17,
-2,
17,
-1,
2470,
-2,
17,
-2,
17,
-1,
2471,
-2,
17,
-2,
17,
-1,
2472,
-2,
17,
-2,
17,
-1,
2473,
-2,
17,
-2,
17,
-1,
2474,
-2,
17,
-2,
17,
-1,
2475,
-2,
17,
-2,
17,
-1,
2476,
-2,
17,
-2,
17,
-1,
2477,
-2,
17,
-2,
17,
-1,
2478,
-2,
17,
-2,
17,
-1,
2479,
-2,
17,
-2,
31,
-1,
2480,
-2,
17,
-2,
31,
-1,
2481,
-2,
17,
-2,
31,
-1,
2482,
-2,
17,
-2,
31,
-1,
2483,
-2,
17,
-2,
31,
-1,
2484,
-2,
17,
-2,
31,
-1,
2485,
-2,
17,
-2,
31,
-1,
2486,
-2,
17,
-2,
31,
-1,
2487,
-2,
32,
-2,
31,
-1,
2488,
-2,
32,
-2,
31,
-1,
2489,
-2,
32,
-2,
31,
-1,
2490,
-2,
32,
-2,
31,
-1,
2491,
-2,
32,
-2,
31,
-1,
2492,
-2,
31,
-2,
17,
-1,
2493,
-2,
31,
-2,
17,
-1,
2494,
-2,
31,
-2,
31,
-1,
2495,
-2,
31,
-2,
31,
-1,
2496,
-2,
31,
-2,
31,
-1,
2497,
-2,
31,
-2,
17,
-1,
2498,
-2,
31,
-2,
17,
-1,
2499,
-2,
30,
-2,
31,
-1,
2500,
-2,
30,
-2,
31,
-1,
2501,
-2,
30,
-2,
31,
-2,
17,
-1,
2502,
-2,
30,
-2,
31,
-1,
2503,
-2,
30,
-2,
17,
-1,
2504,
-2,
30,
-2,
17,
-1,
2505,
-2,
30,
-2,
17,
-1,
2506,
-2,
30,
-2,
17,
-1,
2507,
-2,
30,
-2,
17,
-1,
2508,
-2,
30,
-2,
30,
-1,
2509,
-2,
30,
-2,
17,
-1,
2510,
-2,
30,
-2,
31,
-1,
2511,
-2,
30,
-2,
31,
-1,
2512,
-2,
30,
-2,
31,
-1,
2513,
-2,
30,
-2,
31,
-1,
2514,
-2,
30,
-2,
17,
-1,
2515,
-2,
30,
-2,
17,
-1,
2516,
-2,
17,
-2,
17,
-1,
2517,
-2,
17,
-2,
17,
-1,
2518,
-2,
17,
-1,
2519,
-2,
17,
-2,
30,
-1,
2520,
-2,
17,
