-1,
2521,
-2,
17,
-2,
30,
-1,
2522,
-2,
17,
-1,
2523,
-2,
17,
-1,
2524,
-2,
17,
-2,
17,
-1,
2525,
-2,
17,
-2,
17,
-1,
2526,
-2,
17,
-2,
17,
-1,
2527,
-2,
17,
-2,
31,
-1,
2528,
-2,
17,
-2,
31,
-1,
2529,
-2,
17,
-2,
31,
-1,
2530,
-2,
17,
-2,
31,
-1,
2531,
-2,
17,
-2,
31,
-1,
2532,
-2,
17,
-2,
31,
-1,
2533,
-2,
17,
-2,
31,
-1,
2534,
-2,
17,
-2,
31,
-1,
2535,
-2,
17,
-2,
31,
-1,
2536,
-2,
17,
-2,
31,
-1,
2537,
-2,
17,
-2,
17,
-1,
2538,
-2,
17,
-2,
17,
-1,
2539,
-2,
17,
-2,
17,
-2,
17,
-1,
2540,
-2,
17,
-2,
30,
-2,
17,
-1,
2541,
-2,
17,
-2,
31,
-1,
2542,
-2,
17,
-2,
31,
-1,
2543,
-2,
30,
-2,
17,
-1,
2544,
-2,
30,
-2,
17,
-1,
2545,
-2,
30,
-2,
17,
-1,
2546,
-2,
30,
-2,
17,
-1,
2547,
-2,
30,
-2,
17,
-1,
2548,
-2,
30,
-2,
17,
-1,
2549,
-2,
32,
-2,
17,
-1,
2550,
-2,
32,
-2,
17,
-1,
2551,
-2,
31,
-2,
17,
-1,
2552,
-2,
31,
-2,
17,
-1,
2553,
-2,
31,
-2,
17,
-1,
2554,
-2,
31,
-2,
17,
-1,
2555,
-2,
31,
-2,
17,
-1,
2556,
-2,
31,
-2,
17,
-1,
2557,
-2,
31,
-2,
17,
-1,
2558,
-2,
31,
-2,
17,
-1,
2559,
-2,
31,
-2,
17,
-1,
2560,
-2,
31,
-2,
17,
-1,
2561,
-2,
31,
-2,
31,
-1,
2562,
-2,
31,
-2,
31,
-1,
2563,
-2,
31,
-2,
31,
-2,
17,
-1,
2564,
-2,
31,
-2,
31,
-1,
2565,
-2,
31,
-2,
17,
-1,
2566,
-2,
31,
-2,
31,
-1,
2567,
-2,
31,
-2,
17,
-1,
2568,
-2,
31,
-2,
17,
-1,
2569,
-2,
32,
-2,
17,
-1,
2570,
-2,
32,
-2,
17,
-1,
2571,
-2,
32,
-1,
2572,
-2,
32,
-2,
17,
-1,
2573,
-2,
32,
-2,
17,
-1,
2574,
-2,
57,
-2,
32,
-2,
17,
-1,
2575,
-2,
32,
-2,
17,
-1,
2576,
-2,
32,
-2,
17,
-1,
2577,
-2,
32,
-2,
17,
-1,
2578,
-2,
32,
-2,
17,
-1,
2579,
-2,
32,
-2,
17,
-1,
2580,
-2,
32,
-2,
17,
-1,
2581,
-2,
32,
-2,
17,
-1,
2582,
-2,
32,
-2,
17,
-1,
2583,
-2,
32,
-2,
17,
-1,
2584,
-2,
32,
-2,
17,
-1,
2585,
-2,
32,
-2,
17,
-1,
2586,
-2,
32,
-2,
17,
-1,
2587,
-2,
32,
-2,
17,
-1,
2588,
-2,
32,
-2,
17,
-1,
2589,
-2,
32,
-2,
17,
-1,
2590,
-2,
32,
-2,
17,
-1,
2591,
-2,
17,
-2,
17,
-1,
2592,
-2,
17,
-2,
17,
-1,
2593,
-2,
17,
-2,
17,
-1,
2594,
-2,
17,
-2,
17,
-1,
2595,
-2,
17,
-2,
17,
-1,
2596,
-2,
17,
-2,
17,
-1,
2597,
-2,
17,
-2,
17,
-1,
2598,
-2,
17,
-2,
17,
-1,
2599,
-2,
17,
-2,
31,
-1,
2600,
-2,
17,
-2,
31,
-1,
2601,
-2,
17,
-2,
31,
-1,
2602,
-2,
17,
-2,
31,
-1,
2603,
-2,
17,
-2,
31,
-1,
2604,
-2,
17,
-2,
31,
-1,
2605,
-2,
17,
-2,
31,
-1,
2606,
-2,
17,
-2,
31,
-1,
2607,
-2,
32,
-2,
31,
-1,
2608,
-2,
32,
-2,
31,
-1,
2609,
-2,
32,
-2,
31,
-1,
2610,
-2,
32,
-2,
31,
-1,
2611,
-2,
32,
-2,
31,
-1,
2612,
-2,
31,
-2,
17,
-1,
2613,
-2,
31,
-2,
17,
-1,
2614,
-2,
31,
-2,
31,
-1,
2615,
-2,
31,
-2,
31,
-1,
2616,
-2,
31,
-2,
31,
-1,
2617,
-2,
31,
-2,
17,
-1,
2618,
-2,
31,
-2,
17,
-1,
2619,
-2,
47,
-2,
31,
-1,
2620,
-2,
30,
-2,
31,
-1,
2621,
-2,
30,
-2,
31,
-2,
17,
-1,
2622,
-2,
30,
-2,
31,
-1,
2623,
-2,
30,
-2,
17,
-1,
2624,
-2,
30,
-2,
17,
-1,
2625,
-2,
30,
-2,
17,
-1,
2626,
-2,
30,
-2,
17,
-1,
2627,
-2,
30,
-2,
17,
-1,
2628,
-2,
30,
-2,
30,
-1,
2629,
-2,
30,
-2,
17,
-1,
2630,
-2,
30,
-2,
31,
-1,
2631,
-2,
30,
-2,
31,
-1,
2632,
-2,
30,
-2,
31,
-1,
2633,
-2,
30,
-2,
31,
-1,
2634,
-2,
30,
-2,
17,
-1,
2635,
-2,
30,
-2,
17,
-1,
2636,
-2,
17,
-2,
17,
-1,
2637,
-2,
17,
-2,
17,
-1,
2638,
-2,
17,
-1,
2639,
-2,
17,
-2,
30,
-1,
2640,
-2,
17,
