-1,
2641,
-2,
31,
-1,
2642,
-2,
31,
-1,
2643,
-2,
31,
-1,
2644,
-2,
31,
-2,
17,
-1,
2645,
-2,
31,
-2,
17,
-1,
2646,
-2,
31,
-1,
2647,
-2,
31,
-1,
2648,
-2,
31,
-1,
2649,
-2,
31,
-1,
2650,
-2,
31,
-1,
2651,
-2,
31,
-1,
2652,
-2,
31,
-1,
2653,
-2,
31,
-1,
2654,
-2,
31,
-1,
2655,
-2,
32,
-1,
2656,
-2,
32,
-1,
2657,
-2,
32,
-1,
2658,
-2,
32,
-1,
2659,
-2,
32,
-1,
2660,
-2,
32,
-1,
2661,
-2,
32,
-1,
2662,
-2,
32,
-1,
2663,
-2,
32,
-1,
2664,
-2,
17,
-1,
2665,
-2,
17,
-1,
2666,
-2,
17,
-1,
2667,
-2,
17,
-1,
2668,
-2,
57,
-2,
17,
-1,
2669,
-2,
17,
-1,
2670,
-2,
17,
-1,
2671,
-2,
17,
-1,
2672,
-2,
17,
-1,
2673,
-2,
17,
-1,
2674,
-2,
17,
-1,
2675,
-2,
17,
-1,
2676,
-2,
17,
-1,
2677,
-2,
17,
-2,
31,
-1,
2678,
-2,
17,
-2,
31,
-1,
2679,
-2,
17,
-2,
31,
-1,
2680,
-2,
17,
-2,
31,
-1,
2681,
-2,
17,
-2,
31,
-1,
2682,
-2,
32,
-2,
17,
-1,
2683,
-2,
32,
-2,
17,
-1,
2684,
-2,
32,
-2,
17,
-1,
2685,
-2,
32,
-2,
17,
-1,
2686,
-2,
32,
-2,
17,
-1,
2687,
-2,
32,
-1,
2688,
-2,
32,
-1,
2689,
-2,
32,
-1,
2690,
-2,
32,
-1,
2691,
-2,
32,
-1,
2692,
-2,
32,
-1,
2693,
-2,
32,
-1,
2694,
-2,
32,
-1,
2695,
-2,
32,
-1,
2696,
-2,
32,
-1,
2697,
-2,
32,
-2,
31,
-1,
2698,
-2,
32,
-2,
31,
-1,
2699,
-2,
32,
-2,
31,
-1,
2700,
-2,
32,
-1,
2701,
-2,
32,
-1,
2702,
-2,
32,
-1,
2703,
-2,
17,
-2,
17,
-1,
2704,
-2,
17,
-2,
17,
-1,
2705,
-2,
17,
-2,
17,
-1,
2706,
-2,
17,
-2,
17,
-1,
2707,
-2,
17,
-2,
17,
-1,
2708,
-2,
17,
-2,
17,
-1,
2709,
-2,
17,
-2,
17,
-1,
2710,
-2,
30,
-2,
17,
-1,
2711,
-2,
30,
-2,
17,
-1,
2712,
-2,
30,
-2,
17,
-1,
2713,
-2,
30,
-2,
17,
-1,
2714,
-2,
47,
-2,
30,
-1,
2715,
-2,
30,
-2,
17,
-1,
2716,
-2,
30,
-2,
17,
-1,
2717,
-2,
30,
-2,
17,
-1,
2718,
-2,
30,
-1,
2719,
-2,
17,
-2,
17,
-1,
2720,
-2,
30,
-2,
17,
-1,
2721,
-2,
30,
-2,
17,
-1,
2722,
-2,
32,
-2,
17,
-1,
2723,
-2,
32,
-2,
17,
-1,
2724,
-2,
32,
-2,
17,
-1,
2725,
-2,
47,
-2,
17,
-1,
2726,
-2,
32,
-2,
17,
-1,
2727,
-2,
32,
-2,
31,
-1,
2728,
-2,
32,
-2,
31,
-1,
2729,
-2,
31,
-2,
17,
-1,
2730,
-2,
31,
-2,
17,
-1,
2731,
-2,
31,
-2,
17,
-1,
2732,
-2,
31,
-2,
17,
-1,
2733,
-2,
31,
-2,
17,
-1,
2734,
-2,
31,
-2,
17,
-1,
2735,
-2,
31,
-2,
17,
-1,
2736,
-2,
47,
-2,
17,
-1,
2737,
-2,
31,
-2,
17,
-1,
2738,
-2,
17,
-2,
17,
-1,
2739,
-2,
31,
-2,
17,
-1,
2740,
-2,
31,
-2,
17,
-1,
2741,
-2,
31,
-2,
30,
-1,
2742,
-2,
31,
-2,
17,
-1,
2743,
-2,
31,
-2,
17,
-1,
2744,
-2,
31,
-2,
17,
-1,
2745,
-2,
31,
-2,
17,
-1,
2746,
-2,
31,
-2,
17,
-1,
2747,
-2,
31,
-2,
17,
-1,
2748,
-2,
31,
-2,
17,
-1,
2749,
-2,
31,
-2,
17,
-1,
2750,
-2,
32,
-2,
17,
-1,
2751,
-2,
32,
-2,
31,
-1,
2752,
-2,
32,
-1,
2753,
-2,
32,
-1,
2754,
-2,
32,
-2,
31,
-1,
2755,
-2,
31,
-2,
31,
-1,
2756,
-2,
31,
-2,
31,
-1,
2757,
-2,
31,
-1,
2758,
-2,
31,
-1,
2759,
-2,
31,
-1,
2760,
-2,
31,
