-1,
2761,
-2,
31,
-1,
2762,
-2,
31,
-1,
2763,
-2,
31,
-1,
2764,
-2,
31,
-2,
17,
-1,
2765,
-2,
31,
-2,
17,
-1,
2766,
-2,
31,
-1,
2767,
-2,
31,
-1,
2768,
-2,
31,
-1,
2769,
-2,
31,
-1,
2770,
-2,
31,
-1,
2771,
-2,
31,
-1,
2772,
-2,
31,
-1,
2773,
-2,
31,
-1,
2774,
-2,
31,
-1,
2775,
-2,
32,
-1,
2776,
-2,
32,
-1,
2777,
-2,
32,
-1,
2778,
-2,
32,
-1,
2779,
-2,
32,
-1,
2780,
-2,
32,
-1,
2781,
-2,
32,
-1,
2782,
-2,
32,
-1,
2783,
-2,
32,
-1,
2784,
-2,
17,
-1,
2785,
-2,
17,
-1,
2786,
-2,
17,
-1,
2787,
-2,
17,
-1,
2788,
-2,
31,
-2,
17,
-1,
2789,
-2,
31,
-1,
2790,
-2,
31,
-1,
2791,
-2,
31,
-1,
2792,
-2,
31,
-1,
2793,
-2,
31,
-1,
2794,
-2,
31,
-1,
2795,
-2,
31,
-1,
2796,
-2,
31,
-1,
2797,
-2,
31,
-2,
31,
-1,
2798,
-2,
31,
-2,
31,
-1,
2799,
-2,
31,
-2,
31,
-1,
2800,
-2,
31,
-2,
31,
-1,
2801,
-2,
31,
-2,
31,
-1,
2802,
-2,
32,
-2,
17,
-1,
2803,
-2,
32,
-2,
17,
-1,
2804,
-2,
32,
-2,
17,
-1,
2805,
-2,
32,
-2,
17,
-1,
2806,
-2,
32,
-2,
17,
-1,
2807,
-2,
32,
-1,
2808,
-2,
32,
-1,
2809,
-2,
32,
-1,
2810,
-2,
32,
-1,
2811,
-2,
32,
-1,
2812,
-2,
32,
-1,
2813,
-2,
32,
-1,
2814,
-2,
32,
-1,
2815,
-2,
31,
-1,
2816,
-2,
31,
-1,
2817,
-2,
31,
-2,
31,
-1,
2818,
-2,
31,
-2,
31,
-1,
2819,
-2,
31,
-2,
31,
-1,
2820,
-2,
31,
-1,
2821,
-2,
31,
-1,
2822,
-2,
31,
-1,
2823,
-2,
31,
-2,
17,
-1,
2824,
-2,
31,
-2,
17,
-1,
2825,
-2,
17,
-2,
17,
-1,
2826,
-2,
17,
-2,
17,
-1,
2827,
-2,
17,
-2,
17,
-1,
2828,
-2,
17,
-2,
17,
-1,
2829,
-2,
17,
-2,
17,
-1,
2830,
-2,
30,
-2,
17,
-1,
2831,
-2,
30,
-2,
17,
-1,
2832,
-2,
30,
-2,
17,
-1,
2833,
-2,
30,
-2,
17,
-1,
2834,
-2,
47,
-2,
30,
-1,
2835,
-2,
30,
-2,
17,
-1,
2836,
-2,
30,
-2,
17,
-1,
2837,
-2,
30,
-2,
17,
-1,
2838,
-2,
30,
-1,
2839,
-2,
17,
-2,
17,
-1,
2840,
-2,
30,
-2,
17,
-1,
2841,
-2,
30,
-2,
17,
-1,
2842,
-2,
17,
-2,
17,
-1,
2843,
-2,
17,
-2,
17,
-1,
2844,
-2,
17,
-2,
17,
-1,
2845,
-2,
17,
-2,
17,
-1,
2846,
-2,
57,
-2,
17,
-1,
2847,
-2,
17,
-2,
31,
-1,
2848,
-2,
17,
-2,
31,
-1,
2849,
-2,
17,
-2,
17,
-1,
2850,
-2,
17,
-2,
17,
-1,
2851,
-2,
17,
-2,
17,
-1,
2852,
-2,
17,
-2,
17,
-1,
2853,
-2,
17,
-2,
17,
-1,
2854,
-2,
17,
-2,
17,
-1,
2855,
-2,
17,
-2,
17,
-1,
2856,
-2,
17,
-2,
17,
-1,
2857,
-2,
17,
-2,
17,
-1,
2858,
-2,
17,
-2,
17,
-1,
2859,
-2,
17,
-2,
17,
-1,
2860,
-2,
30,
-2,
17,
-1,
2861,
-2,
30,
-2,
17,
-1,
2862,
-2,
30,
-2,
17,
-1,
2863,
-2,
30,
-2,
17,
-1,
2864,
-2,
30,
-2,
17,
-1,
2865,
-2,
30,
-2,
17,
-1,
2866,
-2,
30,
-2,
17,
-1,
2867,
-2,
30,
-2,
17,
-1,
2868,
-2,
30,
-2,
17,
-1,
2869,
-2,
30,
-2,
17,
-1,
2870,
-2,
30,
-2,
17,
-1,
2871,
-2,
30,
-2,
31,
-1,
2872,
-2,
30,
-1,
2873,
-2,
30,
-1,
2874,
-2,
30,
-2,
31,
-1,
2875,
-2,
30,
-2,
31,
-1,
2876,
-2,
30,
-2,
31,
-1,
2877,
-2,
31,
-1,
2878,
-2,
31,
-1,
2879,
-2,
31,
-1,
2880,
-2,
31,
