-1,
2881,
-2,
31,
-2,
17,
-1,
2882,
-2,
31,
-2,
31,
-1,
2883,
-2,
31,
-2,
32,
-2,
17,
-1,
2884,
-2,
31,
-1,
2885,
-2,
31,
-1,
2886,
-2,
31,
-2,
17,
-1,
2887,
-2,
31,
-2,
17,
-1,
2888,
-2,
31,
-2,
17,
-1,
2889,
-2,
31,
-2,
17,
-1,
2890,
-2,
31,
-2,
17,
-1,
2891,
-2,
31,
-2,
17,
-1,
2892,
-2,
31,
-2,
17,
-1,
2893,
-2,
31,
-2,
17,
-1,
2894,
-2,
30,
-2,
31,
-1,
2895,
-2,
30,
-2,
31,
-1,
2896,
-2,
30,
-2,
31,
-1,
2897,
-2,
30,
-2,
31,
-1,
2898,
-2,
30,
-2,
31,
-1,
2899,
-2,
30,
-2,
31,
-1,
2900,
-2,
30,
-2,
31,
-1,
2901,
-2,
30,
-2,
31,
-1,
2902,
-2,
30,
-2,
31,
-1,
2903,
-2,
30,
-2,
31,
-2,
17,
-1,
2904,
-2,
30,
-2,
31,
-1,
2905,
-2,
30,
-2,
31,
-1,
2906,
-2,
30,
-2,
31,
-1,
2907,
-2,
30,
-2,
31,
-1,
2908,
-2,
30,
-2,
17,
-1,
2909,
-2,
30,
-2,
17,
-1,
2910,
-2,
30,
-1,
2911,
-2,
30,
-1,
2912,
-2,
57,
-2,
30,
-1,
2913,
-2,
31,
-1,
2914,
-2,
31,
-2,
17,
-1,
2915,
-2,
31,
-2,
17,
-1,
2916,
-2,
31,
-2,
17,
-1,
2917,
-2,
31,
-2,
17,
-1,
2918,
-2,
31,
-2,
17,
-1,
2919,
-2,
31,
-2,
17,
-1,
2920,
-2,
31,
-2,
17,
-1,
2921,
-2,
31,
-2,
17,
-1,
2922,
-2,
31,
-2,
17,
-1,
2923,
-2,
31,
-2,
17,
-1,
2924,
-2,
31,
-2,
17,
-1,
2925,
-2,
31,
-2,
17,
-1,
2926,
-2,
31,
-2,
17,
-1,
2927,
-2,
32,
-2,
17,
-1,
2928,
-2,
32,
-2,
17,
-1,
2929,
-2,
32,
-2,
17,
-1,
2930,
-2,
32,
-2,
17,
-1,
2931,
-2,
32,
-2,
17,
-1,
2932,
-2,
32,
-2,
17,
-1,
2933,
-2,
32,
-2,
17,
-1,
2934,
-2,
32,
-2,
17,
-1,
2935,
-2,
32,
-2,
17,
-1,
2936,
-2,
32,
-2,
17,
-1,
2937,
-2,
32,
-2,
17,
-1,
2938,
-2,
32,
-2,
17,
-1,
2939,
-2,
32,
-2,
17,
-1,
2940,
-2,
32,
-2,
17,
-1,
2941,
-2,
32,
-2,
17,
-1,
2942,
-2,
30,
-2,
17,
-1,
2943,
-2,
30,
-2,
17,
-1,
2944,
-2,
30,
-2,
17,
-1,
2945,
-2,
30,
-2,
17,
-1,
2946,
-2,
30,
-2,
17,
-1,
2947,
-2,
30,
-2,
17,
-1,
2948,
-2,
31,
-2,
17,
-1,
2949,
-2,
31,
-2,
17,
-1,
2950,
-2,
31,
-2,
17,
-1,
2951,
-2,
31,
-2,
17,
-1,
2952,
-2,
31,
-2,
17,
-1,
2953,
-2,
31,
-2,
17,
-1,
2954,
-2,
31,
-2,
17,
-1,
2955,
-2,
31,
-2,
17,
-1,
2956,
-2,
31,
-2,
17,
-1,
2957,
-2,
31,
-2,
17,
-1,
2958,
-2,
31,
-2,
17,
-1,
2959,
-2,
31,
-2,
17,
-1,
2960,
-2,
31,
-2,
17,
-1,
2961,
-2,
31,
-2,
17,
-1,
2962,
-2,
31,
-2,
17,
-2,
17,
-1,
2963,
-2,
31,
-2,
17,
-1,
2964,
-2,
31,
-2,
17,
-1,
2965,
-2,
31,
-2,
17,
-1,
2966,
-2,
31,
-2,
17,
-1,
2967,
-2,
31,
-2,
17,
-1,
2968,
-2,
31,
-2,
17,
-1,
2969,
-2,
31,
-2,
17,
-1,
2970,
-2,
31,
-2,
17,
-1,
2971,
-2,
17,
-2,
17,
-1,
2972,
-2,
17,
-2,
31,
-1,
2973,
-2,
30,
-2,
31,
-1,
2974,
-2,
30,
-2,
31,
-1,
2975,
-2,
30,
-2,
31,
-1,
2976,
-2,
30,
-2,
31,
-1,
2977,
-2,
30,
-2,
31,
-1,
2978,
-2,
30,
-2,
31,
-1,
2979,
-2,
30,
-2,
17,
-1,
2980,
-2,
30,
-2,
17,
-1,
2981,
-2,
30,
-2,
17,
-1,
2982,
-2,
17,
-2,
17,
-1,
2983,
-2,
17,
-2,
30,
-2,
31,
-1,
2984,
-2,
17,
-2,
31,
-1,
2985,
-2,
17,
-2,
31,
-1,
2986,
-2,
17,
-2,
31,
-1,
2987,
-2,
32,
-2,
31,
-1,
2988,
-2,
32,
-2,
31,
-1,
2989,
-2,
32,
-2,
31,
-1,
2990,
-2,
32,
-2,
31,
-1,
2991,
-2,
32,
-2,
17,
-1,
2992,
-2,
32,
-2,
17,
-1,
2993,
-2,
32,
-2,
17,
-1,
2994,
-2,
32,
-2,
17,
-1,
2995,
-2,
32,
-2,
17,
-1,
2996,
-2,
31,
-2,
17,
-1,
2997,
-2,
31,
-2,
17,
-1,
2998,
-2,
31,
-2,
31,
-1,
2999,
-2,
31,
-2,
31,
-1,
3000,
-2,
31,
-2,
31,
