-1,
3001,
-2,
31,
-1,
3002,
-2,
31,
-1,
3003,
-2,
31,
-2,
17,
-1,
3004,
-2,
31,
-2,
17,
-1,
3005,
-2,
17,
-2,
17,
-1,
3006,
-2,
17,
-2,
17,
-1,
3007,
-2,
17,
-2,
17,
-1,
3008,
-2,
17,
-2,
17,
-1,
3009,
-2,
17,
-2,
17,
-1,
3010,
-2,
17,
-2,
17,
-1,
3011,
-2,
17,
-2,
17,
-1,
3012,
-2,
17,
-2,
17,
-1,
3013,
-2,
17,
-1,
3014,
-2,
17,
-1,
3015,
-2,
32,
-2,
17,
-1,
3016,
-2,
32,
-1,
3017,
-2,
32,
-1,
3018,
-2,
32,
-1,
3019,
-2,
32,
-1,
3020,
-2,
32,
-1,
3021,
-2,
32,
-1,
3022,
-2,
32,
-2,
17,
-1,
3023,
-2,
32,
-2,
17,
-1,
3024,
-2,
32,
-2,
17,
-1,
3025,
-2,
32,
-1,
3026,
-2,
32,
-2,
31,
-1,
3027,
-2,
32,
-2,
31,
-1,
3028,
-2,
32,
-2,
31,
-1,
3029,
-2,
32,
-2,
31,
-1,
3030,
-2,
32,
-2,
31,
-1,
3031,
-2,
31,
-2,
31,
-1,
3032,
-2,
31,
-2,
31,
-1,
3033,
-2,
31,
-1,
3034,
-2,
31,
-1,
3035,
-2,
31,
-1,
3036,
-2,
31,
-2,
17,
-1,
3037,
-2,
31,
-2,
31,
-1,
3038,
-2,
31,
-2,
31,
-1,
3039,
-2,
31,
-2,
31,
-1,
3040,
-2,
31,
-2,
31,
-1,
3041,
-2,
31,
-2,
31,
-1,
3042,
-2,
31,
-2,
31,
-1,
3043,
-2,
31,
-2,
31,
-1,
3044,
-2,
31,
-2,
31,
-1,
3045,
-2,
17,
-2,
31,
-1,
3046,
-2,
17,
-2,
31,
-1,
3047,
-2,
57,
-2,
17,
-1,
3048,
-2,
17,
-2,
31,
-1,
3049,
-2,
17,
-2,
31,
-1,
3050,
-2,
17,
-2,
31,
-1,
3051,
-2,
17,
-2,
31,
-1,
3052,
-2,
17,
-2,
31,
-1,
3053,
-2,
17,
-2,
31,
-1,
3054,
-2,
17,
-2,
31,
-1,
3055,
-2,
17,
-2,
31,
-1,
3056,
-2,
17,
-2,
31,
-1,
3057,
-2,
17,
-2,
31,
-1,
3058,
-2,
17,
-2,
31,
-1,
3059,
-2,
17,
-2,
31,
-1,
3060,
-2,
17,
-2,
31,
-1,
3061,
-2,
17,
-2,
31,
-1,
3062,
-2,
17,
-2,
31,
-1,
3063,
-2,
17,
-2,
31,
-1,
3064,
-2,
17,
-2,
31,
-1,
3065,
-2,
17,
-2,
31,
-1,
3066,
-2,
17,
-2,
31,
-1,
3067,
-2,
17,
-2,
31,
-1,
3068,
-2,
17,
-2,
31,
-1,
3069,
-2,
17,
-2,
31,
-1,
3070,
-2,
17,
-2,
31,
-1,
3071,
-2,
17,
-2,
31,
-1,
3072,
-2,
17,
-2,
31,
-1,
3073,
-2,
17,
-2,
31,
-1,
3074,
-2,
17,
-2,
17,
-1,
3075,
-2,
17,
-2,
17,
-1,
3076,
-2,
17,
-2,
17,
-1,
3077,
-2,
17,
-2,
17,
-1,
3078,
-2,
17,
-2,
17,
-1,
3079,
-2,
17,
-2,
17,
-1,
3080,
-2,
17,
-2,
31,
-1,
3081,
-2,
17,
-2,
31,
-1,
3082,
-2,
17,
-2,
31,
-1,
3083,
-2,
17,
-2,
31,
-1,
3084,
-2,
17,
-2,
31,
-1,
3085,
-2,
17,
-2,
31,
-1,
3086,
-2,
17,
-2,
31,
-1,
3087,
-2,
17,
-2,
31,
-1,
3088,
-2,
17,
-2,
17,
-1,
3089,
-2,
17,
-2,
31,
-1,
3090,
-2,
17,
-2,
31,
-1,
3091,
-2,
17,
-2,
31,
-1,
3092,
-2,
17,
-2,
31,
-1,
3093,
-2,
17,
-2,
31,
-1,
3094,
-2,
17,
-2,
31,
-1,
3095,
-2,
17,
-2,
31,
-1,
3096,
-2,
17,
-2,
31,
-1,
3097,
-2,
17,
-2,
31,
-1,
3098,
-2,
17,
-2,
31,
-1,
3099,
-2,
17,
-2,
31,
-1,
3100,
-2,
17,
-2,
31,
-1,
3101,
-2,
17,
-2,
31,
-1,
3102,
-2,
17,
-2,
31,
-1,
3103,
-2,
17,
-2,
31,
-1,
3104,
-2,
17,
-2,
31,
-1,
3105,
-2,
17,
-2,
31,
-1,
3106,
-2,
17,
-2,
31,
-1,
3107,
-2,
17,
-2,
31,
-1,
3108,
-2,
17,
-2,
31,
-1,
3109,
-2,
17,
-2,
31,
-1,
3110,
-2,
17,
-2,
31,
-1,
3111,
-2,
17,
-2,
31,
-1,
3112,
-2,
17,
-2,
31,
-1,
3113,
-2,
31,
-2,
31,
-1,
3114,
-2,
31,
-2,
31,
-1,
3115,
-2,
32,
-2,
31,
-1,
3116,
-2,
32,
-2,
17,
-1,
3117,
-2,
32,
-2,
17,
-1,
3118,
-2,
32,
-2,
17,
-1,
3119,
-2,
32,
-2,
17,
-1,
3120,
-2,
32,
-2,
17,
