-1,
3121,
-2,
32,
-1,
3122,
-2,
32,
-1,
3123,
-2,
32,
-2,
17,
-1,
3124,
-2,
32,
-2,
17,
-1,
3125,
-2,
32,
-2,
17,
-1,
3126,
-2,
32,
-2,
17,
-1,
3127,
-2,
32,
-2,
31,
-1,
3128,
-2,
32,
-2,
31,
-1,
3129,
-2,
31,
-2,
17,
-1,
3130,
-2,
31,
-2,
17,
-1,
3131,
-2,
31,
-2,
17,
-1,
3132,
-2,
31,
-2,
17,
-1,
3133,
-2,
31,
-1,
3134,
-2,
31,
-1,
3135,
-2,
31,
-2,
17,
-1,
3136,
-2,
31,
-1,
3137,
-2,
31,
-1,
3138,
-2,
31,
-1,
3139,
-2,
31,
-1,
3140,
-2,
31,
-1,
3141,
-2,
31,
-1,
3142,
-2,
31,
-2,
17,
-1,
3143,
-2,
31,
-2,
17,
-1,
3144,
-2,
31,
-2,
17,
-1,
3145,
-2,
31,
-1,
3146,
-2,
31,
-2,
31,
-1,
3147,
-2,
31,
-2,
31,
-1,
3148,
-2,
31,
-2,
31,
-1,
3149,
-2,
31,
-2,
31,
-1,
3150,
-2,
31,
-2,
31,
-1,
3151,
-2,
31,
-2,
31,
-1,
3152,
-2,
30,
-2,
31,
-1,
3153,
-2,
30,
-2,
31,
-1,
3154,
-2,
30,
-2,
31,
-1,
3155,
-2,
30,
-2,
31,
-1,
3156,
-2,
30,
-2,
31,
-1,
3157,
-2,
30,
-2,
31,
-1,
3158,
-2,
30,
-2,
31,
-1,
3159,
-2,
30,
-2,
31,
-1,
3160,
-2,
30,
-2,
31,
-1,
3161,
-2,
30,
-2,
31,
-1,
3162,
-2,
30,
-2,
31,
-1,
3163,
-2,
30,
-2,
31,
-1,
3164,
-2,
30,
-2,
31,
-1,
3165,
-2,
30,
-2,
31,
-1,
3166,
-2,
30,
-2,
31,
-1,
3167,
-2,
30,
-2,
31,
-1,
3168,
-2,
30,
-2,
31,
-1,
3169,
-2,
30,
-2,
31,
-1,
3170,
-2,
30,
-2,
31,
-1,
3171,
-2,
30,
-2,
31,
-1,
3172,
-2,
30,
-2,
31,
-1,
3173,
-2,
30,
-2,
31,
-1,
3174,
-2,
30,
-2,
31,
-1,
3175,
-2,
30,
-2,
31,
-1,
3176,
-2,
30,
-2,
31,
-1,
3177,
-2,
30,
-2,
31,
-1,
3178,
-2,
30,
-2,
31,
-1,
3179,
-2,
31,
-2,
31,
-1,
3180,
-2,
31,
-2,
31,
-1,
3181,
-2,
31,
-2,
31,
-1,
3182,
-2,
31,
-2,
31,
-1,
3183,
-2,
31,
-2,
31,
-1,
3184,
-2,
31,
-2,
31,
-1,
3185,
-2,
31,
-2,
31,
-1,
3186,
-2,
31,
-2,
31,
-1,
3187,
-2,
31,
-2,
31,
-1,
3188,
-2,
31,
-2,
31,
-1,
3189,
-2,
31,
-2,
31,
-1,
3190,
-2,
31,
-2,
31,
-1,
3191,
-2,
31,
-2,
31,
-1,
3192,
-2,
31,
-2,
31,
-1,
3193,
-2,
31,
-2,
31,
-1,
3194,
-2,
31,
-2,
17,
-1,
3195,
-2,
31,
-2,
17,
-1,
3196,
-2,
31,
-2,
17,
-1,
3197,
-2,
31,
-2,
17,
-1,
3198,
-2,
31,
-2,
17,
-1,
3199,
-2,
31,
-2,
17,
-1,
3200,
-2,
31,
-2,
31,
-1,
3201,
-2,
31,
-2,
31,
-1,
3202,
-2,
31,
-2,
31,
-1,
3203,
-2,
31,
-2,
31,
-1,
3204,
-2,
31,
-2,
31,
-1,
3205,
-2,
31,
-2,
31,
-1,
3206,
-2,
31,
-2,
31,
-1,
3207,
-2,
31,
-2,
31,
-1,
3208,
-2,
31,
-2,
17,
-1,
3209,
-2,
31,
-2,
31,
-1,
3210,
-2,
31,
-2,
31,
-1,
3211,
-2,
17,
-2,
31,
-1,
3212,
-2,
17,
-2,
31,
-1,
3213,
-2,
17,
-2,
31,
-1,
3214,
-2,
17,
-2,
31,
-1,
3215,
-2,
17,
-2,
31,
-1,
3216,
-2,
17,
-2,
31,
-1,
3217,
-2,
17,
-2,
31,
-1,
3218,
-2,
17,
-2,
31,
-1,
3219,
-2,
17,
-2,
31,
-1,
3220,
-2,
17,
-2,
31,
-1,
3221,
-2,
17,
-2,
31,
-1,
3222,
-2,
17,
-2,
31,
-1,
3223,
-2,
17,
-2,
31,
-1,
3224,
-2,
17,
-2,
31,
-1,
3225,
-2,
17,
-2,
31,
-1,
3226,
-2,
17,
-2,
31,
-1,
3227,
-2,
17,
-2,
31,
-1,
3228,
-2,
17,
-2,
31,
-1,
3229,
-2,
17,
-2,
31,
-1,
3230,
-2,
17,
-2,
31,
-1,
3231,
-2,
17,
-2,
31,
-1,
3232,
-2,
17,
-2,
31,
-1,
3233,
-2,
31,
-2,
31,
-1,
3234,
-2,
31,
-2,
31,
-1,
3235,
-2,
32,
-2,
31,
-1,
3236,
-2,
32,
-2,
17,
-1,
3237,
-2,
32,
-2,
17,
-1,
3238,
-2,
32,
-2,
17,
-1,
3239,
-2,
32,
-2,
17,
-1,
3240,
-2,
32,
-2,
17,
