-1,
3241,
-2,
32,
-1,
3242,
-2,
32,
-1,
3243,
-2,
32,
-2,
17,
-1,
3244,
-2,
32,
-2,
17,
-1,
3245,
-2,
32,
-2,
17,
-1,
3246,
-2,
32,
-2,
17,
-1,
3247,
-2,
32,
-2,
31,
-1,
3248,
-2,
32,
-2,
31,
-1,
3249,
-2,
31,
-2,
17,
-1,
3250,
-2,
31,
-2,
17,
-1,
3251,
-2,
31,
-2,
17,
-1,
3252,
-2,
31,
-2,
17,
-1,
3253,
-2,
31,
-1,
3254,
-2,
31,
-1,
3255,
-2,
31,
-2,
17,
-1,
3256,
-2,
31,
-1,
3257,
-2,
31,
-1,
3258,
-2,
31,
-1,
3259,
-2,
32,
-1,
3260,
-2,
32,
-1,
3261,
-2,
32,
-1,
3262,
-2,
32,
-2,
17,
-1,
3263,
-2,
32,
-2,
17,
-1,
3264,
-2,
31,
-2,
17,
-1,
3265,
-2,
31,
-1,
3266,
-2,
31,
-2,
31,
-1,
3267,
-2,
31,
-2,
31,
-1,
3268,
-2,
31,
-2,
31,
-1,
3269,
-2,
31,
-2,
31,
-1,
3270,
-2,
31,
-2,
31,
-1,
3271,
-2,
31,
-2,
31,
-1,
3272,
-2,
30,
-2,
31,
-1,
3273,
-2,
30,
-2,
31,
-1,
3274,
-2,
30,
-2,
31,
-1,
3275,
-2,
30,
-2,
31,
-1,
3276,
-2,
30,
-2,
31,
-1,
3277,
-2,
30,
-2,
31,
-1,
3278,
-2,
30,
-2,
31,
-1,
3279,
-2,
30,
-2,
31,
-1,
3280,
-2,
30,
-2,
31,
-1,
3281,
-2,
30,
-2,
31,
-1,
3282,
-2,
30,
-2,
31,
-1,
3283,
-2,
30,
-2,
31,
-1,
3284,
-2,
30,
-2,
31,
-1,
3285,
-2,
30,
-2,
31,
-1,
3286,
-2,
30,
-2,
31,
-1,
3287,
-2,
30,
-2,
31,
-1,
3288,
-2,
30,
-2,
31,
-1,
3289,
-2,
30,
-2,
31,
-1,
3290,
-2,
30,
-2,
31,
-1,
3291,
-2,
30,
-2,
31,
-1,
3292,
-2,
30,
-2,
31,
-1,
3293,
-2,
30,
-2,
31,
-1,
3294,
-2,
30,
-2,
31,
-1,
3295,
-2,
30,
-2,
31,
-1,
3296,
-2,
30,
-2,
31,
-1,
3297,
-2,
30,
-2,
31,
-1,
3298,
-2,
30,
-2,
31,
-1,
3299,
-2,
31,
-2,
31,
-1,
3300,
-2,
31,
-2,
31,
-1,
3301,
-2,
31,
-2,
31,
-1,
3302,
-2,
31,
-2,
31,
-1,
3303,
-2,
31,
-2,
31,
-1,
3304,
-2,
31,
-2,
31,
-1,
3305,
-2,
31,
-2,
31,
-1,
3306,
-2,
31,
-2,
31,
-1,
3307,
-2,
31,
-2,
31,
-1,
3308,
-2,
31,
-2,
31,
-1,
3309,
-2,
31,
-2,
31,
-1,
3310,
-2,
31,
-2,
31,
-1,
3311,
-2,
31,
-2,
31,
-1,
3312,
-2,
31,
-2,
31,
-1,
3313,
-2,
31,
-2,
31,
-1,
3314,
-2,
31,
-2,
17,
-1,
3315,
-2,
31,
-2,
17,
-1,
3316,
-2,
31,
-2,
17,
-1,
3317,
-2,
31,
-2,
17,
-1,
3318,
-2,
30,
-2,
17,
-1,
3319,
-2,
30,
-2,
17,
-1,
3320,
-2,
31,
-2,
31,
-1,
3321,
-2,
31,
-2,
31,
-1,
3322,
-2,
31,
-2,
31,
-1,
3323,
-2,
31,
-2,
31,
-1,
3324,
-2,
31,
-2,
31,
-1,
3325,
-2,
31,
-2,
31,
-1,
3326,
-2,
57,
-2,
31,
-1,
3327,
-2,
31,
-2,
31,
-1,
3328,
-2,
31,
-2,
17,
-1,
3329,
-2,
31,
-2,
31,
-1,
3330,
-2,
31,
-2,
31,
-1,
3331,
-2,
17,
-2,
31,
-1,
3332,
-2,
17,
-2,
31,
-1,
3333,
-2,
17,
-2,
31,
-1,
3334,
-2,
17,
-2,
31,
-1,
3335,
-2,
17,
-2,
31,
-1,
3336,
-2,
17,
-2,
31,
-1,
3337,
-2,
17,
-2,
31,
-1,
3338,
-2,
17,
-2,
31,
-1,
3339,
-2,
17,
-2,
31,
-1,
3340,
-2,
17,
-2,
31,
-1,
3341,
-2,
17,
-2,
31,
-1,
3342,
-2,
17,
-2,
31,
-1,
3343,
-2,
17,
-2,
31,
-1,
3344,
-2,
17,
-2,
31,
-1,
3345,
-2,
17,
-2,
31,
-1,
3346,
-2,
17,
-2,
31,
-1,
3347,
-2,
17,
-2,
31,
-1,
3348,
-2,
17,
-2,
31,
-1,
3349,
-2,
17,
-2,
31,
-1,
3350,
-2,
17,
-2,
31,
-1,
3351,
-2,
17,
-2,
31,
-1,
3352,
-2,
17,
-2,
31,
-1,
3353,
-2,
17,
-2,
31,
-1,
3354,
-2,
17,
-2,
31,
-1,
3355,
-2,
17,
-2,
31,
-1,
3356,
-2,
17,
-2,
17,
-1,
3357,
-2,
17,
-2,
17,
-1,
3358,
-2,
17,
-2,
17,
-1,
3359,
-2,
17,
-2,
17,
-1,
3360,
-2,
17,
-2,
17,
