-1,
3361,
-2,
17,
-1,
3362,
-2,
17,
-1,
3363,
-2,
17,
-2,
17,
-1,
3364,
-2,
17,
-2,
17,
-1,
3365,
-2,
17,
-2,
17,
-1,
3366,
-2,
17,
-2,
17,
-1,
3367,
-2,
17,
-2,
31,
-1,
3368,
-2,
17,
-2,
31,
-1,
3369,
-2,
17,
-2,
17,
-1,
3370,
-2,
17,
-2,
17,
-1,
3371,
-2,
17,
-2,
17,
-1,
3372,
-2,
17,
-2,
17,
-1,
3373,
-2,
17,
-1,
3374,
-2,
17,
-1,
3375,
-2,
17,
-2,
17,
-1,
3376,
-2,
17,
-1,
3377,
-2,
17,
-1,
3378,
-2,
17,
-1,
3379,
-2,
17,
-1,
3380,
-2,
17,
-1,
3381,
-2,
17,
-1,
3382,
-2,
17,
-2,
17,
-1,
3383,
-2,
17,
-2,
17,
-1,
3384,
-2,
17,
-2,
17,
-1,
3385,
-2,
17,
-1,
3386,
-2,
17,
-2,
31,
-1,
3387,
-2,
17,
-2,
31,
-1,
3388,
-2,
17,
-2,
31,
-1,
3389,
-2,
17,
-2,
31,
-1,
3390,
-2,
17,
-2,
31,
-1,
3391,
-2,
17,
-2,
31,
-1,
3392,
-2,
17,
-2,
31,
-1,
3393,
-2,
17,
-2,
31,
-1,
3394,
-2,
17,
-2,
31,
-1,
3395,
-2,
17,
-2,
31,
-1,
3396,
-2,
17,
-2,
31,
-1,
3397,
-2,
17,
-2,
31,
-1,
3398,
-2,
17,
-2,
31,
-1,
3399,
-2,
17,
-2,
31,
-1,
3400,
-2,
17,
-2,
31,
-1,
3401,
-2,
17,
-2,
31,
-1,
3402,
-2,
17,
-2,
31,
-1,
3403,
-2,
17,
-2,
31,
-1,
3404,
-2,
17,
-2,
31,
-1,
3405,
-2,
17,
-2,
31,
-1,
3406,
-2,
30,
-2,
31,
-1,
3407,
-2,
30,
-2,
31,
-1,
3408,
-2,
30,
-2,
31,
-1,
3409,
-2,
30,
-2,
31,
-1,
3410,
-2,
30,
-2,
31,
-1,
3411,
-2,
30,
-2,
31,
-1,
3412,
-2,
30,
-2,
31,
-1,
3413,
-2,
30,
-2,
31,
-1,
3414,
-2,
30,
-2,
31,
-1,
3415,
-2,
30,
-2,
31,
-1,
3416,
-2,
30,
-2,
31,
-1,
3417,
-2,
30,
-2,
31,
-1,
3418,
-2,
30,
-2,
31,
-1,
3419,
-2,
31,
-2,
31,
-1,
3420,
-2,
31,
-2,
31,
-1,
3421,
-2,
31,
-2,
31,
-1,
3422,
-2,
31,
-2,
31,
-1,
3423,
-2,
31,
-2,
31,
-1,
3424,
-2,
31,
-2,
31,
-1,
3425,
-2,
31,
-2,
31,
-1,
3426,
-2,
31,
-2,
31,
-1,
3427,
-2,
31,
-2,
31,
-1,
3428,
-2,
31,
-2,
31,
-1,
3429,
-2,
31,
-2,
31,
-1,
3430,
-2,
31,
-2,
31,
-1,
3431,
-2,
31,
-2,
31,
-1,
3432,
-2,
31,
-2,
31,
-1,
3433,
-2,
31,
-2,
31,
-1,
3434,
-2,
31,
-2,
17,
-1,
3435,
-2,
31,
-2,
17,
-1,
3436,
-2,
31,
-2,
17,
-1,
3437,
-2,
31,
-2,
17,
-1,
3438,
-2,
30,
-2,
17,
-1,
3439,
-2,
30,
-2,
17,
-1,
3440,
-2,
31,
-2,
31,
-1,
3441,
-2,
31,
-2,
31,
-1,
3442,
-2,
31,
-2,
31,
-1,
3443,
-2,
31,
-2,
31,
-1,
3444,
-2,
31,
-2,
31,
-1,
3445,
-2,
31,
-2,
31,
-1,
3446,
-2,
31,
-2,
31,
-1,
3447,
-2,
31,
-2,
31,
-1,
3448,
-2,
31,
-2,
17,
-1,
3449,
-2,
31,
-2,
31,
-1,
3450,
-2,
31,
-2,
31,
-1,
3451,
-2,
31,
-2,
31,
-1,
3452,
-2,
31,
-2,
31,
-1,
3453,
-2,
31,
-2,
31,
-1,
3454,
-2,
31,
-2,
31,
-1,
3455,
-2,
31,
-2,
31,
-1,
3456,
-2,
31,
-2,
31,
-1,
3457,
-2,
31,
-2,
31,
-1,
3458,
-2,
31,
-2,
31,
-1,
3459,
-2,
31,
-2,
31,
-1,
3460,
-2,
31,
-2,
31,
-1,
3461,
-2,
31,
-2,
31,
-1,
3462,
-2,
31,
-2,
31,
-1,
3463,
-2,
31,
-2,
31,
-1,
3464,
-2,
31,
-2,
31,
-1,
3465,
-2,
31,
-2,
31,
-1,
3466,
-2,
31,
-2,
31,
-1,
3467,
-2,
31,
-2,
31,
-1,
3468,
-2,
31,
-2,
31,
-1,
3469,
-2,
31,
-2,
31,
-1,
3470,
-2,
31,
-2,
31,
-1,
3471,
-2,
31,
-2,
31,
-1,
3472,
-2,
31,
-2,
31,
-1,
3473,
-2,
31,
-2,
31,
-1,
3474,
-2,
31,
-2,
31,
-1,
3475,
-2,
31,
-2,
31,
-1,
3476,
-2,
31,
-2,
17,
-1,
3477,
-2,
31,
-2,
17,
-1,
3478,
-2,
31,
-2,
17,
-1,
3479,
-2,
31,
-2,
17,
-1,
3480,
-2,
31,
-2,
17,
