-1,
3481,
-2,
31,
-1,
3482,
-2,
31,
-1,
3483,
-2,
31,
-2,
17,
-1,
3484,
-2,
31,
-2,
17,
-1,
3485,
-2,
31,
-2,
17,
-1,
3486,
-2,
31,
-2,
17,
-1,
3487,
-2,
31,
-2,
31,
-1,
3488,
-2,
31,
-2,
31,
-1,
3489,
-2,
31,
-2,
17,
-1,
3490,
-2,
31,
-2,
17,
-1,
3491,
-2,
31,
-2,
17,
-1,
3492,
-2,
31,
-2,
17,
-1,
3493,
-2,
31,
-1,
3494,
-2,
31,
-1,
3495,
-2,
31,
-2,
17,
-1,
3496,
-2,
31,
-1,
3497,
-2,
31,
-1,
3498,
-2,
31,
-1,
3499,
-2,
31,
-1,
3500,
-2,
32,
-2,
31,
-1,
3501,
-2,
32,
-2,
31,
-1,
3502,
-2,
32,
-2,
31,
-1,
3503,
-2,
32,
-2,
31,
-1,
3504,
-2,
32,
-2,
31,
-1,
3505,
-2,
32,
-2,
31,
-1,
3506,
-2,
32,
-2,
31,
-1,
3507,
-2,
32,
-2,
31,
-1,
3508,
-2,
32,
-2,
31,
-1,
3509,
-2,
32,
-2,
31,
-1,
3510,
-2,
32,
-2,
31,
-1,
3511,
-2,
32,
-2,
31,
-1,
3512,
-2,
32,
-2,
31,
-1,
3513,
-2,
32,
-2,
31,
-1,
3514,
-2,
32,
-2,
31,
-1,
3515,
-2,
32,
-2,
31,
-1,
3516,
-2,
32,
-2,
31,
-1,
3517,
-2,
32,
-2,
31,
-1,
3518,
-2,
32,
-2,
31,
-1,
3519,
-2,
32,
-2,
31,
-1,
3520,
-2,
32,
-2,
31,
-1,
3521,
-2,
32,
-2,
31,
-1,
3522,
-2,
32,
-2,
31,
-1,
3523,
-2,
32,
-2,
31,
-1,
3524,
-2,
32,
-2,
31,
-1,
3525,
-2,
17,
-2,
31,
-1,
3526,
-2,
30,
-2,
31,
-1,
3527,
-2,
30,
-2,
31,
-1,
3528,
-2,
30,
-2,
31,
-1,
3529,
-2,
30,
-2,
31,
-1,
3530,
-2,
30,
-2,
31,
-1,
3531,
-2,
30,
-2,
31,
-1,
3532,
-2,
30,
-2,
31,
-1,
3533,
-2,
30,
-2,
31,
-1,
3534,
-2,
30,
-2,
31,
-1,
3535,
-2,
30,
-2,
31,
-1,
3536,
-2,
30,
-2,
31,
-1,
3537,
-2,
30,
-2,
31,
-1,
3538,
-2,
30,
-2,
31,
-1,
3539,
-2,
30,
-2,
31,
-1,
3540,
-2,
30,
-2,
31,
-1,
3541,
-2,
30,
-2,
31,
-1,
3542,
-2,
30,
-2,
31,
-1,
3543,
-2,
30,
-2,
31,
-1,
3544,
-2,
30,
-2,
31,
-1,
3545,
-2,
30,
-2,
31,
-1,
3546,
-2,
31,
-2,
31,
-1,
3547,
-2,
31,
-2,
31,
-1,
3548,
-2,
31,
-2,
31,
-1,
3549,
-2,
31,
-2,
31,
-1,
3550,
-2,
31,
-2,
31,
-1,
3551,
-2,
31,
-2,
31,
-1,
3552,
-2,
31,
-2,
31,
-1,
3553,
-2,
31,
-2,
31,
-1,
3554,
-2,
31,
-2,
17,
-1,
3555,
-2,
31,
-2,
17,
-1,
3556,
-2,
31,
-2,
17,
-1,
3557,
-2,
31,
-2,
17,
-1,
3558,
-2,
30,
-2,
17,
-1,
3559,
-2,
30,
-2,
17,
-1,
3560,
-2,
31,
-2,
31,
-1,
3561,
-2,
31,
-2,
31,
-1,
3562,
-2,
31,
-2,
31,
-1,
3563,
-2,
31,
-2,
31,
-1,
3564,
-2,
31,
-2,
31,
-1,
3565,
-2,
31,
-2,
31,
-1,
3566,
-2,
31,
-2,
31,
-1,
3567,
-2,
31,
-2,
31,
-1,
3568,
-2,
31,
-2,
17,
-1,
3569,
-2,
31,
-2,
31,
-1,
3570,
-2,
31,
-2,
31,
-1,
3571,
-2,
47,
-2,
31,
-1,
3572,
-2,
30,
-2,
31,
-1,
3573,
-2,
30,
-2,
31,
-1,
3574,
-2,
30,
-2,
31,
-1,
3575,
-2,
30,
-2,
31,
-1,
3576,
-2,
30,
-2,
31,
-1,
3577,
-2,
30,
-2,
31,
-1,
3578,
-2,
30,
-2,
31,
-1,
3579,
-2,
30,
-2,
31,
-1,
3580,
-2,
30,
-2,
31,
-1,
3581,
-2,
30,
-2,
31,
-1,
3582,
-2,
30,
-2,
31,
-1,
3583,
-2,
30,
-2,
31,
-1,
3584,
-2,
30,
-2,
31,
-1,
3585,
-2,
30,
-2,
31,
-1,
3586,
-2,
30,
-2,
31,
-1,
3587,
-2,
30,
-2,
31,
-1,
3588,
-2,
30,
-2,
31,
-1,
3589,
-2,
30,
-2,
31,
-1,
3590,
-2,
30,
-2,
31,
-1,
3591,
-2,
30,
-2,
31,
-1,
3592,
-2,
30,
-2,
31,
-1,
3593,
-2,
30,
-2,
31,
-1,
3594,
-2,
30,
-2,
31,
-1,
3595,
-2,
30,
-2,
31,
-1,
3596,
-2,
30,
-2,
17,
-1,
3597,
-2,
30,
-2,
17,
-1,
3598,
-2,
30,
-2,
17,
-1,
3599,
-2,
30,
-2,
17,
-1,
3600,
-2,
30,
-2,
17,
