-1,
3601,
-2,
30,
-2,
17,
-1,
3602,
-2,
30,
-2,
17,
-1,
3603,
-2,
30,
-2,
17,
-1,
3604,
-2,
17,
-2,
17,
-1,
3605,
-2,
17,
-2,
17,
-1,
3606,
-2,
17,
-2,
17,
-1,
3607,
-2,
17,
-2,
31,
-1,
3608,
-2,
17,
-2,
31,
-1,
3609,
-2,
17,
-2,
17,
-1,
3610,
-2,
17,
-2,
17,
-1,
3611,
-2,
17,
-2,
17,
-1,
3612,
-2,
17,
-2,
17,
-1,
3613,
-2,
17,
-1,
3614,
-2,
17,
-1,
3615,
-2,
17,
-2,
17,
-1,
3616,
-2,
17,
-1,
3617,
-2,
17,
-1,
3618,
-2,
17,
-1,
3619,
-2,
17,
-1,
3620,
-2,
17,
-2,
31,
-1,
3621,
-2,
17,
-2,
31,
-1,
3622,
-2,
17,
-2,
31,
-1,
3623,
-2,
17,
-2,
31,
-1,
3624,
-2,
17,
-2,
31,
-1,
3625,
-2,
17,
-2,
31,
-1,
3626,
-2,
17,
-2,
31,
-1,
3627,
-2,
17,
-2,
31,
-1,
3628,
-2,
17,
-2,
31,
-1,
3629,
-2,
17,
-2,
31,
-1,
3630,
-2,
17,
-2,
31,
-1,
3631,
-2,
17,
-2,
31,
-1,
3632,
-2,
17,
-2,
31,
-1,
3633,
-2,
17,
-2,
31,
-1,
3634,
-2,
17,
-2,
31,
-1,
3635,
-2,
17,
-2,
31,
-1,
3636,
-2,
17,
-2,
31,
-1,
3637,
-2,
17,
-2,
31,
-1,
3638,
-2,
17,
-2,
31,
-1,
3639,
-2,
17,
-2,
31,
-1,
3640,
-2,
17,
-2,
31,
-1,
3641,
-2,
17,
-2,
31,
-1,
3642,
-2,
17,
-2,
31,
-1,
3643,
-2,
17,
-2,
31,
-1,
3644,
-2,
17,
-2,
31,
-1,
3645,
-2,
17,
-2,
31,
-1,
3646,
-2,
17,
-2,
31,
-1,
3647,
-2,
17,
-2,
31,
-1,
3648,
-2,
17,
-2,
31,
-1,
3649,
-2,
17,
-2,
31,
-1,
3650,
-2,
17,
-2,
31,
-1,
3651,
-2,
17,
-2,
31,
-1,
3652,
-2,
17,
-2,
31,
-1,
3653,
-2,
17,
-2,
31,
-1,
3654,
-2,
17,
-2,
31,
-1,
3655,
-2,
17,
-2,
31,
-1,
3656,
-2,
30,
-2,
31,
-1,
3657,
-2,
30,
-2,
31,
-1,
3658,
-2,
30,
-2,
31,
-1,
3659,
-2,
30,
-2,
31,
-1,
3660,
-2,
30,
-2,
31,
-1,
3661,
-2,
30,
-2,
31,
-1,
3662,
-2,
30,
-2,
31,
-1,
3663,
-2,
30,
-2,
31,
-1,
3664,
-2,
30,
-2,
31,
-1,
3665,
-2,
30,
-2,
31,
-1,
3666,
-2,
31,
-2,
31,
-1,
3667,
-2,
31,
-2,
31,
-1,
3668,
-2,
31,
-2,
31,
-1,
3669,
-2,
31,
-2,
31,
-1,
3670,
-2,
31,
-2,
31,
-1,
3671,
-2,
31,
-2,
31,
-1,
3672,
-2,
31,
-2,
31,
-1,
3673,
-2,
31,
-2,
31,
-1,
3674,
-2,
31,
-2,
17,
-1,
3675,
-2,
31,
-2,
17,
-1,
3676,
-2,
31,
-2,
17,
-1,
3677,
-2,
31,
-2,
17,
-1,
3678,
-2,
32,
-2,
31,
-1,
3679,
-2,
32,
-2,
31,
-1,
3680,
-2,
32,
-2,
31,
-1,
3681,
-2,
32,
-2,
31,
-1,
3682,
-2,
32,
-2,
31,
-1,
3683,
-2,
32,
-2,
31,
-1,
3684,
-2,
32,
-2,
31,
-1,
3685,
-2,
57,
-2,
32,
-1,
3686,
-2,
32,
-2,
31,
-1,
3687,
-2,
32,
-2,
31,
-1,
3688,
-2,
32,
-2,
17,
-1,
3689,
-2,
32,
-2,
31,
-1,
3690,
-2,
32,
-2,
31,
-1,
3691,
-2,
32,
-2,
31,
-1,
3692,
-2,
32,
-2,
17,
-1,
3693,
-2,
32,
-2,
17,
-1,
3694,
-2,
32,
-2,
17,
-1,
3695,
-2,
32,
-2,
17,
-1,
3696,
-2,
32,
-2,
17,
-1,
3697,
-2,
32,
-2,
17,
-1,
3698,
-2,
32,
-2,
17,
-1,
3699,
-2,
32,
-2,
17,
-1,
3700,
-2,
32,
-2,
17,
-1,
3701,
-2,
32,
-2,
17,
-1,
3702,
-2,
32,
-2,
17,
-1,
3703,
-2,
32,
-2,
17,
-1,
3704,
-2,
17,
-2,
31,
-1,
3705,
-2,
17,
-2,
31,
-1,
3706,
-2,
17,
-2,
31,
-1,
3707,
-2,
17,
-2,
31,
-1,
3708,
-2,
17,
-2,
31,
-1,
3709,
-2,
17,
-2,
31,
-1,
3710,
-2,
17,
-2,
31,
-1,
3711,
-2,
17,
-2,
31,
-1,
3712,
-2,
17,
-2,
31,
-1,
3713,
-2,
17,
-2,
31,
-1,
3714,
-2,
17,
-2,
31,
-1,
3715,
-2,
17,
-2,
31,
-1,
3716,
-2,
17,
-2,
17,
-1,
3717,
-2,
17,
-2,
17,
-1,
3718,
-2,
17,
-2,
17,
-1,
3719,
-2,
17,
-2,
17,
-1,
3720,
-2,
17,
-2,
17,
