-1,
3721,
-2,
32,
-2,
17,
-1,
3722,
-2,
32,
-2,
17,
-1,
3723,
-2,
32,
-2,
17,
-1,
3724,
-2,
32,
-2,
17,
-1,
3725,
-2,
32,
-2,
17,
-1,
3726,
-2,
32,
-2,
17,
-1,
3727,
-2,
32,
-2,
31,
-1,
3728,
-2,
32,
-2,
31,
-1,
3729,
-2,
32,
-2,
17,
-1,
3730,
-2,
32,
-2,
17,
-1,
3731,
-2,
32,
-2,
17,
-1,
3732,
-2,
32,
-2,
17,
-1,
3733,
-2,
32,
-1,
3734,
-2,
32,
-1,
3735,
-2,
32,
-2,
17,
-1,
3736,
-2,
32,
-1,
3737,
-2,
32,
-1,
3738,
-2,
32,
-2,
31,
-1,
3739,
-2,
32,
-2,
31,
-1,
3740,
-2,
32,
-2,
31,
-1,
3741,
-2,
32,
-2,
31,
-1,
3742,
-2,
31,
-2,
31,
-1,
3743,
-2,
31,
-2,
31,
-1,
3744,
-2,
31,
-2,
31,
-1,
3745,
-2,
31,
-2,
31,
-1,
3746,
-2,
31,
-2,
31,
-1,
3747,
-2,
31,
-2,
31,
-1,
3748,
-2,
31,
-2,
31,
-1,
3749,
-2,
31,
-2,
31,
-1,
3750,
-2,
31,
-2,
31,
-1,
3751,
-2,
31,
-2,
31,
-1,
3752,
-2,
31,
-2,
31,
-1,
3753,
-2,
31,
-2,
31,
-1,
3754,
-2,
31,
-2,
31,
-1,
3755,
-2,
31,
-2,
31,
-1,
3756,
-2,
31,
-2,
31,
-1,
3757,
-2,
31,
-2,
31,
-1,
3758,
-2,
31,
-2,
31,
-1,
3759,
-2,
31,
-2,
31,
-1,
3760,
-2,
30,
-2,
31,
-1,
3761,
-2,
30,
-2,
31,
-1,
3762,
-2,
30,
-2,
31,
-1,
3763,
-2,
30,
-2,
31,
-1,
3764,
-2,
30,
-2,
31,
-1,
3765,
-2,
30,
-2,
31,
-1,
3766,
-2,
30,
-2,
31,
-1,
3767,
-2,
30,
-2,
31,
-1,
3768,
-2,
31,
-2,
31,
-1,
3769,
-2,
31,
-2,
31,
-1,
3770,
-2,
31,
-2,
31,
-1,
3771,
-2,
31,
-2,
31,
-1,
3772,
-2,
31,
-2,
31,
-1,
3773,
-2,
31,
-2,
31,
-1,
3774,
-2,
31,
-2,
31,
-1,
3775,
-2,
31,
-2,
31,
-1,
3776,
-2,
31,
-2,
31,
-1,
3777,
-2,
31,
-2,
31,
-1,
3778,
-2,
31,
-2,
31,
-1,
3779,
-2,
31,
-2,
31,
-1,
3780,
-2,
31,
-2,
31,
-1,
3781,
-2,
31,
-2,
31,
-1,
3782,
-2,
31,
-2,
31,
-1,
3783,
-2,
31,
-2,
31,
-1,
3784,
-2,
31,
-2,
31,
-1,
3785,
-2,
31,
-2,
31,
-1,
3786,
-2,
31,
-2,
31,
-1,
3787,
-2,
31,
-2,
31,
-1,
3788,
-2,
31,
-2,
31,
-1,
3789,
-2,
31,
-2,
31,
-1,
3790,
-2,
31,
-2,
31,
-1,
3791,
-2,
31,
-2,
31,
-1,
3792,
-2,
31,
-2,
31,
-1,
3793,
-2,
31,
-2,
31,
-1,
3794,
-2,
31,
-2,
17,
-1,
3795,
-2,
31,
-2,
17,
-1,
3796,
-2,
31,
-2,
17,
-1,
3797,
-2,
31,
-2,
17,
-1,
3798,
-2,
31,
-2,
31,
-1,
3799,
-2,
31,
-2,
31,
-1,
3800,
-2,
31,
-2,
31,
-1,
3801,
-2,
31,
-2,
31,
-1,
3802,
-2,
31,
-2,
31,
-1,
3803,
-2,
31,
-2,
31,
-1,
3804,
-2,
31,
-2,
31,
-1,
3805,
-2,
31,
-2,
32,
-1,
3806,
-2,
31,
-2,
31,
-1,
3807,
-2,
31,
-2,
31,
-1,
3808,
-2,
31,
-2,
17,
-1,
3809,
-2,
31,
-2,
31,
-1,
3810,
-2,
31,
-2,
31,
-1,
3811,
-2,
31,
-2,
31,
-1,
3812,
-2,
31,
-2,
17,
-1,
3813,
-2,
31,
-2,
17,
-1,
3814,
-2,
31,
-2,
17,
-1,
3815,
-2,
31,
-2,
17,
-1,
3816,
-2,
31,
-2,
17,
-1,
3817,
-2,
31,
-2,
17,
-1,
3818,
-2,
31,
-2,
17,
-1,
3819,
-2,
31,
-2,
17,
-1,
3820,
-2,
31,
-2,
17,
-1,
3821,
-2,
31,
-2,
17,
-1,
3822,
-2,
31,
-2,
17,
-1,
3823,
-2,
31,
-2,
17,
-1,
3824,
-2,
31,
-2,
31,
-1,
3825,
-2,
31,
-2,
31,
-1,
3826,
-2,
31,
-2,
31,
-1,
3827,
-2,
31,
-2,
31,
-1,
3828,
-2,
31,
-2,
31,
-1,
3829,
-2,
31,
-2,
31,
-1,
3830,
-2,
31,
-2,
31,
-1,
3831,
-2,
31,
-2,
31,
-1,
3832,
-2,
31,
-2,
31,
-1,
3833,
-2,
31,
-2,
31,
-1,
3834,
-2,
31,
-2,
31,
-1,
3835,
-2,
31,
-2,
31,
-1,
3836,
-2,
31,
-2,
17,
-1,
3837,
-2,
31,
-2,
17,
-1,
3838,
-2,
31,
-2,
17,
-1,
3839,
-2,
31,
-2,
17,
-1,
3840,
-2,
31,
-2,
17,
