-1,
3841,
-2,
31,
-2,
17,
-1,
3842,
-2,
31,
-2,
17,
-1,
3843,
-2,
31,
-2,
17,
-1,
3844,
-2,
31,
-2,
17,
-1,
3845,
-2,
31,
-2,
17,
-1,
3846,
-2,
31,
-2,
17,
-1,
3847,
-2,
32,
-2,
31,
-1,
3848,
-2,
32,
-2,
31,
-1,
3849,
-2,
30,
-2,
17,
-1,
3850,
-2,
30,
-2,
17,
-1,
3851,
-2,
30,
-2,
17,
-1,
3852,
-2,
30,
-2,
17,
-1,
3853,
-2,
47,
-2,
30,
-1,
3854,
-2,
30,
-1,
3855,
-2,
30,
-2,
17,
-1,
3856,
-2,
32,
-1,
3857,
-2,
32,
-1,
3858,
-2,
32,
-2,
31,
-1,
3859,
-2,
32,
-2,
31,
-1,
3860,
-2,
32,
-2,
31,
-1,
3861,
-2,
32,
-2,
31,
-1,
3862,
-2,
31,
-2,
31,
-1,
3863,
-2,
31,
-2,
31,
-1,
3864,
-2,
31,
-2,
31,
-1,
3865,
-2,
31,
-2,
31,
-1,
3866,
-2,
31,
-2,
31,
-1,
3867,
-2,
31,
-2,
31,
-1,
3868,
-2,
31,
-2,
31,
-1,
3869,
-2,
31,
-2,
31,
-1,
3870,
-2,
17,
-2,
31,
-1,
3871,
-2,
17,
-2,
31,
-1,
3872,
-2,
17,
-2,
31,
-1,
3873,
-2,
17,
-2,
31,
-1,
3874,
-2,
17,
-2,
31,
-1,
3875,
-2,
17,
-2,
31,
-1,
3876,
-2,
17,
-2,
31,
-1,
3877,
-2,
17,
-2,
31,
-1,
3878,
-2,
17,
-2,
31,
-1,
3879,
-2,
17,
-2,
31,
-1,
3880,
-2,
17,
-2,
31,
-1,
3881,
-2,
17,
-2,
31,
-1,
3882,
-2,
17,
-2,
31,
-1,
3883,
-2,
17,
-2,
31,
-1,
3884,
-2,
17,
-2,
31,
-1,
3885,
-2,
17,
-2,
31,
-1,
3886,
-2,
17,
-2,
31,
-1,
3887,
-2,
17,
-2,
31,
-1,
3888,
-2,
32,
-2,
17,
-1,
3889,
-2,
32,
-2,
17,
-1,
3890,
-2,
32,
-2,
17,
-1,
3891,
-2,
32,
-2,
17,
-1,
3892,
-2,
57,
-2,
32,
-2,
17,
-1,
3893,
-2,
32,
-2,
17,
-1,
3894,
-2,
32,
-2,
17,
-1,
3895,
-2,
32,
-2,
17,
-1,
3896,
-2,
32,
-2,
17,
-1,
3897,
-2,
17,
-2,
31,
-1,
3898,
-2,
17,
-2,
31,
-1,
3899,
-2,
17,
-2,
31,
-1,
3900,
-2,
17,
-2,
31,
-1,
3901,
-2,
17,
-2,
31,
-1,
3902,
-2,
17,
-2,
31,
-1,
3903,
-2,
17,
-2,
31,
-1,
3904,
-2,
17,
-2,
31,
-1,
3905,
-2,
17,
-2,
31,
-1,
3906,
-2,
17,
-2,
31,
-1,
3907,
-2,
17,
-2,
31,
-1,
3908,
-2,
17,
-2,
31,
-1,
3909,
-2,
17,
-2,
31,
-1,
3910,
-2,
17,
-2,
31,
-1,
3911,
-2,
17,
-2,
31,
-1,
3912,
-2,
17,
-2,
31,
-1,
3913,
-2,
17,
-2,
31,
-1,
3914,
-2,
17,
-2,
17,
-1,
3915,
-2,
17,
-2,
17,
-1,
3916,
-2,
17,
-2,
17,
-1,
3917,
-2,
17,
-2,
17,
-1,
3918,
-2,
17,
-2,
31,
-1,
3919,
-2,
17,
-2,
31,
-1,
3920,
-2,
17,
-2,
31,
-1,
3921,
-2,
17,
-2,
31,
-1,
3922,
-2,
17,
-2,
31,
-1,
3923,
-2,
17,
-2,
31,
-1,
3924,
-2,
17,
-2,
31,
-1,
3925,
-2,
32,
-2,
17,
-1,
3926,
-2,
32,
-2,
17,
-1,
3927,
-2,
32,
-2,
31,
-1,
3928,
-2,
32,
-2,
17,
-1,
3929,
-2,
32,
-2,
31,
-1,
3930,
-2,
32,
-2,
31,
-1,
3931,
-2,
31,
-2,
31,
-1,
3932,
-2,
31,
-2,
17,
-1,
3933,
-2,
31,
-2,
17,
-1,
3934,
-2,
31,
-2,
17,
-1,
3935,
-2,
31,
-2,
17,
-1,
3936,
-2,
31,
-2,
17,
-1,
3937,
-2,
31,
-2,
17,
-1,
3938,
-2,
31,
-2,
17,
-1,
3939,
-2,
31,
-2,
17,
-1,
3940,
-2,
31,
-2,
17,
-1,
3941,
-2,
31,
-2,
17,
-1,
3942,
-2,
31,
-2,
17,
-1,
3943,
-2,
31,
-2,
17,
-1,
3944,
-2,
31,
-2,
31,
-1,
3945,
-2,
31,
-2,
31,
-1,
3946,
-2,
31,
-2,
31,
-1,
3947,
-2,
31,
-2,
31,
-1,
3948,
-2,
31,
-2,
31,
-1,
3949,
-2,
31,
-2,
31,
-1,
3950,
-2,
31,
-2,
31,
-1,
3951,
-2,
31,
-2,
31,
-1,
3952,
-2,
31,
-2,
31,
-1,
3953,
-2,
31,
-2,
31,
-1,
3954,
-2,
30,
-2,
31,
-1,
3955,
-2,
30,
-2,
31,
-1,
3956,
-2,
30,
-2,
31,
-1,
3957,
-2,
30,
-2,
31,
-1,
3958,
-2,
30,
-2,
31,
-1,
3959,
-2,
30,
-2,
31,
-1,
3960,
-2,
30,
-2,
31,
