-1,
3961,
-2,
30,
-2,
31,
-1,
3962,
-2,
30,
-2,
31,
-1,
3963,
-2,
30,
-2,
31,
-1,
3964,
-2,
30,
-2,
31,
-1,
3965,
-2,
30,
-2,
31,
-1,
3966,
-2,
31,
-2,
17,
-1,
3967,
-2,
31,
-2,
31,
-1,
3968,
-2,
31,
-2,
31,
-1,
3969,
-2,
31,
-2,
17,
-1,
3970,
-2,
31,
-2,
17,
-1,
3971,
-2,
31,
-2,
17,
-1,
3972,
-2,
31,
-2,
17,
-1,
3973,
-2,
31,
-2,
30,
-1,
3974,
-2,
31,
-1,
3975,
-2,
31,
-2,
17,
-1,
3976,
-2,
31,
-1,
3977,
-2,
31,
-1,
3978,
-2,
31,
-2,
31,
-1,
3979,
-2,
31,
-2,
31,
-1,
3980,
-2,
31,
-2,
31,
-1,
3981,
-2,
47,
-2,
31,
-1,
3982,
-2,
31,
-2,
31,
-1,
3983,
-2,
31,
-2,
31,
-1,
3984,
-2,
31,
-2,
31,
-1,
3985,
-2,
31,
-2,
31,
-1,
3986,
-2,
31,
-2,
31,
-1,
3987,
-2,
31,
-2,
31,
-1,
3988,
-2,
31,
-2,
31,
-1,
3989,
-2,
31,
-2,
31,
-1,
3990,
-2,
31,
-2,
31,
-1,
3991,
-2,
31,
-2,
31,
-1,
3992,
-2,
31,
-2,
31,
-1,
3993,
-2,
31,
-2,
31,
-1,
3994,
-2,
31,
-2,
31,
-1,
3995,
-2,
31,
-2,
31,
-1,
3996,
-2,
31,
-2,
31,
-1,
3997,
-2,
31,
-2,
31,
-1,
3998,
-2,
31,
-2,
31,
-1,
3999,
-2,
31,
-2,
31,
-1,
4000,
-2,
31,
-2,
31,
-1,
4001,
-2,
31,
-2,
31,
-1,
4002,
-2,
31,
-2,
31,
-1,
4003,
-2,
31,
-2,
31,
-1,
4004,
-2,
32,
-2,
31,
-1,
4005,
-2,
32,
-2,
31,
-1,
4006,
-2,
32,
-2,
31,
-1,
4007,
-2,
32,
-2,
31,
-1,
4008,
-2,
32,
-2,
17,
-1,
4009,
-2,
32,
-2,
17,
-1,
4010,
-2,
32,
-2,
17,
-1,
4011,
-2,
32,
-2,
17,
-1,
4012,
-2,
32,
-2,
32,
-2,
17,
-1,
4013,
-2,
32,
-2,
17,
-1,
4014,
-2,
32,
-2,
17,
-1,
4015,
-2,
32,
-2,
17,
-1,
4016,
-2,
32,
-2,
17,
-1,
4017,
-2,
32,
-2,
31,
-1,
4018,
-2,
32,
-2,
31,
-1,
4019,
-2,
32,
-2,
31,
-1,
4020,
-2,
32,
-2,
17,
-1,
4021,
-2,
32,
-2,
17,
-1,
4022,
-2,
17,
-2,
31,
-1,
4023,
-2,
17,
-2,
31,
-1,
4024,
-2,
17,
-2,
31,
-1,
4025,
-2,
17,
-2,
31,
-1,
4026,
-2,
17,
-2,
31,
-1,
4027,
-2,
17,
-2,
31,
-1,
4028,
-2,
17,
-2,
31,
-1,
4029,
-2,
17,
-2,
31,
-1,
4030,
-2,
17,
-2,
31,
-1,
4031,
-2,
30,
-2,
17,
-1,
4032,
-2,
30,
-2,
17,
-1,
4033,
-2,
30,
-2,
17,
-1,
4034,
-2,
30,
-2,
17,
-1,
4035,
-2,
30,
-2,
17,
-1,
4036,
-2,
30,
-2,
17,
-1,
4037,
-2,
30,
-2,
17,
-1,
4038,
-2,
30,
-2,
17,
-1,
4039,
-2,
30,
-2,
17,
-1,
4040,
-2,
30,
-2,
17,
-1,
4041,
-2,
30,
-2,
17,
-1,
4042,
-2,
30,
-2,
17,
-1,
4043,
-2,
30,
-2,
17,
-1,
4044,
-2,
30,
-2,
17,
-1,
4045,
-2,
30,
-2,
17,
-1,
4046,
-2,
30,
-2,
17,
-1,
4047,
-2,
57,
-2,
30,
-2,
17,
-1,
4048,
-2,
30,
-2,
17,
-1,
4049,
-2,
30,
-2,
17,
-1,
4050,
-2,
30,
-2,
17,
-1,
4051,
-2,
30,
-2,
17,
-1,
4052,
-2,
30,
-2,
17,
-1,
4053,
-2,
30,
-2,
17,
-1,
4054,
-2,
30,
-2,
17,
-1,
4055,
-2,
30,
-2,
17,
-1,
4056,
-2,
30,
-2,
17,
-1,
4057,
-2,
30,
-2,
17,
-1,
4058,
-2,
30,
-2,
17,
-1,
4059,
-2,
30,
-2,
17,
-1,
4060,
-2,
30,
-2,
17,
-1,
4061,
-2,
30,
-2,
17,
-1,
4062,
-2,
30,
-2,
17,
-1,
4063,
-2,
30,
-2,
17,
-1,
4064,
-2,
30,
-2,
17,
-1,
4065,
-2,
17,
-2,
31,
-1,
4066,
-2,
17,
-2,
31,
-1,
4067,
-2,
17,
-2,
31,
-1,
4068,
-2,
17,
-2,
31,
-1,
4069,
-2,
32,
-2,
17,
-1,
4070,
-2,
32,
-2,
17,
-1,
4071,
-2,
32,
-2,
17,
-1,
4072,
-2,
32,
-2,
17,
-1,
4073,
-2,
32,
-2,
17,
-1,
4074,
-2,
32,
-2,
17,
-1,
4075,
-2,
32,
-2,
17,
-1,
4076,
-2,
32,
-2,
17,
-1,
4077,
-2,
32,
-2,
17,
-1,
4078,
-2,
32,
-2,
17,
-1,
4079,
-2,
32,
-2,
17,
-1,
4080,
-2,
32,
-2,
17,
