-1,
4081,
-2,
32,
-2,
17,
-1,
4082,
-2,
32,
-2,
17,
-1,
4083,
-2,
32,
-2,
31,
-1,
4084,
-2,
32,
-2,
31,
-1,
4085,
-2,
32,
-2,
31,
-1,
4086,
-2,
32,
-2,
17,
-1,
4087,
-2,
32,
-2,
31,
-1,
4088,
-2,
32,
-2,
31,
-1,
4089,
-2,
31,
-2,
17,
-1,
4090,
-2,
31,
-2,
17,
-1,
4091,
-2,
31,
-2,
17,
-1,
4092,
-2,
31,
-2,
17,
-1,
4093,
-2,
31,
-2,
30,
-1,
4094,
-2,
31,
-1,
4095,
-2,
31,
-2,
17,
-1,
4096,
-2,
31,
-1,
4097,
-2,
31,
-1,
4098,
-2,
31,
-2,
31,
-1,
4099,
-2,
31,
-2,
31,
-1,
4100,
-2,
31,
-2,
31,
-1,
4101,
-2,
31,
-2,
31,
-1,
4102,
-2,
31,
-2,
31,
-1,
4103,
-2,
31,
-2,
31,
-1,
4104,
-2,
30,
-2,
31,
-1,
4105,
-2,
30,
-2,
31,
-1,
4106,
-2,
30,
-2,
31,
-1,
4107,
-2,
30,
-2,
31,
-1,
4108,
-2,
30,
-2,
31,
-1,
4109,
-2,
30,
-2,
31,
-1,
4110,
-2,
30,
-2,
31,
-1,
4111,
-2,
30,
-2,
31,
-1,
4112,
-2,
30,
-2,
31,
-1,
4113,
-2,
30,
-2,
31,
-1,
4114,
-2,
30,
-2,
31,
-1,
4115,
-2,
30,
-2,
31,
-1,
4116,
-2,
31,
-2,
31,
-1,
4117,
-2,
31,
-2,
31,
-1,
4118,
-2,
31,
-2,
31,
-1,
4119,
-2,
31,
-2,
31,
-1,
4120,
-2,
31,
-2,
31,
-1,
4121,
-2,
31,
-2,
31,
-1,
4122,
-2,
31,
-2,
31,
-1,
4123,
-2,
31,
-2,
31,
-1,
4124,
-2,
31,
-2,
31,
-1,
4125,
-2,
31,
-2,
31,
-1,
4126,
-2,
31,
-2,
31,
-1,
4127,
-2,
31,
-2,
31,
-1,
4128,
-2,
31,
-2,
17,
-1,
4129,
-2,
31,
-2,
17,
-1,
4130,
-2,
31,
-2,
17,
-1,
4131,
-2,
30,
-2,
31,
-1,
4132,
-2,
30,
-2,
31,
-2,
17,
-1,
4133,
-2,
30,
-2,
31,
-1,
4134,
-2,
30,
-2,
31,
-1,
4135,
-2,
30,
-2,
31,
-1,
4136,
-2,
31,
-2,
17,
-1,
4137,
-2,
47,
-2,
31,
-1,
4138,
-2,
31,
-2,
31,
-1,
4139,
-2,
31,
-2,
31,
-1,
4140,
-2,
31,
-2,
17,
-1,
4141,
-2,
31,
-2,
17,
-1,
4142,
-2,
31,
-2,
31,
-1,
4143,
-2,
31,
-2,
31,
-1,
4144,
-2,
31,
-2,
31,
-1,
4145,
-2,
31,
-2,
31,
-1,
4146,
-2,
31,
-2,
31,
-1,
4147,
-2,
31,
-2,
31,
-1,
4148,
-2,
31,
-2,
31,
-1,
4149,
-2,
31,
-2,
31,
-1,
4150,
-2,
17,
-2,
31,
-1,
4151,
-2,
30,
-2,
17,
-1,
4152,
-2,
30,
-2,
17,
-1,
4153,
-2,
30,
-2,
17,
-1,
4154,
-2,
32,
-2,
17,
-1,
4155,
-2,
32,
-2,
17,
-1,
4156,
-2,
32,
-2,
17,
-1,
4157,
-2,
32,
-2,
17,
-1,
4158,
-2,
32,
-2,
17,
-1,
4159,
-2,
30,
-2,
17,
-1,
4160,
-2,
30,
-2,
17,
-1,
4161,
-2,
17,
-2,
17,
-1,
4162,
-2,
17,
-2,
17,
-1,
4163,
-2,
17,
-2,
17,
-1,
4164,
-2,
17,
-2,
17,
-1,
4165,
-2,
17,
-2,
17,
-1,
4166,
-2,
17,
-2,
17,
-1,
4167,
-2,
17,
-2,
30,
-2,
17,
-1,
4168,
-2,
17,
-2,
17,
-1,
4169,
-2,
17,
-2,
17,
-1,
4170,
-2,
17,
-2,
17,
-1,
4171,
-2,
17,
-2,
17,
-1,
4172,
-2,
17,
-2,
17,
-1,
4173,
-2,
17,
-2,
17,
-1,
4174,
-2,
17,
-2,
17,
-1,
4175,
-2,
17,
-2,
17,
-1,
4176,
-2,
17,
-2,
17,
-1,
4177,
-2,
30,
-2,
17,
-1,
4178,
-2,
30,
-2,
17,
-1,
4179,
-2,
30,
-2,
17,
-1,
4180,
-2,
30,
-2,
17,
-1,
4181,
-2,
30,
-2,
17,
-1,
4182,
-2,
30,
-2,
17,
-1,
4183,
-2,
30,
-2,
17,
-1,
4184,
-2,
30,
-2,
17,
-1,
4185,
-2,
17,
-2,
31,
-1,
4186,
-2,
17,
-2,
31,
-1,
4187,
-2,
17,
-2,
31,
-1,
4188,
-2,
17,
-2,
31,
-1,
4189,
-2,
17,
-2,
17,
-1,
4190,
-2,
17,
-2,
17,
-1,
4191,
-2,
17,
-2,
17,
-1,
4192,
-2,
17,
-2,
17,
-1,
4193,
-2,
17,
-2,
17,
-1,
4194,
-2,
17,
-2,
17,
-1,
4195,
-2,
17,
-2,
17,
-1,
4196,
-2,
17,
-2,
17,
-1,
4197,
-2,
17,
-2,
17,
-1,
4198,
-2,
17,
-2,
17,
-1,
4199,
-2,
17,
-2,
17,
-1,
4200,
-2,
17,
-2,
17,
