-1,
4201,
-2,
17,
-2,
17,
-1,
4202,
-2,
17,
-2,
17,
-1,
4203,
-2,
17,
-2,
31,
-1,
4204,
-2,
17,
-2,
31,
-1,
4205,
-2,
17,
-2,
31,
-1,
4206,
-2,
17,
-2,
17,
-1,
4207,
-2,
17,
-2,
31,
-1,
4208,
-2,
17,
-2,
31,
-1,
4209,
-2,
17,
-2,
17,
-1,
4210,
-2,
17,
-2,
17,
-1,
4211,
-2,
17,
-2,
17,
-1,
4212,
-2,
17,
-2,
17,
-1,
4213,
-2,
30,
-2,
17,
-1,
4214,
-2,
30,
-2,
17,
-1,
4215,
-2,
30,
-2,
17,
-1,
4216,
-2,
30,
-1,
4217,
-2,
30,
-1,
4218,
-2,
30,
-2,
31,
-1,
4219,
-2,
30,
-2,
31,
-1,
4220,
-2,
30,
-2,
31,
-1,
4221,
-2,
30,
-2,
31,
-1,
4222,
-2,
30,
-2,
31,
-1,
4223,
-2,
30,
-2,
31,
-1,
4224,
-2,
30,
-2,
31,
-1,
4225,
-2,
30,
-2,
31,
-1,
4226,
-2,
30,
-2,
31,
-1,
4227,
-2,
30,
-2,
31,
-1,
4228,
-2,
30,
-2,
31,
-1,
4229,
-2,
30,
-2,
31,
-1,
4230,
-2,
30,
-2,
31,
-1,
4231,
-2,
30,
-2,
31,
-1,
4232,
-2,
30,
-2,
31,
-1,
4233,
-2,
30,
-2,
31,
-1,
4234,
-2,
30,
-2,
31,
-1,
4235,
-2,
30,
-2,
31,
-1,
4236,
-2,
31,
-2,
31,
-1,
4237,
-2,
31,
-2,
31,
-1,
4238,
-2,
31,
-2,
31,
-1,
4239,
-2,
31,
-2,
31,
-1,
4240,
-2,
31,
-2,
31,
-1,
4241,
-2,
31,
-2,
31,
-1,
4242,
-2,
31,
-2,
31,
-1,
4243,
-2,
31,
-2,
31,
-1,
4244,
-2,
31,
-2,
31,
-1,
4245,
-2,
31,
-2,
31,
-1,
4246,
-2,
31,
-2,
31,
-1,
4247,
-2,
31,
-2,
31,
-1,
4248,
-2,
31,
-2,
17,
-1,
4249,
-2,
31,
-2,
17,
-1,
4250,
-2,
31,
-2,
17,
-1,
4251,
-2,
31,
-2,
31,
-1,
4252,
-2,
31,
-2,
31,
-2,
17,
-1,
4253,
-2,
31,
-2,
31,
-1,
4254,
-2,
31,
-2,
31,
-1,
4255,
-2,
31,
-2,
31,
-1,
4256,
-2,
31,
-2,
17,
-1,
4257,
-2,
31,
-2,
31,
-1,
4258,
-2,
31,
-2,
31,
-1,
4259,
-2,
31,
-2,
31,
-1,
4260,
-2,
31,
-2,
17,
-1,
4261,
-2,
31,
-2,
17,
-1,
4262,
-2,
31,
-2,
31,
-1,
4263,
-2,
31,
-2,
31,
-1,
4264,
-2,
31,
-2,
31,
-1,
4265,
-2,
31,
-2,
31,
-1,
4266,
-2,
31,
-2,
31,
-1,
4267,
-2,
31,
-2,
31,
-1,
4268,
-2,
31,
-2,
31,
-1,
4269,
-2,
31,
-2,
31,
-1,
4270,
-2,
31,
-2,
31,
-1,
4271,
-2,
31,
-2,
17,
-1,
4272,
-2,
32,
-2,
31,
-1,
4273,
-2,
32,
-2,
31,
-1,
4274,
-2,
32,
-2,
31,
-1,
4275,
-2,
32,
-2,
31,
-1,
4276,
-2,
32,
-2,
31,
-1,
4277,
-2,
32,
-2,
31,
-1,
4278,
-2,
32,
-2,
31,
-1,
4279,
-2,
32,
-2,
31,
-1,
4280,
-2,
32,
-2,
31,
-1,
4281,
-2,
32,
-2,
17,
-1,
4282,
-2,
32,
-2,
17,
-1,
4283,
-2,
32,
-2,
17,
-1,
4284,
-2,
32,
-2,
17,
-1,
4285,
-2,
32,
-2,
17,
-1,
4286,
-2,
32,
-2,
17,
-1,
4287,
-2,
32,
-2,
30,
-2,
17,
-1,
4288,
-2,
32,
-2,
17,
-1,
4289,
-2,
32,
-2,
17,
-1,
4290,
-2,
32,
-2,
17,
-1,
4291,
-2,
32,
-2,
17,
-1,
4292,
-2,
57,
-2,
32,
-1,
4293,
-2,
32,
-2,
17,
-1,
4294,
-2,
32,
-2,
17,
-1,
4295,
-2,
32,
-2,
17,
-1,
4296,
-2,
32,
-2,
17,
-1,
4297,
-2,
32,
-2,
17,
-1,
4298,
-2,
32,
-2,
17,
-1,
4299,
-2,
32,
-2,
17,
-1,
4300,
-2,
32,
-2,
17,
-1,
4301,
-2,
32,
-2,
17,
-1,
4302,
-2,
32,
-2,
17,
-1,
4303,
-2,
32,
-2,
17,
-1,
4304,
-2,
32,
-2,
17,
-1,
4305,
-2,
32,
-2,
17,
-1,
4306,
-2,
32,
-2,
17,
-1,
4307,
-2,
32,
-2,
17,
-1,
4308,
-2,
32,
-2,
17,
-1,
4309,
-2,
32,
-2,
17,
-1,
4310,
-2,
32,
-2,
17,
-1,
4311,
-2,
32,
-2,
17,
-1,
4312,
-2,
32,
-2,
17,
-1,
4313,
-2,
32,
-2,
17,
-1,
4314,
-2,
32,
-2,
17,
-1,
4315,
-2,
32,
-2,
17,
-1,
4316,
-2,
32,
-2,
17,
-1,
4317,
-2,
32,
-2,
17,
-1,
4318,
-2,
32,
-2,
17,
-1,
4319,
-2,
32,
-2,
17,
-1,
4320,
-2,
32,
-2,
17,
