-1,
4321,
-2,
32,
-2,
17,
-1,
4322,
-2,
32,
-2,
17,
-1,
4323,
-2,
32,
-2,
31,
-1,
4324,
-2,
32,
-2,
31,
-1,
4325,
-2,
32,
-2,
31,
-1,
4326,
-2,
32,
-2,
17,
-1,
4327,
-2,
32,
-2,
31,
-1,
4328,
-2,
32,
-2,
31,
-1,
4329,
-2,
32,
-2,
17,
-1,
4330,
-2,
32,
-2,
17,
-1,
4331,
-2,
32,
-2,
17,
-1,
4332,
-2,
32,
-2,
17,
-1,
4333,
-2,
32,
-2,
31,
-1,
4334,
-2,
32,
-2,
31,
-1,
4335,
-2,
32,
-2,
31,
-1,
4336,
-2,
32,
-2,
31,
-1,
4337,
-2,
32,
-2,
31,
-1,
4338,
-2,
32,
-2,
31,
-1,
4339,
-2,
32,
-2,
31,
-1,
4340,
-2,
32,
-2,
31,
-1,
4341,
-2,
32,
-2,
31,
-1,
4342,
-2,
32,
-2,
31,
-1,
4343,
-2,
32,
-2,
31,
-1,
4344,
-2,
31,
-2,
31,
-1,
4345,
-2,
31,
-2,
31,
-1,
4346,
-2,
31,
-2,
31,
-1,
4347,
-2,
31,
-2,
31,
-1,
4348,
-2,
31,
-2,
31,
-1,
4349,
-2,
31,
-2,
31,
-1,
4350,
-2,
31,
-2,
31,
-1,
4351,
-2,
31,
-2,
31,
-1,
4352,
-2,
31,
-2,
31,
-1,
4353,
-2,
31,
-2,
31,
-1,
4354,
-2,
31,
-2,
31,
-1,
4355,
-2,
31,
-2,
31,
-1,
4356,
-2,
30,
-2,
31,
-1,
4357,
-2,
30,
-2,
31,
-1,
4358,
-2,
30,
-2,
31,
-1,
4359,
-2,
30,
-2,
31,
-1,
4360,
-2,
30,
-2,
31,
-1,
4361,
-2,
30,
-2,
31,
-1,
4362,
-2,
30,
-2,
31,
-1,
4363,
-2,
30,
-2,
31,
-1,
4364,
-2,
30,
-2,
31,
-1,
4365,
-2,
30,
-2,
31,
-1,
4366,
-2,
30,
-2,
31,
-1,
4367,
-2,
30,
-2,
31,
-1,
4368,
-2,
30,
-2,
17,
-1,
4369,
-2,
30,
-2,
17,
-1,
4370,
-2,
30,
-2,
17,
-1,
4371,
-2,
30,
-2,
31,
-1,
4372,
-2,
31,
-2,
31,
-2,
17,
-1,
4373,
-2,
31,
-2,
31,
-1,
4374,
-2,
31,
-2,
31,
-1,
4375,
-2,
31,
-2,
31,
-1,
4376,
-2,
31,
-2,
17,
-1,
4377,
-2,
31,
-2,
31,
-1,
4378,
-2,
31,
-2,
31,
-1,
4379,
-2,
31,
-2,
31,
-1,
4380,
-2,
31,
-2,
17,
-1,
4381,
-2,
31,
-2,
17,
-1,
4382,
-2,
31,
-2,
31,
-1,
4383,
-2,
31,
-2,
31,
-1,
4384,
-2,
31,
-2,
31,
-1,
4385,
-2,
31,
-2,
31,
-1,
4386,
-2,
31,
-2,
31,
-1,
4387,
-2,
31,
-2,
31,
-1,
4388,
-2,
31,
-2,
31,
-1,
4389,
-2,
31,
-2,
31,
-1,
4390,
-2,
31,
-2,
31,
-1,
4391,
-2,
31,
-2,
17,
-1,
4392,
-2,
32,
-2,
31,
-1,
4393,
-2,
32,
-2,
31,
-1,
4394,
-2,
32,
-2,
31,
-1,
4395,
-2,
32,
-2,
31,
-1,
4396,
-2,
32,
-2,
31,
-1,
4397,
-2,
32,
-2,
31,
-1,
4398,
-2,
32,
-2,
31,
-1,
4399,
-2,
32,
-2,
31,
-1,
4400,
-2,
32,
-2,
31,
-1,
4401,
-2,
32,
-2,
17,
-1,
4402,
-2,
32,
-2,
17,
-1,
4403,
-2,
32,
-2,
17,
-1,
4404,
-2,
32,
-2,
17,
-1,
4405,
-2,
32,
-2,
17,
-1,
4406,
-2,
32,
-2,
17,
-1,
4407,
-2,
32,
-2,
30,
-2,
17,
-1,
4408,
-2,
32,
-2,
17,
-1,
4409,
-2,
32,
-2,
17,
-1,
4410,
-2,
32,
-2,
17,
-1,
4411,
-2,
32,
-2,
17,
-1,
4412,
-2,
57,
-2,
32,
-1,
4413,
-2,
32,
-2,
17,
-1,
4414,
-2,
32,
-2,
17,
-1,
4415,
-2,
32,
-2,
17,
-1,
4416,
-2,
32,
-2,
17,
-1,
4417,
-2,
32,
-2,
17,
-1,
4418,
-2,
32,
-2,
17,
-1,
4419,
-2,
32,
-2,
17,
-1,
4420,
-2,
32,
-2,
17,
-1,
4421,
-2,
32,
-2,
17,
-1,
4422,
-2,
32,
-2,
17,
-1,
4423,
-2,
32,
-2,
17,
-1,
4424,
-2,
32,
-2,
17,
-1,
4425,
-2,
32,
-2,
17,
-1,
4426,
-2,
32,
-2,
17,
-1,
4427,
-2,
32,
-2,
17,
-1,
4428,
-2,
32,
-2,
17,
-1,
4429,
-2,
32,
-2,
17,
-1,
4430,
-2,
32,
-2,
17,
-1,
4431,
-2,
32,
-2,
17,
-1,
4432,
-2,
32,
-2,
17,
-1,
4433,
-2,
32,
-2,
17,
-1,
4434,
-2,
32,
-2,
17,
-1,
4435,
-2,
32,
-2,
17,
-1,
4436,
-2,
32,
-2,
17,
-1,
4437,
-2,
32,
-2,
17,
-1,
4438,
-2,
32,
-2,
17,
-1,
4439,
-2,
32,
-2,
17,
-1,
4440,
-2,
32,
-2,
17,
