-1,
4441,
-2,
32,
-2,
17,
-1,
4442,
-2,
32,
-2,
17,
-1,
4443,
-2,
32,
-2,
31,
-1,
4444,
-2,
57,
-2,
31,
-1,
4445,
-2,
32,
-2,
31,
-1,
4446,
-2,
32,
-2,
17,
-1,
4447,
-2,
32,
-2,
31,
-1,
4448,
-2,
32,
-2,
31,
-1,
4449,
-2,
32,
-2,
17,
-1,
4450,
-2,
32,
-2,
17,
-1,
4451,
-2,
32,
-2,
17,
-1,
4452,
-2,
32,
-2,
17,
-1,
4453,
-2,
32,
-2,
31,
-1,
4454,
-2,
32,
-2,
31,
-1,
4455,
-2,
32,
-2,
31,
-1,
4456,
-2,
32,
-2,
31,
-1,
4457,
-2,
32,
-2,
31,
-1,
4458,
-2,
32,
-2,
31,
-1,
4459,
-2,
32,
-2,
31,
-1,
4460,
-2,
32,
-2,
31,
-1,
4461,
-2,
32,
-2,
31,
-1,
4462,
-2,
32,
-2,
31,
-1,
4463,
-2,
32,
-2,
31,
-1,
4464,
-2,
31,
-2,
31,
-1,
4465,
-2,
31,
-2,
31,
-1,
4466,
-2,
31,
-2,
31,
-1,
4467,
-2,
31,
-2,
31,
-1,
4468,
-2,
31,
-2,
31,
-1,
4469,
-2,
31,
-2,
31,
-1,
4470,
-2,
31,
-2,
31,
-1,
4471,
-2,
31,
-2,
31,
-1,
4472,
-2,
31,
-2,
31,
-1,
4473,
-2,
31,
-2,
31,
-1,
4474,
-2,
31,
-2,
31,
-1,
4475,
-2,
31,
-2,
31,
-1,
4476,
-2,
30,
-2,
31,
-1,
4477,
-2,
30,
-2,
31,
-1,
4478,
-2,
30,
-2,
31,
-1,
4479,
-2,
30,
-2,
31,
-1,
4480,
-2,
30,
-2,
31,
-1,
4481,
-2,
30,
-2,
31,
-1,
4482,
-2,
30,
-2,
31,
-1,
4483,
-2,
30,
-2,
31,
-1,
4484,
-2,
30,
-2,
31,
-1,
4485,
-2,
30,
-2,
31,
-1,
4486,
-2,
30,
-2,
31,
-1,
4487,
-2,
30,
-2,
31,
-1,
4488,
-2,
30,
-2,
17,
-1,
4489,
-2,
30,
-2,
17,
-1,
4490,
-2,
30,
-2,
17,
-1,
4491,
-2,
30,
-2,
31,
-1,
4492,
-2,
31,
-2,
31,
-2,
17,
-1,
4493,
-2,
31,
-2,
31,
-1,
4494,
-2,
31,
-2,
31,
-1,
4495,
-2,
31,
-2,
31,
-1,
4496,
-2,
31,
-2,
17,
-1,
4497,
-2,
31,
-2,
31,
-1,
4498,
-2,
31,
-2,
31,
-1,
4499,
-2,
31,
-2,
31,
-1,
4500,
-2,
31,
-2,
17,
-1,
4501,
-2,
31,
-2,
17,
-1,
4502,
-2,
31,
-2,
31,
-1,
4503,
-2,
31,
-2,
31,
-1,
4504,
-2,
31,
-2,
31,
-1,
4505,
-2,
31,
-2,
31,
-1,
4506,
-2,
31,
-2,
31,
-1,
4507,
-2,
31,
-2,
31,
-1,
4508,
-2,
31,
-2,
31,
-1,
4509,
-2,
31,
-2,
31,
-1,
4510,
-2,
31,
-2,
31,
-1,
4511,
-2,
31,
-2,
17,
-1,
4512,
-2,
32,
-2,
31,
-1,
4513,
-2,
32,
-2,
31,
-1,
4514,
-2,
32,
-2,
31,
-1,
4515,
-2,
32,
-2,
31,
-1,
4516,
-2,
32,
-2,
31,
-1,
4517,
-2,
32,
-2,
31,
-1,
4518,
-2,
32,
-2,
31,
-1,
4519,
-2,
32,
-2,
31,
-1,
4520,
-2,
32,
-2,
31,
-1,
4521,
-2,
32,
-2,
17,
-1,
4522,
-2,
32,
-2,
17,
-1,
4523,
-2,
32,
-2,
17,
-1,
4524,
-2,
32,
-2,
17,
-1,
4525,
-2,
32,
-2,
17,
-1,
4526,
-2,
32,
-2,
17,
-1,
4527,
-2,
32,
-2,
30,
-2,
17,
-1,
4528,
-2,
32,
-2,
17,
-1,
4529,
-2,
32,
-2,
17,
-1,
4530,
-2,
32,
-2,
17,
-1,
4531,
-2,
32,
-2,
17,
-1,
4532,
-2,
57,
-2,
32,
-1,
4533,
-2,
47,
-2,
17,
-1,
4534,
-2,
32,
-2,
17,
-1,
4535,
-2,
32,
-2,
17,
-1,
4536,
-2,
32,
-2,
17,
-1,
4537,
-2,
32,
-2,
17,
-1,
4538,
-2,
32,
-2,
17,
-1,
4539,
-2,
32,
-2,
17,
-1,
4540,
-2,
32,
-2,
17,
-1,
4541,
-2,
32,
-2,
17,
-1,
4542,
-2,
32,
-2,
17,
-1,
4543,
-2,
47,
-2,
17,
-1,
4544,
-2,
32,
-2,
17,
-1,
4545,
-2,
32,
-2,
17,
-1,
4546,
-2,
32,
-2,
17,
-1,
4547,
-2,
32,
-2,
17,
-1,
4548,
-2,
32,
-2,
17,
-1,
4549,
-2,
32,
-2,
17,
-1,
4550,
-2,
32,
-2,
17,
-1,
4551,
-2,
32,
-2,
17,
-1,
4552,
-2,
47,
-2,
17,
-1,
4553,
-2,
32,
-2,
17,
-1,
4554,
-2,
32,
-2,
17,
-1,
4555,
-2,
32,
-2,
17,
-1,
4556,
-2,
32,
-2,
17,
-1,
4557,
-2,
32,
-2,
17,
-1,
4558,
-2,
32,
-2,
17,
-1,
4559,
-2,
32,
-2,
17,
-1,
4560,
-2,
32,
-2,
17,
