-1,
4561,
-2,
32,
-2,
17,
-1,
4562,
-2,
32,
-2,
17,
-1,
4563,
-2,
47,
-2,
31,
-1,
4564,
-2,
57,
-2,
31,
-1,
4565,
-2,
32,
-2,
31,
-1,
4566,
-2,
32,
-2,
17,
-1,
4567,
-2,
32,
-2,
31,
-1,
4568,
-2,
47,
-2,
31,
-1,
4569,
-2,
32,
-2,
17,
-1,
4570,
-2,
32,
-2,
17,
-1,
4571,
-2,
32,
-2,
17,
-1,
4572,
-2,
32,
-2,
17,
-1,
4573,
-2,
32,
-2,
31,
-1,
4574,
-2,
32,
-2,
31,
-1,
4575,
-2,
47,
-2,
31,
-1,
4576,
-2,
32,
-2,
31,
-1,
4577,
-2,
32,
-2,
31,
-1,
4578,
-2,
32,
-2,
31,
-1,
4579,
-2,
32,
-2,
31,
-1,
4580,
-2,
47,
-2,
31,
-1,
4581,
-2,
32,
-2,
31,
-1,
4582,
-2,
32,
-2,
31,
-1,
4583,
-2,
32,
-2,
31,
-1,
4584,
-2,
31,
-2,
31,
-1,
4585,
-2,
31,
-2,
31,
-1,
4586,
-2,
31,
-2,
31,
-1,
4587,
-2,
47,
-2,
31,
-1,
4588,
-2,
31,
-2,
31,
-1,
4589,
-2,
31,
-2,
31,
-1,
4590,
-2,
31,
-2,
31,
-1,
4591,
-2,
31,
-2,
31,
-1,
4592,
-2,
47,
-2,
31,
-1,
4593,
-2,
31,
-2,
31,
-1,
4594,
-2,
31,
-2,
31,
-1,
4595,
-2,
31,
-2,
31,
-1,
4596,
-2,
47,
-2,
31,
-1,
4597,
-2,
30,
-2,
31,
-1,
4598,
-2,
30,
-2,
31,
-1,
4599,
-2,
30,
-2,
31,
-1,
4600,
-2,
30,
-2,
31,
-1,
4601,
-2,
30,
-2,
31,
-1,
4602,
-2,
30,
-2,
31,
-1,
4603,
-2,
30,
-2,
31,
-1,
4604,
-2,
30,
-2,
31,
-1,
4605,
-2,
30,
-2,
31,
-1,
4606,
-2,
30,
-2,
31,
-1,
4607,
-2,
30,
-2,
31,
-1,
4608,
-2,
30,
-2,
17,
-1,
4609,
-2,
30,
-2,
17,
-1,
4610,
-2,
30,
-2,
17,
-1,
4611,
-2,
30,
-2,
31,
-1,
4612,
-2,
31,
-2,
31,
-2,
17,
-1,
4613,
-2,
31,
-2,
31,
-1,
4614,
-2,
31,
-2,
31,
-1,
4615,
-2,
31,
-2,
31,
-1,
4616,
-2,
31,
-2,
17,
-1,
4617,
-2,
31,
-2,
31,
-1,
4618,
-2,
31,
-2,
31,
-1,
4619,
-2,
31,
-2,
31,
-1,
4620,
-2,
31,
-2,
17,
-1,
4621,
-2,
31,
-2,
17,
-1,
4622,
-2,
31,
-2,
31,
-1,
4623,
-2,
31,
-2,
31,
-1,
4624,
-2,
31,
-2,
31,
-1,
4625,
-2,
31,
-2,
31,
-1,
4626,
-2,
31,
-2,
31,
-1,
4627,
-2,
31,
-2,
31,
-1,
4628,
-2,
31,
-2,
31,
-1,
4629,
-2,
31,
-2,
31,
-1,
4630,
-2,
31,
-2,
31,
-1,
4631,
-2,
31,
-2,
17,
-1,
4632,
-2,
32,
-2,
31,
-1,
4633,
-2,
32,
-2,
31,
-1,
4634,
-2,
32,
-2,
31,
-1,
4635,
-2,
32,
-2,
31,
-1,
4636,
-2,
32,
-2,
31,
-1,
4637,
-2,
32,
-2,
31,
-1,
4638,
-2,
32,
-2,
31,
-1,
4639,
-2,
32,
-2,
31,
-1,
4640,
-2,
32,
-2,
31,
-1,
4641,
-2,
32,
-2,
17,
-1,
4642,
-2,
32,
-2,
17,
-1,
4643,
-2,
32,
-2,
17,
-1,
4644,
-2,
32,
-2,
17,
-1,
4645,
-2,
32,
-2,
17,
-1,
4646,
-2,
32,
-2,
17,
-1,
4647,
-2,
32,
-2,
30,
-2,
17,
-1,
4648,
-2,
32,
-2,
17,
-1,
4649,
-2,
32,
-2,
17,
-1,
4650,
-2,
32,
-2,
17,
-1,
4651,
-2,
32,
-2,
17,
-1,
4652,
-2,
57,
-2,
32,
-1,
4653,
-2,
47,
-2,
17,
-1,
4654,
-2,
32,
-2,
17,
-1,
4655,
-2,
32,
-2,
17,
-1,
4656,
-2,
32,
-2,
17,
-1,
4657,
-2,
32,
-2,
17,
-1,
4658,
-2,
30,
-2,
17,
-1,
4659,
-2,
30,
-2,
17,
-1,
4660,
-2,
30,
-2,
17,
-1,
4661,
-2,
30,
-2,
17,
-1,
4662,
-2,
30,
-2,
17,
-1,
4663,
-2,
30,
-2,
17,
-1,
4664,
-2,
30,
-2,
17,
-1,
4665,
-2,
30,
-2,
17,
-1,
4666,
-2,
30,
-2,
17,
-1,
4667,
-2,
30,
-2,
17,
-1,
4668,
-2,
30,
-2,
17,
-1,
4669,
-2,
30,
-2,
17,
-1,
4670,
-2,
30,
-2,
17,
-1,
4671,
-2,
30,
-2,
17,
-1,
4672,
-2,
30,
-2,
17,
-1,
4673,
-2,
30,
-2,
17,
-1,
4674,
-2,
30,
-2,
17,
-1,
4675,
-2,
30,
-2,
17,
-1,
4676,
-2,
30,
-2,
17,
-1,
4677,
-2,
30,
-2,
17,
-1,
4678,
-2,
30,
-2,
17,
-1,
4679,
-2,
30,
-2,
17,
-1,
4680,
-2,
30,
-2,
17,
