-1,
4681,
-2,
57,
-2,
30,
-2,
17,
-1,
4682,
-2,
30,
-2,
17,
-1,
4683,
-2,
30,
-2,
17,
-1,
4684,
-2,
30,
-2,
17,
-1,
4685,
-2,
30,
-2,
17,
-1,
4686,
-2,
30,
-2,
17,
-1,
4687,
-2,
30,
-2,
17,
-1,
4688,
-2,
30,
-2,
17,
-1,
4689,
-2,
17,
-2,
17,
-1,
4690,
-2,
17,
-2,
17,
-1,
4691,
-2,
17,
-2,
17,
-1,
4692,
-2,
17,
-2,
17,
-1,
4693,
-2,
17,
-2,
31,
-1,
4694,
-2,
17,
-2,
31,
-1,
4695,
-2,
17,
-2,
31,
-1,
4696,
-2,
17,
-2,
31,
-1,
4697,
-2,
17,
-2,
31,
-1,
4698,
-2,
17,
-2,
31,
-1,
4699,
-2,
17,
-2,
31,
-1,
4700,
-2,
17,
-2,
31,
-1,
4701,
-2,
17,
-2,
31,
-1,
4702,
-2,
17,
-2,
31,
-1,
4703,
-2,
17,
-2,
31,
-1,
4704,
-2,
17,
-2,
31,
-1,
4705,
-2,
32,
-2,
17,
-1,
4706,
-2,
32,
-2,
17,
-1,
4707,
-2,
32,
-2,
17,
-1,
4708,
-2,
32,
-2,
17,
-1,
4709,
-2,
32,
-2,
17,
-1,
4710,
-2,
32,
-2,
17,
-1,
4711,
-2,
32,
-2,
17,
-1,
4712,
-2,
32,
-2,
17,
-1,
4713,
-2,
32,
-2,
17,
-1,
4714,
-2,
32,
-2,
17,
-1,
4715,
-2,
32,
-2,
31,
-1,
4716,
-2,
32,
-2,
31,
-1,
4717,
-2,
32,
-2,
31,
-1,
4718,
-2,
32,
-2,
31,
-1,
4719,
-2,
32,
-2,
31,
-1,
4720,
-2,
32,
-2,
31,
-1,
4721,
-2,
32,
-2,
31,
-1,
4722,
-2,
32,
-2,
31,
-1,
4723,
-2,
32,
-2,
31,
-1,
4724,
-2,
32,
-2,
31,
-1,
4725,
-2,
32,
-2,
31,
-1,
4726,
-2,
32,
-2,
31,
-1,
4727,
-2,
32,
-2,
31,
-1,
4728,
-2,
32,
-2,
31,
-1,
4729,
-2,
31,
-2,
17,
-1,
4730,
-2,
31,
-2,
17,
-1,
4731,
-2,
31,
-2,
31,
-1,
4732,
-2,
31,
-2,
31,
-2,
17,
-1,
4733,
-2,
31,
-2,
31,
-1,
4734,
-2,
31,
-2,
31,
-1,
4735,
-2,
31,
-2,
31,
-1,
4736,
-2,
31,
-2,
17,
-1,
4737,
-2,
31,
-2,
31,
-1,
4738,
-2,
31,
-2,
31,
-1,
4739,
-2,
31,
-2,
31,
-1,
4740,
-2,
31,
-2,
17,
-1,
4741,
-2,
31,
-2,
17,
-1,
4742,
-2,
31,
-2,
31,
-1,
4743,
-2,
31,
-2,
31,
-1,
4744,
-2,
31,
-2,
31,
-1,
4745,
-2,
31,
-2,
31,
-1,
4746,
-2,
31,
-2,
31,
-1,
4747,
-2,
31,
-2,
31,
-1,
4748,
-2,
31,
-2,
31,
-1,
4749,
-2,
31,
-2,
31,
-1,
4750,
-2,
31,
-2,
31,
-1,
4751,
-2,
31,
-2,
17,
-1,
4752,
-2,
31,
-2,
31,
-1,
4753,
-2,
30,
-2,
31,
-1,
4754,
-2,
30,
-2,
31,
-1,
4755,
-2,
30,
-2,
31,
-1,
4756,
-2,
30,
-2,
31,
-1,
4757,
-2,
30,
-2,
31,
-1,
4758,
-2,
30,
-2,
31,
-1,
4759,
-2,
30,
-2,
31,
-1,
4760,
-2,
30,
-2,
31,
-1,
4761,
-2,
30,
-2,
17,
-1,
4762,
-2,
30,
-2,
17,
-1,
4763,
-2,
30,
-2,
17,
-1,
4764,
-2,
30,
-2,
17,
-1,
4765,
-2,
30,
-2,
17,
-1,
4766,
-2,
30,
-2,
17,
-1,
4767,
-2,
30,
-2,
30,
-2,
17,
-1,
4768,
-2,
30,
-2,
17,
-1,
4769,
-2,
30,
-2,
17,
-1,
4770,
-2,
30,
-2,
17,
-1,
4771,
-2,
30,
-2,
17,
-1,
4772,
-2,
30,
-2,
32,
-1,
4773,
-2,
30,
-2,
17,
-1,
4774,
-2,
30,
-2,
17,
-1,
4775,
-2,
30,
-2,
17,
-1,
4776,
-2,
30,
-2,
17,
-1,
4777,
-2,
30,
-2,
17,
-1,
4778,
-2,
30,
-2,
17,
-1,
4779,
-2,
30,
-2,
17,
-1,
4780,
-2,
30,
-2,
17,
-1,
4781,
-2,
30,
-2,
17,
-1,
4782,
-2,
30,
-2,
17,
-1,
4783,
-2,
30,
-2,
17,
-1,
4784,
-2,
30,
-2,
17,
-1,
4785,
-2,
30,
-2,
17,
-1,
4786,
-2,
30,
-2,
17,
-1,
4787,
-2,
30,
-2,
17,
-1,
4788,
-2,
30,
-2,
17,
-1,
4789,
-2,
30,
-2,
17,
-1,
4790,
-2,
30,
-2,
17,
-1,
4791,
-2,
30,
-2,
17,
-1,
4792,
-2,
30,
-2,
17,
-1,
4793,
-2,
30,
-2,
17,
-1,
4794,
-2,
30,
-2,
17,
-1,
4795,
-2,
30,
-2,
17,
-1,
4796,
-2,
30,
-2,
17,
-1,
4797,
-2,
30,
-2,
17,
-1,
4798,
-2,
30,
-2,
17,
-1,
4799,
-2,
30,
-2,
17,
-1,
4800,
-2,
30,
-2,
17,
