-1,
4801,
-2,
30,
-2,
17,
-1,
4802,
-2,
30,
-2,
17,
-1,
4803,
-2,
30,
-2,
17,
-1,
4804,
-2,
30,
-2,
17,
-1,
4805,
-2,
30,
-2,
17,
-1,
4806,
-2,
30,
-2,
17,
-1,
4807,
-2,
47,
-2,
30,
-1,
4808,
-2,
30,
-2,
17,
-1,
4809,
-2,
30,
-2,
17,
-1,
4810,
-2,
31,
-2,
17,
-1,
4811,
-2,
31,
-2,
17,
-1,
4812,
-2,
31,
-2,
17,
-1,
4813,
-2,
31,
-2,
17,
-1,
4814,
-2,
31,
-2,
17,
-1,
4815,
-2,
32,
-2,
17,
-1,
4816,
-2,
32,
-2,
17,
-1,
4817,
-2,
32,
-2,
17,
-1,
4818,
-2,
32,
-2,
17,
-1,
4819,
-2,
32,
-2,
17,
-1,
4820,
-2,
32,
-2,
17,
-1,
4821,
-2,
32,
-2,
17,
-1,
4822,
-2,
32,
-2,
17,
-1,
4823,
-2,
32,
-2,
17,
-1,
4824,
-2,
32,
-2,
17,
-1,
4825,
-2,
32,
-2,
17,
-1,
4826,
-2,
32,
-2,
17,
-1,
4827,
-2,
32,
-2,
17,
-1,
4828,
-2,
32,
-2,
31,
-1,
4829,
-2,
32,
-2,
31,
-1,
4830,
-2,
32,
-2,
31,
-1,
4831,
-2,
32,
-2,
31,
-1,
4832,
-2,
32,
-2,
31,
-1,
4833,
-2,
32,
-2,
31,
-1,
4834,
-2,
32,
-2,
31,
-1,
4835,
-2,
32,
-2,
31,
-1,
4836,
-2,
32,
-2,
31,
-1,
4837,
-2,
32,
-2,
17,
-1,
4838,
-2,
32,
-2,
17,
-1,
4839,
-2,
32,
-2,
17,
-1,
4840,
-2,
32,
-2,
17,
-1,
4841,
-2,
32,
-2,
17,
-1,
4842,
-2,
32,
-2,
17,
-1,
4843,
-2,
32,
-2,
17,
-1,
4844,
-2,
32,
-2,
17,
-1,
4845,
-2,
32,
-2,
31,
-1,
4846,
-2,
32,
-2,
31,
-1,
4847,
-2,
32,
-2,
31,
-1,
4848,
-2,
32,
-2,
17,
-1,
4849,
-2,
32,
-2,
17,
-1,
4850,
-2,
32,
-2,
17,
-1,
4851,
-2,
32,
-2,
17,
-1,
4852,
-2,
32,
-2,
17,
-1,
4853,
-2,
17,
-2,
17,
-1,
4854,
-2,
17,
-2,
17,
-1,
4855,
-2,
17,
-2,
17,
-1,
4856,
-2,
17,
-2,
31,
-1,
4857,
-2,
17,
-2,
31,
-1,
4858,
-2,
17,
-2,
31,
-1,
4859,
-2,
17,
-2,
31,
-1,
4860,
-2,
17,
-2,
31,
-1,
4861,
-2,
17,
-2,
31,
-1,
4862,
-2,
17,
-2,
31,
-1,
4863,
-2,
17,
-2,
31,
-1,
4864,
-2,
17,
-2,
31,
-1,
4865,
-2,
17,
-2,
17,
-1,
4866,
-2,
17,
-2,
17,
-1,
4867,
-2,
17,
-2,
17,
-1,
4868,
-2,
17,
-2,
17,
-1,
4869,
-2,
17,
-2,
17,
-1,
4870,
-2,
17,
-2,
17,
-1,
4871,
-2,
17,
-2,
17,
-1,
4872,
-2,
17,
-2,
17,
-1,
4873,
-2,
17,
-2,
17,
-1,
4874,
-2,
17,
-2,
17,
-1,
4875,
-2,
17,
-2,
17,
-2,
17,
-1,
4876,
-2,
17,
-2,
17,
-1,
4877,
-2,
17,
-2,
17,
-1,
4878,
-2,
17,
-2,
17,
-1,
4879,
-2,
17,
-2,
17,
-1,
4880,
-2,
17,
-2,
17,
-1,
4881,
-2,
17,
-2,
17,
-1,
4882,
-2,
17,
-2,
17,
-1,
4883,
-2,
17,
-2,
17,
-1,
4884,
-2,
17,
-2,
17,
-1,
4885,
-2,
17,
-2,
17,
-1,
4886,
-2,
17,
-2,
17,
-1,
4887,
-2,
17,
-2,
31,
-1,
4888,
-2,
17,
-2,
31,
-1,
4889,
-2,
17,
-2,
31,
-1,
4890,
-2,
17,
-2,
31,
-1,
4891,
-2,
17,
-2,
31,
-1,
4892,
-2,
17,
-2,
31,
-1,
4893,
-2,
17,
-2,
31,
-1,
4894,
-2,
17,
-2,
31,
-1,
4895,
-2,
17,
-2,
31,
-1,
4896,
-2,
32,
-2,
17,
-1,
4897,
-2,
32,
-2,
17,
-1,
4898,
-2,
32,
-2,
17,
-1,
4899,
-2,
32,
-2,
17,
-1,
4900,
-2,
32,
-2,
17,
-1,
4901,
-2,
32,
-2,
17,
-1,
4902,
-2,
32,
-2,
17,
-1,
4903,
-2,
32,
-2,
17,
-1,
4904,
-2,
32,
-2,
17,
-1,
4905,
-2,
32,
-2,
17,
-1,
4906,
-2,
32,
-2,
17,
-1,
4907,
-2,
32,
-2,
17,
-1,
4908,
-2,
32,
-2,
17,
-1,
4909,
-2,
32,
-2,
17,
-1,
4910,
-2,
32,
-2,
17,
-1,
4911,
-2,
32,
-2,
17,
-1,
4912,
-2,
32,
-2,
31,
-1,
4913,
-2,
32,
-2,
31,
-2,
17,
-1,
4914,
-2,
32,
-2,
31,
-1,
4915,
-2,
32,
-2,
31,
-1,
4916,
-2,
32,
-2,
31,
-1,
4917,
-2,
32,
-2,
31,
-1,
4918,
-2,
32,
-2,
31,
-2,
17,
-1,
4919,
-2,
32,
-2,
17,
-1,
4920,
-2,
32,
-2,
17,
