-1,
4921,
-2,
32,
-2,
17,
-1,
4922,
-2,
32,
-2,
17,
-1,
4923,
-2,
32,
-2,
17,
-1,
4924,
-2,
32,
-2,
31,
-1,
4925,
-2,
32,
-2,
31,
-1,
4926,
-2,
32,
-2,
31,
-1,
4927,
-2,
32,
-2,
31,
-1,
4928,
-2,
31,
-2,
17,
-1,
4929,
-2,
31,
-2,
17,
-1,
4930,
-2,
31,
-2,
17,
-1,
4931,
-2,
31,
-2,
17,
-1,
4932,
-2,
31,
-2,
17,
-1,
4933,
-2,
31,
-2,
17,
-1,
4934,
-2,
31,
-2,
17,
-1,
4935,
-2,
31,
-2,
17,
-1,
4936,
-2,
31,
-2,
17,
-1,
4937,
-2,
30,
-2,
31,
-1,
4938,
-2,
30,
-2,
31,
-1,
4939,
-2,
30,
-2,
31,
-1,
4940,
-2,
30,
-2,
17,
-1,
4941,
-2,
30,
-2,
17,
-1,
4942,
-2,
30,
-2,
17,
-1,
4943,
-2,
30,
-2,
17,
-1,
4944,
-2,
30,
-2,
17,
-1,
4945,
-2,
30,
-2,
17,
-1,
4946,
-2,
30,
-2,
17,
-1,
4947,
-2,
30,
-2,
17,
-1,
4948,
-2,
30,
-2,
31,
-1,
4949,
-2,
30,
-2,
31,
-1,
4950,
-2,
30,
-2,
31,
-1,
4951,
-2,
30,
-2,
31,
-1,
4952,
-2,
30,
-2,
31,
-1,
4953,
-2,
30,
-2,
31,
-1,
4954,
-2,
30,
-2,
31,
-1,
4955,
-2,
30,
-2,
31,
-1,
4956,
-2,
30,
-2,
31,
-1,
4957,
-2,
30,
-2,
17,
-1,
4958,
-2,
30,
-2,
17,
-1,
4959,
-2,
30,
-2,
17,
-1,
4960,
-2,
30,
-2,
17,
-1,
4961,
-2,
30,
-2,
17,
-1,
4962,
-2,
57,
-2,
30,
-2,
17,
-1,
4963,
-2,
30,
-2,
17,
-1,
4964,
-2,
30,
-2,
17,
-1,
4965,
-2,
30,
-2,
17,
-1,
4966,
-2,
30,
-2,
17,
-1,
4967,
-2,
30,
-2,
17,
-1,
4968,
-2,
30,
-2,
17,
-1,
4969,
-2,
30,
-2,
17,
-1,
4970,
-2,
30,
-2,
17,
-1,
4971,
-2,
30,
-2,
17,
-1,
4972,
-2,
30,
-2,
17,
-1,
4973,
-2,
30,
-2,
17,
-1,
4974,
-2,
30,
-2,
17,
-1,
4975,
-2,
30,
-2,
17,
-1,
4976,
-2,
30,
-2,
17,
-1,
4977,
-2,
30,
-2,
17,
-1,
4978,
-2,
30,
-2,
17,
-1,
4979,
-2,
30,
-2,
17,
-1,
4980,
-2,
30,
-2,
17,
-1,
4981,
-2,
30,
-2,
17,
-1,
4982,
-2,
30,
-2,
17,
-1,
4983,
-2,
30,
-2,
17,
-1,
4984,
-2,
30,
-2,
17,
-1,
4985,
-2,
30,
-2,
17,
-1,
4986,
-2,
30,
-2,
17,
-1,
4987,
-2,
30,
-2,
17,
-1,
4988,
-2,
30,
-2,
17,
-1,
4989,
-2,
30,
-2,
17,
-1,
4990,
-2,
30,
-2,
17,
-1,
4991,
-2,
30,
-2,
17,
-1,
4992,
-2,
30,
-2,
17,
-1,
4993,
-2,
30,
-2,
17,
-1,
4994,
-2,
30,
-2,
17,
-1,
4995,
-2,
30,
-2,
17,
-2,
17,
-1,
4996,
-2,
30,
-2,
17,
-1,
4997,
-2,
30,
-2,
17,
-1,
4998,
-2,
30,
-2,
17,
-1,
4999,
-2,
30,
-2,
17,
-1,
5000,
-2,
30,
-2,
31,
-1,
5001,
-2,
30,
-2,
31,
-1,
5002,
-2,
30,
-2,
31,
-1,
5003,
-2,
30,
-2,
31,
-1,
5004,
-2,
30,
-2,
31,
-1,
5005,
-2,
30,
-2,
31,
-1,
5006,
-2,
30,
-2,
31,
-1,
5007,
-2,
30,
-2,
31,
-1,
5008,
-2,
30,
-2,
31,
-1,
5009,
-2,
30,
-2,
31,
-1,
5010,
-2,
30,
-2,
31,
-1,
5011,
-2,
30,
-2,
31,
-1,
5012,
-2,
30,
-2,
31,
-1,
5013,
-2,
30,
-2,
31,
-1,
5014,
-2,
30,
-2,
31,
-1,
5015,
-2,
30,
-2,
31,
-1,
5016,
-2,
30,
-2,
31,
-1,
5017,
-2,
30,
-2,
31,
-1,
5018,
-2,
30,
-2,
31,
-1,
5019,
-2,
30,
-2,
31,
-1,
5020,
-2,
30,
-2,
31,
-1,
5021,
-2,
30,
-2,
31,
-1,
5022,
-2,
30,
-2,
31,
-1,
5023,
-2,
30,
-2,
17,
-1,
5024,
-2,
30,
-2,
17,
-1,
5025,
-2,
30,
-2,
31,
-1,
5026,
-2,
30,
-2,
31,
-1,
5027,
-2,
30,
-2,
31,
-1,
5028,
-2,
30,
-2,
31,
-1,
5029,
-2,
30,
-2,
31,
-1,
5030,
-2,
30,
-2,
31,
-1,
5031,
-2,
30,
-2,
31,
-1,
5032,
-2,
30,
-2,
31,
-1,
5033,
-2,
30,
-2,
31,
-2,
17,
-1,
5034,
-2,
30,
-2,
31,
-1,
5035,
-2,
30,
-2,
31,
-1,
5036,
-2,
31,
-2,
31,
-1,
5037,
-2,
31,
-2,
31,
-1,
5038,
-2,
31,
-2,
31,
-2,
17,
-1,
5039,
-2,
31,
-2,
17,
-1,
5040,
-2,
31,
-2,
17,
