-1,
5041,
-2,
31,
-2,
17,
-1,
5042,
-2,
31,
-2,
17,
-1,
5043,
-2,
31,
-2,
17,
-1,
5044,
-2,
31,
-2,
31,
-1,
5045,
-2,
31,
-2,
31,
-1,
5046,
-2,
31,
-2,
31,
-1,
5047,
-2,
31,
-2,
31,
-1,
5048,
-2,
31,
-2,
17,
-1,
5049,
-2,
31,
-2,
17,
-1,
5050,
-2,
31,
-2,
17,
-1,
5051,
-2,
31,
-2,
17,
-1,
5052,
-2,
31,
-2,
17,
-1,
5053,
-2,
31,
-2,
17,
-1,
5054,
-2,
31,
-2,
17,
-1,
5055,
-2,
31,
-2,
17,
-1,
5056,
-2,
31,
-2,
17,
-1,
5057,
-2,
31,
-2,
31,
-1,
5058,
-2,
31,
-2,
31,
-1,
5059,
-2,
31,
-2,
31,
-1,
5060,
-2,
31,
-2,
17,
-1,
5061,
-2,
31,
-2,
17,
-1,
5062,
-2,
31,
-2,
17,
-1,
5063,
-2,
31,
-2,
17,
-1,
5064,
-2,
31,
-2,
17,
-1,
5065,
-2,
31,
-2,
17,
-1,
5066,
-2,
31,
-2,
17,
-1,
5067,
-2,
31,
-2,
17,
-1,
5068,
-2,
31,
-2,
31,
-1,
5069,
-2,
31,
-2,
31,
-1,
5070,
-2,
31,
-2,
31,
-1,
5071,
-2,
31,
-2,
31,
-1,
5072,
-2,
31,
-2,
31,
-1,
5073,
-2,
31,
-2,
31,
-1,
5074,
-2,
31,
-2,
31,
-1,
5075,
-2,
31,
-2,
31,
-1,
5076,
-2,
31,
-2,
31,
-1,
5077,
-2,
32,
-2,
31,
-1,
5078,
-2,
32,
-2,
31,
-1,
5079,
-2,
32,
-2,
31,
-1,
5080,
-2,
32,
-2,
17,
-1,
5081,
-2,
32,
-2,
17,
-1,
5082,
-2,
32,
-2,
30,
-2,
17,
-1,
5083,
-2,
32,
-2,
17,
-1,
5084,
-2,
32,
-2,
17,
-1,
5085,
-2,
32,
-2,
17,
-1,
5086,
-2,
32,
-2,
17,
-1,
5087,
-2,
32,
-2,
17,
-1,
5088,
-2,
30,
-2,
17,
-1,
5089,
-2,
30,
-2,
17,
-1,
5090,
-2,
30,
-2,
17,
-1,
5091,
-2,
30,
-2,
17,
-1,
5092,
-2,
30,
-2,
17,
-1,
5093,
-2,
30,
-2,
17,
-1,
5094,
-2,
30,
-2,
17,
-1,
5095,
-2,
30,
-2,
17,
-1,
5096,
-2,
30,
-2,
17,
-1,
5097,
-2,
30,
-2,
17,
-1,
5098,
-2,
30,
-2,
17,
-1,
5099,
-2,
30,
-2,
17,
-1,
5100,
-2,
30,
-2,
17,
-1,
5101,
-2,
30,
-2,
17,
-1,
5102,
-2,
30,
-2,
17,
-1,
5103,
-2,
30,
-2,
17,
-1,
5104,
-2,
30,
-2,
17,
-1,
5105,
-2,
30,
-2,
17,
-1,
5106,
-2,
30,
-2,
17,
-1,
5107,
-2,
30,
-2,
17,
-1,
5108,
-2,
30,
-2,
17,
-1,
5109,
-2,
30,
-2,
17,
-1,
5110,
-2,
30,
-2,
17,
-1,
5111,
-2,
30,
-2,
17,
-1,
5112,
-2,
30,
-2,
17,
-1,
5113,
-2,
30,
-2,
17,
-1,
5114,
-2,
30,
-2,
17,
-1,
5115,
-2,
30,
-2,
17,
-2,
17,
-1,
5116,
-2,
30,
-2,
17,
-1,
5117,
-2,
30,
-2,
17,
-1,
5118,
-2,
30,
-2,
17,
-1,
5119,
-2,
30,
-2,
17,
-1,
5120,
-2,
30,
-2,
31,
-1,
5121,
-2,
30,
-2,
31,
-1,
5122,
-2,
30,
-2,
31,
-1,
5123,
-2,
47,
-2,
31,
-1,
5124,
-2,
30,
-2,
31,
-1,
5125,
-2,
30,
-2,
31,
-1,
5126,
-2,
30,
-2,
31,
-1,
5127,
-2,
30,
-2,
31,
-1,
5128,
-2,
30,
-2,
31,
-1,
5129,
-2,
30,
-2,
31,
-1,
5130,
-2,
30,
-2,
31,
-1,
5131,
-2,
30,
-2,
31,
-1,
5132,
-2,
30,
-2,
31,
-1,
5133,
-2,
30,
-2,
31,
-1,
5134,
-2,
30,
-2,
31,
-1,
5135,
-2,
30,
-2,
31,
-1,
5136,
-2,
30,
-2,
31,
-1,
5137,
-2,
30,
-2,
31,
-1,
5138,
-2,
30,
-2,
31,
-1,
5139,
-2,
30,
-2,
31,
-1,
5140,
-2,
30,
-2,
31,
-1,
5141,
-2,
30,
-2,
31,
-1,
5142,
-2,
30,
-2,
31,
-1,
5143,
-2,
30,
-2,
17,
-1,
5144,
-2,
30,
-2,
17,
-1,
5145,
-2,
30,
-2,
31,
-1,
5146,
-2,
30,
-2,
31,
-1,
5147,
-2,
30,
-2,
31,
-1,
5148,
-2,
17,
-2,
31,
-1,
5149,
-2,
17,
-2,
31,
-1,
5150,
-2,
17,
-2,
31,
-1,
5151,
-2,
17,
-2,
31,
-1,
5152,
-2,
17,
-2,
31,
-1,
5153,
-2,
17,
-2,
31,
-2,
17,
-1,
5154,
-2,
17,
-2,
31,
-1,
5155,
-2,
57,
-2,
17,
-1,
5156,
-2,
17,
-2,
31,
-1,
5157,
-2,
17,
-2,
31,
-1,
5158,
-2,
17,
-2,
31,
-2,
17,
-1,
5159,
-2,
17,
-2,
17,
-1,
5160,
-2,
17,
-2,
17,
