-1,
5161,
-2,
17,
-2,
17,
-1,
5162,
-2,
17,
-2,
17,
-1,
5163,
-2,
17,
-2,
17,
-1,
5164,
-2,
17,
-2,
31,
-1,
5165,
-2,
17,
-2,
31,
-1,
5166,
-2,
17,
-2,
31,
-1,
5167,
-2,
17,
-2,
31,
-1,
5168,
-2,
17,
-2,
17,
-1,
5169,
-2,
17,
-2,
17,
-1,
5170,
-2,
17,
-2,
17,
-1,
5171,
-2,
17,
-2,
17,
-1,
5172,
-2,
17,
-2,
17,
-1,
5173,
-2,
30,
-2,
17,
-1,
5174,
-2,
30,
-2,
17,
-1,
5175,
-2,
30,
-2,
17,
-1,
5176,
-2,
30,
-2,
17,
-1,
5177,
-2,
30,
-2,
17,
-1,
5178,
-2,
30,
-2,
17,
-1,
5179,
-2,
30,
-2,
17,
-1,
5180,
-2,
17,
-2,
17,
-1,
5181,
-2,
17,
-2,
17,
-1,
5182,
-2,
17,
-2,
17,
-1,
5183,
-2,
17,
-2,
17,
-1,
5184,
-2,
17,
-2,
17,
-1,
5185,
-2,
17,
-2,
17,
-1,
5186,
-2,
32,
-2,
17,
-1,
5187,
-2,
32,
-2,
17,
-1,
5188,
-2,
32,
-2,
17,
-1,
5189,
-2,
32,
-2,
17,
-1,
5190,
-2,
32,
-2,
17,
-1,
5191,
-2,
32,
-2,
17,
-1,
5192,
-2,
32,
-2,
17,
-1,
5193,
-2,
32,
-2,
17,
-1,
5194,
-2,
32,
-2,
17,
-1,
5195,
-2,
32,
-2,
17,
-1,
5196,
-2,
32,
-2,
17,
-1,
5197,
-2,
32,
-2,
17,
-1,
5198,
-2,
32,
-2,
17,
-1,
5199,
-2,
32,
-2,
17,
-1,
5200,
-2,
32,
-2,
17,
-1,
5201,
-2,
32,
-2,
17,
-1,
5202,
-2,
32,
-2,
30,
-2,
17,
-1,
5203,
-2,
32,
-2,
17,
-1,
5204,
-2,
32,
-2,
17,
-1,
5205,
-2,
32,
-2,
17,
-1,
5206,
-2,
32,
-2,
17,
-1,
5207,
-2,
32,
-2,
17,
-1,
5208,
-2,
32,
-2,
17,
-1,
5209,
-2,
32,
-2,
31,
-1,
5210,
-2,
32,
-2,
31,
-1,
5211,
-2,
32,
-2,
31,
-1,
5212,
-2,
32,
-2,
31,
-1,
5213,
-2,
32,
-2,
31,
-1,
5214,
-2,
31,
-2,
17,
-1,
5215,
-2,
31,
-2,
17,
-1,
5216,
-2,
31,
-2,
17,
-1,
5217,
-2,
31,
-2,
17,
-1,
5218,
-2,
31,
-2,
17,
-1,
5219,
-2,
31,
-2,
17,
-1,
5220,
-2,
31,
-2,
17,
-1,
5221,
-2,
31,
-2,
17,
-1,
5222,
-2,
31,
-2,
17,
-1,
5223,
-2,
31,
-2,
17,
-1,
5224,
-2,
31,
-2,
17,
-1,
5225,
-2,
31,
-2,
17,
-1,
5226,
-2,
31,
-2,
17,
-1,
5227,
-2,
31,
-2,
17,
-1,
5228,
-2,
31,
-2,
17,
-1,
5229,
-2,
31,
-2,
17,
-1,
5230,
-2,
30,
-2,
31,
-1,
5231,
-2,
30,
-2,
31,
-1,
5232,
-2,
30,
-2,
31,
-1,
5233,
-2,
30,
-2,
31,
-1,
5234,
-2,
30,
-2,
31,
-1,
5235,
-2,
30,
-2,
31,
-2,
17,
-1,
5236,
-2,
30,
-2,
31,
-1,
5237,
-2,
30,
-2,
31,
-1,
5238,
-2,
30,
-2,
31,
-1,
5239,
-2,
30,
-2,
31,
-1,
5240,
-2,
30,
-2,
31,
-1,
5241,
-2,
30,
-2,
31,
-1,
5242,
-2,
30,
-2,
31,
-1,
5243,
-2,
30,
-2,
31,
-1,
5244,
-2,
30,
-2,
31,
-1,
5245,
-2,
30,
-2,
31,
-1,
5246,
-2,
30,
-2,
31,
-1,
5247,
-2,
30,
-2,
31,
-1,
5248,
-2,
30,
-2,
31,
-1,
5249,
-2,
30,
-2,
31,
-1,
5250,
-2,
30,
-2,
31,
-1,
5251,
-2,
30,
-2,
31,
-1,
5252,
-2,
30,
-2,
31,
-1,
5253,
-2,
30,
-2,
31,
-1,
5254,
-2,
30,
-2,
31,
-1,
5255,
-2,
30,
-2,
31,
-1,
5256,
-2,
30,
-2,
31,
-1,
5257,
-2,
30,
-2,
31,
-1,
5258,
-2,
30,
-2,
31,
-1,
5259,
-2,
30,
-2,
31,
-1,
5260,
-2,
30,
-2,
31,
-1,
5261,
-2,
30,
-2,
31,
-1,
5262,
-2,
30,
-2,
31,
-1,
5263,
-2,
47,
-2,
17,
-1,
5264,
-2,
30,
-2,
17,
-1,
5265,
-2,
30,
-2,
31,
-1,
5266,
-2,
32,
-2,
31,
-1,
5267,
-2,
32,
-2,
31,
-1,
5268,
-2,
32,
-2,
31,
-1,
5269,
-2,
32,
-2,
31,
-1,
5270,
-2,
32,
-2,
31,
-1,
5271,
-2,
32,
-2,
31,
-1,
5272,
-2,
32,
-2,
31,
-1,
5273,
-2,
32,
-2,
31,
-2,
17,
-1,
5274,
-2,
32,
-2,
31,
-1,
5275,
-2,
32,
-2,
17,
-1,
5276,
-2,
32,
-2,
31,
-1,
5277,
-2,
32,
-2,
31,
-1,
5278,
-2,
32,
-2,
31,
-2,
17,
-1,
5279,
-2,
32,
-2,
17,
-1,
5280,
-2,
32,
-2,
17,
