-1,
5281,
-2,
32,
-2,
17,
-1,
5282,
-2,
32,
-2,
17,
-1,
5283,
-2,
32,
-2,
17,
-1,
5284,
-2,
32,
-2,
17,
-1,
5285,
-2,
32,
-2,
17,
-1,
5286,
-2,
32,
-2,
17,
-1,
5287,
-2,
32,
-2,
17,
-1,
5288,
-2,
32,
-2,
17,
-1,
5289,
-2,
17,
-2,
17,
-1,
5290,
-2,
17,
-2,
17,
-1,
5291,
-2,
17,
-2,
17,
-1,
5292,
-2,
17,
-2,
17,
-1,
5293,
-2,
17,
-2,
17,
-1,
5294,
-2,
17,
-2,
17,
-1,
5295,
-2,
17,
-2,
17,
-1,
5296,
-2,
17,
-2,
17,
-1,
5297,
-2,
17,
-2,
17,
-1,
5298,
-2,
17,
-2,
17,
-1,
5299,
-2,
17,
-2,
17,
-1,
5300,
-2,
17,
-2,
17,
-1,
5301,
-2,
17,
-2,
17,
-1,
5302,
-2,
17,
-2,
17,
-1,
5303,
-2,
17,
-2,
17,
-1,
5304,
-2,
17,
-2,
17,
-1,
5305,
-2,
17,
-2,
17,
-1,
5306,
-2,
17,
-2,
17,
-1,
5307,
-2,
57,
-2,
17,
-1,
5308,
-2,
17,
-2,
17,
-1,
5309,
-2,
17,
-2,
17,
-1,
5310,
-2,
17,
-2,
17,
-1,
5311,
-2,
17,
-2,
17,
-1,
5312,
-2,
17,
-2,
17,
-1,
5313,
-2,
17,
-2,
17,
-1,
5314,
-2,
30,
-2,
17,
-1,
5315,
-2,
30,
-2,
17,
-1,
5316,
-2,
30,
-2,
17,
-1,
5317,
-2,
30,
-2,
17,
-1,
5318,
-2,
30,
-2,
17,
-1,
5319,
-2,
30,
-2,
17,
-1,
5320,
-2,
30,
-2,
17,
-1,
5321,
-2,
30,
-2,
17,
-1,
5322,
-2,
30,
-2,
17,
-2,
17,
-1,
5323,
-2,
30,
-2,
17,
-1,
5324,
-2,
30,
-2,
17,
-1,
5325,
-2,
30,
-2,
17,
-1,
5326,
-2,
30,
-2,
17,
-1,
5327,
-2,
30,
-2,
17,
-1,
5328,
-2,
30,
-2,
17,
-1,
5329,
-2,
30,
-2,
17,
-1,
5330,
-2,
30,
-2,
17,
-1,
5331,
-2,
30,
-2,
17,
-1,
5332,
-2,
30,
-2,
17,
-1,
5333,
-2,
30,
-2,
17,
-1,
5334,
-2,
30,
-2,
17,
-1,
5335,
-2,
30,
-2,
17,
-1,
5336,
-2,
30,
-2,
17,
-1,
5337,
-2,
30,
-2,
17,
-1,
5338,
-2,
30,
-2,
17,
-1,
5339,
-2,
30,
-2,
17,
-1,
5340,
-2,
30,
-2,
17,
-1,
5341,
-2,
30,
-2,
17,
-1,
5342,
-2,
30,
-2,
17,
-1,
5343,
-2,
30,
-2,
17,
-1,
5344,
-2,
30,
-2,
17,
-1,
5345,
-2,
30,
-2,
17,
-1,
5346,
-2,
30,
-2,
17,
-1,
5347,
-2,
30,
-2,
17,
-1,
5348,
-2,
30,
-2,
31,
-1,
5349,
-2,
30,
-2,
31,
-1,
5350,
-2,
30,
-2,
31,
-1,
5351,
-2,
30,
-2,
31,
-1,
5352,
-2,
30,
-2,
31,
-1,
5353,
-2,
31,
-2,
31,
-1,
5354,
-2,
31,
-2,
31,
-1,
5355,
-2,
31,
-2,
31,
-2,
17,
-1,
5356,
-2,
31,
-2,
31,
-1,
5357,
-2,
31,
-2,
31,
-1,
5358,
-2,
31,
-2,
31,
-1,
5359,
-2,
31,
-2,
31,
-1,
5360,
-2,
31,
-2,
31,
-1,
5361,
-2,
31,
-2,
31,
-1,
5362,
-2,
31,
-2,
31,
-1,
5363,
-2,
31,
-2,
31,
-1,
5364,
-2,
31,
-2,
31,
-1,
5365,
-2,
31,
-2,
31,
-1,
5366,
-2,
31,
-2,
31,
-1,
5367,
-2,
31,
-2,
31,
-1,
5368,
-2,
31,
-2,
31,
-1,
5369,
-2,
31,
-2,
31,
-1,
5370,
-2,
31,
-2,
31,
-1,
5371,
-2,
31,
-2,
31,
-1,
5372,
-2,
32,
-2,
31,
-1,
5373,
-2,
32,
-2,
31,
-1,
5374,
-2,
32,
-2,
31,
-1,
5375,
-2,
32,
-2,
31,
-1,
5376,
-2,
32,
-2,
31,
-1,
5377,
-2,
31,
-2,
31,
-1,
5378,
-2,
31,
-2,
31,
-1,
5379,
-2,
31,
-2,
31,
-1,
5380,
-2,
31,
-2,
31,
-1,
5381,
-2,
47,
-2,
31,
-1,
5382,
-2,
31,
-2,
31,
-1,
5383,
-2,
31,
-2,
17,
-1,
5384,
-2,
31,
-2,
17,
-1,
5385,
-2,
31,
-2,
31,
-1,
5386,
-2,
31,
-2,
31,
-1,
5387,
-2,
31,
-2,
31,
-1,
5388,
-2,
31,
-2,
31,
-1,
5389,
-2,
31,
-2,
31,
-1,
5390,
-2,
31,
-2,
31,
-1,
5391,
-2,
31,
-2,
31,
-1,
5392,
-2,
31,
-2,
31,
-1,
5393,
-2,
31,
-2,
31,
-2,
17,
-1,
5394,
-2,
31,
-2,
31,
-1,
5395,
-2,
31,
-2,
17,
-1,
5396,
-2,
31,
-2,
31,
-1,
5397,
-2,
31,
-2,
31,
-1,
5398,
-2,
31,
-2,
31,
-2,
17,
-1,
5399,
-2,
31,
-2,
17,
-1,
5400,
-2,
31,
-2,
17,
