-1,
5401,
-2,
31,
-2,
17,
-1,
5402,
-2,
32,
-2,
31,
-1,
5403,
-2,
32,
-2,
17,
-1,
5404,
-2,
32,
-2,
17,
-1,
5405,
-2,
32,
-2,
17,
-1,
5406,
-2,
32,
-2,
17,
-1,
5407,
-2,
32,
-2,
17,
-1,
5408,
-2,
32,
-2,
17,
-1,
5409,
-2,
32,
-2,
17,
-1,
5410,
-2,
32,
-2,
17,
-1,
5411,
-2,
32,
-2,
17,
-1,
5412,
-2,
32,
-2,
17,
-1,
5413,
-2,
32,
-2,
17,
-1,
5414,
-2,
32,
-2,
17,
-1,
5415,
-2,
32,
-2,
17,
-1,
5416,
-2,
32,
-2,
17,
-1,
5417,
-2,
32,
-2,
17,
-1,
5418,
-2,
17,
-2,
17,
-1,
5419,
-2,
17,
-2,
17,
-1,
5420,
-2,
17,
-2,
17,
-1,
5421,
-2,
17,
-2,
17,
-1,
5422,
-2,
17,
-2,
17,
-1,
5423,
-2,
17,
-2,
17,
-1,
5424,
-2,
17,
-2,
17,
-1,
5425,
-2,
17,
-2,
17,
-1,
5426,
-2,
17,
-2,
17,
-1,
5427,
-2,
17,
-2,
17,
-1,
5428,
-2,
17,
-2,
17,
-1,
5429,
-2,
17,
-2,
17,
-1,
5430,
-2,
17,
-2,
17,
-1,
5431,
-2,
17,
-2,
17,
-1,
5432,
-2,
17,
-2,
17,
-1,
5433,
-2,
17,
-2,
17,
-1,
5434,
-2,
17,
-2,
17,
-1,
5435,
-2,
17,
-2,
17,
-1,
5436,
-2,
17,
-2,
17,
-1,
5437,
-2,
30,
-2,
17,
-1,
5438,
-2,
30,
-2,
17,
-1,
5439,
-2,
30,
-2,
17,
-1,
5440,
-2,
30,
-2,
17,
-1,
5441,
-2,
30,
-2,
17,
-1,
5442,
-2,
30,
-2,
17,
-2,
17,
-1,
5443,
-2,
30,
-2,
17,
-1,
5444,
-2,
30,
-2,
17,
-1,
5445,
-2,
30,
-2,
17,
-1,
5446,
-2,
30,
-2,
17,
-1,
5447,
-2,
30,
-2,
17,
-1,
5448,
-2,
30,
-2,
17,
-1,
5449,
-2,
30,
-2,
17,
-1,
5450,
-2,
30,
-2,
17,
-1,
5451,
-2,
30,
-2,
17,
-1,
5452,
-2,
30,
-2,
17,
-1,
5453,
-2,
30,
-2,
17,
-1,
5454,
-2,
30,
-2,
17,
-1,
5455,
-2,
30,
-2,
17,
-1,
5456,
-2,
30,
-2,
17,
-1,
5457,
-2,
30,
-2,
17,
-1,
5458,
-2,
17,
-2,
17,
-1,
5459,
-2,
17,
-2,
17,
-1,
5460,
-2,
17,
-2,
17,
-1,
5461,
-2,
17,
-2,
17,
-1,
5462,
-2,
32,
-2,
17,
-1,
5463,
-2,
32,
-2,
17,
-1,
5464,
-2,
32,
-2,
17,
-1,
5465,
-2,
32,
-2,
17,
-1,
5466,
-2,
32,
-2,
17,
-1,
5467,
-2,
32,
-2,
17,
-1,
5468,
-2,
32,
-2,
17,
-1,
5469,
-2,
32,
-2,
17,
-1,
5470,
-2,
32,
-2,
17,
-1,
5471,
-2,
17,
-2,
31,
-1,
5472,
-2,
17,
-2,
31,
-1,
5473,
-2,
17,
-2,
31,
-1,
5474,
-2,
17,
-2,
31,
-1,
5475,
-2,
17,
-2,
31,
-2,
17,
-1,
5476,
-2,
17,
-2,
31,
-1,
5477,
-2,
17,
-2,
31,
-1,
5478,
-2,
32,
-2,
17,
-1,
5479,
-2,
32,
-2,
17,
-1,
5480,
-2,
32,
-2,
31,
-1,
5481,
-2,
32,
-2,
31,
-1,
5482,
-2,
32,
-2,
31,
-1,
5483,
-2,
32,
-2,
31,
-1,
5484,
-2,
32,
-2,
31,
-1,
5485,
-2,
32,
-2,
31,
-1,
5486,
-2,
32,
-2,
31,
-1,
5487,
-2,
32,
-2,
31,
-1,
5488,
-2,
32,
-2,
31,
-1,
5489,
-2,
32,
-2,
31,
-1,
5490,
-2,
32,
-2,
31,
-1,
5491,
-2,
32,
-2,
31,
-1,
5492,
-2,
32,
-2,
31,
-1,
5493,
-2,
32,
-2,
31,
-1,
5494,
-2,
31,
-2,
31,
-1,
5495,
-2,
31,
-2,
31,
-1,
5496,
-2,
31,
-2,
31,
-1,
5497,
-2,
31,
-2,
31,
-1,
5498,
-2,
31,
-2,
31,
-1,
5499,
-2,
31,
-2,
31,
-1,
5500,
-2,
31,
-2,
31,
-1,
5501,
-2,
31,
-2,
31,
-1,
5502,
-2,
31,
-2,
31,
-1,
5503,
-2,
31,
-2,
17,
-1,
5504,
-2,
31,
-2,
17,
-1,
5505,
-2,
31,
-2,
31,
-1,
5506,
-2,
31,
-2,
31,
-1,
5507,
-2,
31,
-2,
31,
-1,
5508,
-2,
31,
-2,
31,
-1,
5509,
-2,
31,
-2,
31,
-1,
5510,
-2,
31,
-2,
31,
-1,
5511,
-2,
31,
-2,
31,
-1,
5512,
-2,
31,
-2,
31,
-1,
5513,
-2,
31,
-2,
31,
-2,
17,
-1,
5514,
-2,
31,
-2,
31,
-1,
5515,
-2,
31,
-2,
17,
-1,
5516,
-2,
31,
-2,
31,
-1,
5517,
-2,
30,
-2,
31,
-1,
5518,
-2,
30,
-2,
31,
-2,
17,
-1,
5519,
-2,
30,
-2,
17,
-1,
5520,
-2,
30,
-2,
17,
