-1,
5521,
-2,
30,
-2,
17,
-1,
5522,
-2,
30,
-2,
31,
-1,
5523,
-2,
30,
-2,
17,
-1,
5524,
-2,
30,
-2,
17,
-1,
5525,
-2,
30,
-2,
17,
-1,
5526,
-2,
57,
-2,
30,
-2,
17,
-1,
5527,
-2,
30,
-2,
17,
-1,
5528,
-2,
30,
-2,
17,
-1,
5529,
-2,
17,
-2,
17,
-1,
5530,
-2,
17,
-2,
17,
-1,
5531,
-2,
17,
-2,
17,
-1,
5532,
-2,
17,
-2,
17,
-1,
5533,
-2,
17,
-2,
17,
-1,
5534,
-2,
17,
-2,
17,
-1,
5535,
-2,
17,
-2,
17,
-1,
5536,
-2,
17,
-2,
17,
-1,
5537,
-2,
17,
-2,
17,
-1,
5538,
-2,
17,
-2,
17,
-1,
5539,
-2,
17,
-2,
17,
-1,
5540,
-2,
17,
-2,
17,
-1,
5541,
-2,
17,
-2,
17,
-1,
5542,
-2,
17,
-2,
17,
-1,
5543,
-2,
17,
-2,
17,
-1,
5544,
-2,
17,
-2,
17,
-1,
5545,
-2,
17,
-2,
17,
-1,
5546,
-2,
17,
-2,
17,
-1,
5547,
-2,
17,
-2,
17,
-1,
5548,
-2,
17,
-2,
17,
-1,
5549,
-2,
17,
-2,
17,
-1,
5550,
-2,
17,
-2,
17,
-1,
5551,
-2,
17,
-2,
17,
-1,
5552,
-2,
17,
-2,
17,
-1,
5553,
-2,
17,
-2,
17,
-1,
5554,
-2,
17,
-2,
17,
-1,
5555,
-2,
17,
-2,
17,
-1,
5556,
-2,
17,
-2,
17,
-1,
5557,
-2,
17,
-2,
17,
-1,
5558,
-2,
17,
-2,
17,
-1,
5559,
-2,
17,
-2,
17,
-1,
5560,
-2,
30,
-2,
17,
-1,
5561,
-2,
30,
-2,
17,
-1,
5562,
-2,
30,
-2,
17,
-2,
17,
-1,
5563,
-2,
30,
-2,
17,
-1,
5564,
-2,
30,
-2,
17,
-1,
5565,
-2,
30,
-2,
17,
-1,
5566,
-2,
30,
-2,
17,
-1,
5567,
-2,
30,
-2,
17,
-1,
5568,
-2,
30,
-2,
17,
-1,
5569,
-2,
30,
-2,
17,
-1,
5570,
-2,
30,
-2,
17,
-1,
5571,
-2,
30,
-2,
31,
-1,
5572,
-2,
30,
-2,
31,
-1,
5573,
-2,
30,
-2,
31,
-1,
5574,
-2,
31,
-2,
17,
-1,
5575,
-2,
31,
-2,
17,
-1,
5576,
-2,
31,
-2,
17,
-1,
5577,
-2,
31,
-2,
17,
-1,
5578,
-2,
31,
-2,
17,
-1,
5579,
-2,
31,
-2,
17,
-1,
5580,
-2,
31,
-2,
17,
-1,
5581,
-2,
31,
-2,
17,
-1,
5582,
-2,
31,
-2,
17,
-1,
5583,
-2,
31,
-2,
17,
-1,
5584,
-2,
31,
-2,
17,
-1,
5585,
-2,
31,
-2,
17,
-1,
5586,
-2,
31,
-2,
17,
-1,
5587,
-2,
31,
-2,
17,
-1,
5588,
-2,
31,
-2,
17,
-1,
5589,
-2,
31,
-2,
17,
-1,
5590,
-2,
31,
-2,
17,
-1,
5591,
-2,
31,
-2,
31,
-1,
5592,
-2,
31,
-2,
31,
-1,
5593,
-2,
32,
-2,
31,
-1,
5594,
-2,
32,
-2,
31,
-1,
5595,
-2,
32,
-2,
31,
-2,
17,
-1,
5596,
-2,
32,
-2,
31,
-1,
5597,
-2,
32,
-2,
31,
-1,
5598,
-2,
32,
-2,
31,
-1,
5599,
-2,
32,
-2,
31,
-1,
5600,
-2,
31,
-2,
31,
-1,
5601,
-2,
31,
-2,
31,
-1,
5602,
-2,
31,
-2,
31,
-1,
5603,
-2,
31,
-2,
31,
-1,
5604,
-2,
31,
-2,
31,
-1,
5605,
-2,
31,
-2,
31,
-1,
5606,
-2,
31,
-2,
31,
-1,
5607,
-2,
31,
-2,
31,
-1,
5608,
-2,
31,
-2,
31,
-1,
5609,
-2,
31,
-2,
31,
-1,
5610,
-2,
31,
-2,
31,
-1,
5611,
-2,
31,
-2,
31,
-1,
5612,
-2,
31,
-2,
31,
-1,
5613,
-2,
31,
-2,
31,
-1,
5614,
-2,
31,
-2,
31,
-1,
5615,
-2,
31,
-2,
31,
-1,
5616,
-2,
31,
-2,
31,
-1,
5617,
-2,
31,
-2,
31,
-1,
5618,
-2,
31,
-2,
31,
-1,
5619,
-2,
31,
-2,
31,
-1,
5620,
-2,
31,
-2,
31,
-1,
5621,
-2,
31,
-2,
31,
-1,
5622,
-2,
31,
-2,
31,
-1,
5623,
-2,
31,
-2,
17,
-1,
5624,
-2,
31,
-2,
17,
-1,
5625,
-2,
31,
-2,
31,
-1,
5626,
-2,
47,
-2,
31,
-1,
5627,
-2,
31,
-2,
31,
-1,
5628,
-2,
31,
-2,
31,
-1,
5629,
-2,
31,
-2,
31,
-1,
5630,
-2,
31,
-2,
31,
-1,
5631,
-2,
31,
-2,
31,
-1,
5632,
-2,
31,
-2,
31,
-1,
5633,
-2,
31,
-2,
31,
-2,
17,
-1,
5634,
-2,
31,
-2,
31,
-1,
5635,
-2,
31,
-2,
17,
-1,
5636,
-2,
31,
-2,
31,
-1,
5637,
-2,
31,
-2,
31,
-1,
5638,
-2,
31,
-2,
31,
-2,
17,
-1,
5639,
-2,
31,
-2,
17,
-1,
5640,
-2,
32,
-2,
31,
