-1,
5641,
-2,
32,
-2,
31,
-1,
5642,
-2,
32,
-2,
31,
-1,
5643,
-2,
32,
-2,
17,
-1,
5644,
-2,
32,
-2,
17,
-1,
5645,
-2,
32,
-2,
17,
-1,
5646,
-2,
32,
-2,
30,
-2,
17,
-1,
5647,
-2,
32,
-2,
17,
-1,
5648,
-2,
32,
-2,
17,
-1,
5649,
-2,
32,
-2,
17,
-1,
5650,
-2,
32,
-2,
17,
-1,
5651,
-2,
32,
-2,
17,
-1,
5652,
-2,
32,
-2,
17,
-1,
5653,
-2,
32,
-2,
17,
-1,
5654,
-2,
32,
-2,
17,
-1,
5655,
-2,
32,
-2,
17,
-1,
5656,
-2,
32,
-2,
17,
-1,
5657,
-2,
32,
-2,
17,
-1,
5658,
-2,
32,
-2,
17,
-1,
5659,
-2,
32,
-2,
17,
-1,
5660,
-2,
32,
-2,
17,
-1,
5661,
-2,
32,
-2,
17,
-1,
5662,
-2,
32,
-2,
17,
-1,
5663,
-2,
32,
-2,
17,
-1,
5664,
-2,
32,
-2,
17,
-1,
5665,
-2,
32,
-2,
17,
-1,
5666,
-2,
32,
-2,
17,
-1,
5667,
-2,
32,
-2,
17,
-1,
5668,
-2,
32,
-2,
17,
-1,
5669,
-2,
32,
-2,
17,
-1,
5670,
-2,
32,
-2,
17,
-1,
5671,
-2,
32,
-2,
17,
-1,
5672,
-2,
32,
-2,
17,
-1,
5673,
-2,
32,
-2,
17,
-1,
5674,
-2,
17,
-2,
17,
-1,
5675,
-2,
17,
-2,
17,
-1,
5676,
-2,
17,
-2,
17,
-1,
5677,
-2,
17,
-2,
17,
-1,
5678,
-2,
17,
-2,
17,
-1,
5679,
-2,
57,
-2,
17,
-1,
5680,
-2,
17,
-2,
17,
-1,
5681,
-2,
30,
-2,
17,
-1,
5682,
-2,
30,
-2,
17,
-2,
17,
-1,
5683,
-2,
30,
-2,
17,
-1,
5684,
-2,
30,
-2,
17,
-1,
5685,
-2,
30,
-2,
17,
-1,
5686,
-2,
30,
-2,
17,
-1,
5687,
-2,
30,
-2,
17,
-1,
5688,
-2,
30,
-2,
17,
-1,
5689,
-2,
30,
-2,
17,
-1,
5690,
-2,
30,
-2,
17,
-1,
5691,
-2,
30,
-2,
17,
-1,
5692,
-2,
30,
-2,
17,
-1,
5693,
-2,
30,
-2,
17,
-1,
5694,
-2,
30,
-2,
17,
-1,
5695,
-2,
30,
-2,
17,
-1,
5696,
-2,
30,
-2,
17,
-1,
5697,
-2,
30,
-2,
17,
-1,
5698,
-2,
30,
-2,
17,
-1,
5699,
-2,
30,
-2,
17,
-1,
5700,
-2,
30,
-2,
17,
-1,
5701,
-2,
30,
-2,
17,
-1,
5702,
-2,
30,
-2,
17,
-1,
5703,
-2,
30,
-2,
17,
-1,
5704,
-2,
30,
-2,
17,
-1,
5705,
-2,
30,
-2,
17,
-1,
5706,
-2,
30,
-2,
17,
-1,
5707,
-2,
30,
-2,
17,
-1,
5708,
-2,
30,
-2,
17,
-1,
5709,
-2,
30,
-2,
17,
-1,
5710,
-2,
30,
-2,
17,
-1,
5711,
-2,
30,
-2,
31,
-1,
5712,
-2,
30,
-2,
31,
-1,
5713,
-2,
30,
-2,
31,
-1,
5714,
-2,
30,
-2,
31,
-1,
5715,
-2,
30,
-2,
17,
-2,
17,
-1,
5716,
-2,
30,
-2,
17,
-1,
5717,
-2,
30,
-2,
17,
-1,
5718,
-2,
30,
-2,
17,
-1,
5719,
-2,
30,
-2,
17,
-1,
5720,
-2,
17,
-2,
31,
-1,
5721,
-2,
17,
-2,
31,
-1,
5722,
-2,
17,
-2,
31,
-1,
5723,
-2,
17,
-2,
31,
-1,
5724,
-2,
17,
-2,
31,
-1,
5725,
-2,
17,
-2,
31,
-1,
5726,
-2,
17,
-2,
31,
-1,
5727,
-2,
32,
-2,
17,
-1,
5728,
-2,
32,
-2,
17,
-1,
5729,
-2,
32,
-2,
17,
-1,
5730,
-2,
32,
-2,
17,
-1,
5731,
-2,
32,
-2,
17,
-1,
5732,
-2,
32,
-2,
17,
-1,
5733,
-2,
32,
-2,
17,
-1,
5734,
-2,
32,
-2,
17,
-1,
5735,
-2,
32,
-2,
17,
-1,
5736,
-2,
32,
-2,
17,
-1,
5737,
-2,
32,
-2,
17,
-1,
5738,
-2,
32,
-2,
17,
-1,
5739,
-2,
32,
-2,
17,
-1,
5740,
-2,
32,
-2,
17,
-1,
5741,
-2,
17,
-2,
31,
-1,
5742,
-2,
17,
-2,
31,
-1,
5743,
-2,
30,
-2,
17,
-1,
5744,
-2,
30,
-2,
17,
-1,
5745,
-2,
30,
-2,
17,
-1,
5746,
-2,
30,
-2,
17,
-1,
5747,
-2,
30,
-2,
17,
-1,
5748,
-2,
30,
-2,
17,
-1,
5749,
-2,
30,
-2,
17,
-1,
5750,
-2,
30,
-2,
17,
-1,
5751,
-2,
30,
-2,
17,
-1,
5752,
-2,
30,
-2,
17,
-1,
5753,
-2,
30,
-2,
17,
-2,
17,
-1,
5754,
-2,
30,
-2,
31,
-1,
5755,
-2,
30,
-2,
17,
-1,
5756,
-2,
30,
-2,
31,
-1,
5757,
-2,
30,
-2,
31,
-1,
5758,
-2,
30,
-2,
31,
-2,
17,
-1,
5759,
-2,
30,
-2,
17,
-1,
5760,
-2,
30,
-2,
31,
