-1,
5761,
-2,
30,
-2,
31,
-1,
5762,
-2,
30,
-2,
31,
-1,
5763,
-2,
30,
-2,
31,
-1,
5764,
-2,
30,
-2,
31,
-1,
5765,
-2,
30,
-2,
31,
-1,
5766,
-2,
30,
-2,
31,
-2,
17,
-1,
5767,
-2,
30,
-2,
31,
-1,
5768,
-2,
31,
-2,
17,
-1,
5769,
-2,
31,
-2,
17,
-1,
5770,
-2,
31,
-2,
17,
-1,
5771,
-2,
31,
-2,
17,
-1,
5772,
-2,
31,
-2,
17,
-1,
5773,
-2,
31,
-2,
17,
-1,
5774,
-2,
31,
-2,
17,
-1,
5775,
-2,
31,
-2,
17,
-1,
5776,
-2,
31,
-2,
17,
-1,
5777,
-2,
31,
-2,
17,
-1,
5778,
-2,
31,
-2,
17,
-1,
5779,
-2,
31,
-2,
17,
-1,
5780,
-2,
31,
-2,
17,
-1,
5781,
-2,
31,
-2,
17,
-1,
5782,
-2,
31,
-2,
17,
-1,
5783,
-2,
31,
-2,
17,
-1,
5784,
-2,
31,
-2,
17,
-1,
5785,
-2,
31,
-2,
17,
-1,
5786,
-2,
31,
-2,
17,
-1,
5787,
-2,
31,
-2,
17,
-1,
5788,
-2,
31,
-2,
17,
-1,
5789,
-2,
31,
-2,
17,
-1,
5790,
-2,
32,
-2,
31,
-1,
5791,
-2,
32,
-2,
31,
-1,
5792,
-2,
32,
-2,
31,
-1,
5793,
-2,
32,
-2,
31,
-1,
5794,
-2,
32,
-2,
31,
-1,
5795,
-2,
32,
-2,
31,
-1,
5796,
-2,
32,
-2,
31,
-1,
5797,
-2,
31,
-2,
17,
-1,
5798,
-2,
31,
-2,
17,
-1,
5799,
-2,
31,
-2,
17,
-1,
5800,
-2,
31,
-2,
17,
-1,
5801,
-2,
31,
-2,
17,
-1,
5802,
-2,
31,
-2,
17,
-2,
17,
-1,
5803,
-2,
31,
-2,
17,
-1,
5804,
-2,
31,
-2,
17,
-1,
5805,
-2,
31,
-2,
17,
-1,
5806,
-2,
31,
-2,
17,
-1,
5807,
-2,
47,
-2,
31,
-1,
5808,
-2,
31,
-2,
17,
-1,
5809,
-2,
31,
-2,
17,
-1,
5810,
-2,
31,
-2,
17,
-1,
5811,
-2,
31,
-2,
17,
-1,
5812,
-2,
31,
-2,
17,
-1,
5813,
-2,
31,
-2,
17,
-1,
5814,
-2,
31,
-2,
17,
-1,
5815,
-2,
31,
-2,
17,
-1,
5816,
-2,
31,
-2,
17,
-1,
5817,
-2,
31,
-2,
17,
-1,
5818,
-2,
31,
-2,
17,
-1,
5819,
-2,
31,
-2,
17,
-1,
5820,
-2,
31,
-2,
17,
-1,
5821,
-2,
31,
-2,
17,
-1,
5822,
-2,
31,
-2,
17,
-1,
5823,
-2,
31,
-2,
17,
-1,
5824,
-2,
31,
-2,
17,
-1,
5825,
-2,
31,
-2,
17,
-1,
5826,
-2,
32,
-2,
31,
-1,
5827,
-2,
32,
-2,
31,
-1,
5828,
-2,
32,
-2,
31,
-1,
5829,
-2,
32,
-2,
17,
-1,
5830,
-2,
32,
-2,
17,
-1,
5831,
-2,
32,
-2,
31,
-1,
5832,
-2,
32,
-2,
31,
-1,
5833,
-2,
32,
-2,
31,
-1,
5834,
-2,
32,
-2,
31,
-1,
5835,
-2,
32,
-2,
17,
-2,
17,
-1,
5836,
-2,
32,
-2,
17,
-1,
5837,
-2,
32,
-2,
17,
-1,
5838,
-2,
32,
-2,
17,
-1,
5839,
-2,
32,
-2,
17,
-1,
5840,
-2,
32,
-2,
31,
-1,
5841,
-2,
32,
-2,
31,
-1,
5842,
-2,
32,
-2,
31,
-1,
5843,
-2,
32,
-2,
31,
-1,
5844,
-2,
32,
-2,
17,
-1,
5845,
-2,
32,
-2,
17,
-1,
5846,
-2,
32,
-2,
17,
-1,
5847,
-2,
32,
-2,
17,
-1,
5848,
-2,
32,
-2,
17,
-1,
5849,
-2,
32,
-2,
17,
-1,
5850,
-2,
32,
-2,
17,
-1,
5851,
-2,
32,
-2,
17,
-1,
5852,
-2,
32,
-2,
17,
-1,
5853,
-2,
17,
-2,
17,
-1,
5854,
-2,
17,
-2,
17,
-1,
5855,
-2,
17,
-2,
17,
-1,
5856,
-2,
17,
-2,
17,
-1,
5857,
-2,
17,
-2,
17,
-1,
5858,
-2,
57,
-2,
17,
-1,
5859,
-2,
17,
-2,
17,
-1,
5860,
-2,
17,
-2,
17,
-1,
5861,
-2,
30,
-2,
17,
-1,
5862,
-2,
30,
-2,
17,
-1,
5863,
-2,
30,
-2,
17,
-1,
5864,
-2,
30,
-2,
17,
-1,
5865,
-2,
30,
-2,
17,
-1,
5866,
-2,
30,
-2,
17,
-1,
5867,
-2,
30,
-2,
17,
-1,
5868,
-2,
30,
-2,
17,
-1,
5869,
-2,
30,
-2,
17,
-1,
5870,
-2,
30,
-2,
17,
-1,
5871,
-2,
30,
-2,
17,
-1,
5872,
-2,
30,
-2,
17,
-1,
5873,
-2,
30,
-2,
17,
-2,
17,
-1,
5874,
-2,
30,
-2,
17,
-1,
5875,
-2,
30,
-2,
17,
-1,
5876,
-2,
30,
-2,
31,
-1,
5877,
-2,
30,
-2,
31,
-1,
5878,
-2,
30,
-2,
31,
-2,
17,
-1,
5879,
-2,
30,
-2,
17,
-1,
5880,
-2,
30,
-2,
31,
