-1,
5881,
-2,
30,
-2,
31,
-1,
5882,
-2,
30,
-2,
31,
-1,
5883,
-2,
30,
-2,
31,
-1,
5884,
-2,
30,
-2,
31,
-1,
5885,
-2,
30,
-2,
31,
-1,
5886,
-2,
30,
-2,
31,
-2,
17,
-1,
5887,
-2,
30,
-2,
31,
-1,
5888,
-2,
30,
-2,
17,
-1,
5889,
-2,
30,
-2,
17,
-1,
5890,
-2,
30,
-2,
17,
-1,
5891,
-2,
17,
-2,
17,
-1,
5892,
-2,
17,
-2,
17,
-1,
5893,
-2,
17,
-2,
17,
-1,
5894,
-2,
17,
-2,
17,
-1,
5895,
-2,
32,
-2,
17,
-1,
5896,
-2,
32,
-2,
17,
-1,
5897,
-2,
32,
-2,
17,
-1,
5898,
-2,
32,
-2,
17,
-1,
5899,
-2,
32,
-2,
17,
-1,
5900,
-2,
32,
-2,
17,
-1,
5901,
-2,
32,
-2,
17,
-1,
5902,
-2,
32,
-2,
17,
-1,
5903,
-2,
32,
-2,
17,
-1,
5904,
-2,
32,
-2,
17,
-1,
5905,
-2,
32,
-2,
17,
-1,
5906,
-2,
17,
-2,
17,
-1,
5907,
-2,
17,
-2,
17,
-1,
5908,
-2,
17,
-2,
17,
-1,
5909,
-2,
17,
-2,
17,
-1,
5910,
-2,
17,
-2,
31,
-1,
5911,
-2,
17,
-2,
31,
-1,
5912,
-2,
17,
-2,
31,
-1,
5913,
-2,
17,
-2,
31,
-1,
5914,
-2,
17,
-2,
31,
-1,
5915,
-2,
17,
-2,
31,
-1,
5916,
-2,
17,
-2,
31,
-1,
5917,
-2,
17,
-2,
17,
-1,
5918,
-2,
17,
-2,
17,
-1,
5919,
-2,
17,
-2,
17,
-1,
5920,
-2,
17,
-2,
17,
-1,
5921,
-2,
17,
-2,
17,
-1,
5922,
-2,
17,
-2,
17,
-2,
17,
-1,
5923,
-2,
17,
-2,
17,
-1,
5924,
-2,
17,
-2,
17,
-1,
5925,
-2,
17,
-2,
17,
-1,
5926,
-2,
17,
-2,
17,
-1,
5927,
-2,
17,
-2,
31,
-1,
5928,
-2,
17,
-2,
17,
-1,
5929,
-2,
17,
-2,
17,
-1,
5930,
-2,
17,
-2,
17,
-1,
5931,
-2,
17,
-2,
17,
-1,
5932,
-2,
17,
-2,
17,
-1,
5933,
-2,
17,
-2,
17,
-1,
5934,
-2,
17,
-2,
17,
-1,
5935,
-2,
32,
-2,
17,
-1,
5936,
-2,
32,
-2,
17,
-1,
5937,
-2,
32,
-2,
17,
-1,
5938,
-2,
32,
-2,
17,
-1,
5939,
-2,
32,
-2,
17,
-1,
5940,
-2,
32,
-2,
17,
-1,
5941,
-2,
32,
-2,
17,
-1,
5942,
-2,
32,
-2,
17,
-1,
5943,
-2,
32,
-2,
17,
-1,
5944,
-2,
32,
-2,
17,
-1,
5945,
-2,
32,
-2,
17,
-1,
5946,
-2,
32,
-2,
31,
-1,
5947,
-2,
32,
-2,
31,
-1,
5948,
-2,
32,
-2,
31,
-1,
5949,
-2,
32,
-2,
31,
-1,
5950,
-2,
32,
-2,
31,
-1,
5951,
-2,
31,
-2,
31,
-1,
5952,
-2,
31,
-2,
31,
-1,
5953,
-2,
31,
-2,
31,
-1,
5954,
-2,
31,
-2,
31,
-1,
5955,
-2,
31,
-2,
17,
-2,
17,
-1,
5956,
-2,
31,
-2,
17,
-1,
5957,
-2,
31,
-2,
17,
-1,
5958,
-2,
31,
-2,
17,
-1,
5959,
-2,
31,
-2,
17,
-1,
5960,
-2,
31,
-2,
31,
-1,
5961,
-2,
30,
-2,
31,
-1,
5962,
-2,
30,
-2,
31,
-1,
5963,
-2,
30,
-2,
31,
-1,
5964,
-2,
30,
-2,
31,
-1,
5965,
-2,
30,
-2,
31,
-1,
5966,
-2,
30,
-2,
31,
-1,
5967,
-2,
30,
-2,
31,
-1,
5968,
-2,
30,
-2,
31,
-1,
5969,
-2,
30,
-2,
31,
-1,
5970,
-2,
30,
-2,
31,
-1,
5971,
-2,
30,
-2,
31,
-1,
5972,
-2,
30,
-2,
31,
-1,
5973,
-2,
30,
-2,
31,
-1,
5974,
-2,
30,
-2,
31,
-1,
5975,
-2,
30,
-2,
31,
-1,
5976,
-2,
30,
-2,
31,
-1,
5977,
-2,
30,
-2,
31,
-1,
5978,
-2,
30,
-2,
31,
-1,
5979,
-2,
30,
-2,
31,
-1,
5980,
-2,
30,
-2,
31,
-1,
5981,
-2,
30,
-2,
31,
-1,
5982,
-2,
30,
-2,
31,
-1,
5983,
-2,
30,
-2,
31,
-1,
5984,
-2,
30,
-2,
31,
-1,
5985,
-2,
30,
-2,
31,
-1,
5986,
-2,
30,
-2,
31,
-1,
5987,
-2,
30,
-2,
31,
-1,
5988,
-2,
30,
-2,
31,
-1,
5989,
-2,
30,
-2,
31,
-1,
5990,
-2,
30,
-2,
31,
-1,
5991,
-2,
30,
-2,
31,
-1,
5992,
-2,
30,
-2,
31,
-1,
5993,
-2,
30,
-2,
31,
-2,
17,
-1,
5994,
-2,
30,
-2,
31,
-1,
5995,
-2,
30,
-2,
31,
-1,
5996,
-2,
30,
-2,
31,
-1,
5997,
-2,
30,
-2,
31,
-1,
5998,
-2,
47,
-2,
30,
-2,
31,
-1,
5999,
-2,
32,
-2,
31,
-1,
6000,
-2,
32,
-2,
31,
