-1,
601,
-2,
30,
-2,
17,
-1,
602,
-2,
30,
-2,
17,
-1,
603,
-2,
30,
-2,
17,
-1,
604,
-2,
30,
-2,
17,
-1,
605,
-2,
30,
-1,
606,
-2,
30,
-1,
607,
-2,
30,
-1,
608,
-2,
30,
-1,
609,
-2,
30,
-1,
610,
-2,
30,
-1,
611,
-2,
30,
-1,
612,
-2,
30,
-1,
613,
-2,
30,
-1,
614,
-2,
30,
-2,
17,
-1,
615,
-2,
30,
-2,
17,
-1,
616,
-2,
30,
-2,
17,
-1,
617,
-2,
30,
-2,
17,
-1,
618,
-2,
30,
-2,
17,
-1,
619,
-2,
30,
-2,
17,
-1,
620,
-2,
30,
-2,
17,
-1,
621,
-2,
17,
-1,
622,
-2,
17,
-1,
623,
-2,
32,
-2,
17,
-1,
624,
-2,
32,
-2,
17,
-1,
625,
-2,
30,
-2,
17,
-1,
626,
-2,
30,
-2,
17,
-1,
627,
-2,
30,
-2,
17,
-1,
628,
-2,
30,
-2,
17,
-1,
629,
-2,
30,
-2,
17,
-1,
630,
-2,
30,
-2,
17,
-1,
631,
-2,
30,
-2,
17,
-1,
632,
-2,
30,
-2,
17,
-1,
633,
-2,
30,
-2,
17,
-1,
634,
-2,
30,
-2,
17,
-1,
635,
-2,
30,
-2,
17,
-1,
636,
-2,
30,
-2,
17,
-1,
637,
-2,
30,
-2,
17,
-1,
638,
-2,
30,
-2,
17,
-1,
639,
-2,
30,
-1,
640,
-2,
30,
-1,
641,
-2,
30,
-1,
642,
-2,
30,
-2,
30,
-1,
643,
-2,
30,
-1,
644,
-2,
30,
-1,
645,
-2,
30,
-1,
646,
-2,
32,
-1,
647,
-2,
32,
-1,
648,
-2,
32,
-1,
649,
-2,
32,
-1,
650,
-2,
32,
-1,
651,
-2,
32,
-1,
652,
-2,
32,
-1,
653,
-2,
32,
-1,
654,
-2,
32,
-1,
655,
-2,
32,
-1,
656,
-2,
32,
-1,
657,
-2,
32,
-2,
17,
-1,
658,
-2,
32,
-2,
17,
-1,
659,
-2,
57,
-2,
32,
-2,
17,
-1,
660,
-2,
32,
-2,
17,
-1,
661,
-2,
32,
-2,
17,
-1,
662,
-2,
32,
-2,
17,
-1,
663,
-2,
32,
-2,
17,
-1,
664,
-2,
32,
-2,
17,
-1,
665,
-2,
32,
-2,
17,
-1,
666,
-2,
32,
-2,
17,
-1,
667,
-2,
32,
-2,
17,
-1,
668,
-2,
32,
-2,
17,
-1,
669,
-2,
32,
-2,
17,
-1,
670,
-2,
32,
-2,
17,
-1,
671,
-2,
32,
-2,
17,
-1,
672,
-2,
32,
-2,
17,
-1,
673,
-2,
32,
-2,
17,
-1,
674,
-2,
32,
-2,
17,
-1,
675,
-2,
32,
-2,
17,
-1,
676,
-2,
32,
-2,
17,
-1,
677,
-2,
32,
-2,
17,
-1,
678,
-2,
32,
-2,
31,
-1,
679,
-2,
32,
-2,
31,
-1,
680,
-2,
32,
-2,
31,
-1,
681,
-2,
32,
-2,
31,
-1,
682,
-2,
32,
-2,
31,
-1,
683,
-2,
32,
-2,
31,
-1,
684,
-2,
32,
-2,
31,
-1,
685,
-2,
32,
-2,
31,
-1,
686,
-2,
32,
-2,
31,
-1,
687,
-2,
32,
-2,
31,
-1,
688,
-2,
32,
-2,
31,
-1,
689,
-2,
32,
-2,
31,
-1,
690,
-2,
32,
-2,
31,
-1,
691,
-2,
32,
-2,
31,
-1,
692,
-2,
32,
-2,
31,
-1,
693,
-2,
32,
-2,
31,
-1,
694,
-2,
32,
-2,
31,
-1,
695,
-2,
32,
-2,
31,
-1,
696,
-2,
31,
-2,
31,
-1,
697,
-2,
31,
-2,
31,
-1,
698,
-2,
31,
-2,
31,
-1,
699,
-2,
31,
-2,
31,
-1,
700,
-2,
31,
-2,
31,
-1,
701,
-2,
31,
-2,
31,
-1,
702,
-2,
31,
-2,
31,
-1,
703,
-2,
31,
-2,
31,
-1,
704,
-2,
31,
-2,
31,
-1,
705,
-2,
30,
-2,
31,
-1,
706,
-2,
30,
-2,
31,
-2,
17,
-1,
707,
-2,
30,
-2,
31,
-1,
708,
-2,
30,
-2,
31,
-1,
709,
-2,
30,
-2,
31,
-1,
710,
-2,
30,
-2,
31,
-1,
711,
-2,
30,
-2,
31,
-1,
712,
-2,
30,
-2,
31,
-1,
713,
-2,
30,
-2,
31,
-1,
714,
-2,
30,
-2,
31,
-1,
715,
-2,
30,
-2,
31,
-1,
716,
-2,
30,
-1,
717,
-2,
30,
-1,
718,
-2,
30,
-1,
719,
-2,
30,
-1,
720,
-2,
30,
-2,
17,
