-1,
6001,
-2,
32,
-2,
31,
-1,
6002,
-2,
32,
-2,
31,
-1,
6003,
-2,
32,
-2,
31,
-1,
6004,
-2,
32,
-2,
31,
-1,
6005,
-2,
32,
-2,
31,
-1,
6006,
-2,
32,
-2,
31,
-2,
17,
-1,
6007,
-2,
32,
-2,
31,
-1,
6008,
-2,
32,
-2,
31,
-1,
6009,
-2,
32,
-2,
31,
-1,
6010,
-2,
32,
-2,
31,
-1,
6011,
-2,
32,
-2,
31,
-1,
6012,
-2,
32,
-2,
31,
-1,
6013,
-2,
32,
-2,
31,
-1,
6014,
-2,
32,
-2,
31,
-1,
6015,
-2,
32,
-2,
31,
-1,
6016,
-2,
32,
-2,
31,
-1,
6017,
-2,
32,
-2,
31,
-1,
6018,
-2,
32,
-2,
31,
-1,
6019,
-2,
31,
-2,
17,
-1,
6020,
-2,
31,
-2,
17,
-1,
6021,
-2,
31,
-2,
17,
-1,
6022,
-2,
31,
-2,
17,
-1,
6023,
-2,
31,
-2,
17,
-1,
6024,
-2,
31,
-2,
17,
-1,
6025,
-2,
31,
-2,
17,
-1,
6026,
-2,
31,
-2,
17,
-1,
6027,
-2,
31,
-2,
17,
-1,
6028,
-2,
31,
-2,
17,
-1,
6029,
-2,
31,
-2,
17,
-1,
6030,
-2,
31,
-2,
31,
-1,
6031,
-2,
30,
-2,
31,
-1,
6032,
-2,
30,
-2,
31,
-1,
6033,
-2,
30,
-2,
31,
-1,
6034,
-2,
30,
-2,
31,
-1,
6035,
-2,
30,
-2,
31,
-1,
6036,
-2,
30,
-2,
31,
-1,
6037,
-2,
30,
-2,
17,
-1,
6038,
-2,
30,
-2,
17,
-1,
6039,
-2,
30,
-2,
17,
-1,
6040,
-2,
30,
-2,
17,
-1,
6041,
-2,
17,
-2,
17,
-1,
6042,
-2,
17,
-2,
17,
-2,
17,
-1,
6043,
-2,
17,
-2,
17,
-1,
6044,
-2,
17,
-2,
17,
-1,
6045,
-2,
17,
-2,
17,
-1,
6046,
-2,
17,
-2,
17,
-1,
6047,
-2,
17,
-2,
31,
-1,
6048,
-2,
17,
-2,
17,
-1,
6049,
-2,
17,
-2,
17,
-1,
6050,
-2,
17,
-2,
17,
-1,
6051,
-2,
17,
-2,
17,
-1,
6052,
-2,
17,
-2,
17,
-1,
6053,
-2,
17,
-2,
17,
-1,
6054,
-2,
17,
-2,
17,
-1,
6055,
-2,
17,
-2,
17,
-1,
6056,
-2,
17,
-2,
17,
-1,
6057,
-2,
17,
-2,
17,
-1,
6058,
-2,
17,
-2,
17,
-1,
6059,
-2,
17,
-2,
17,
-1,
6060,
-2,
17,
-2,
17,
-1,
6061,
-2,
17,
-2,
17,
-1,
6062,
-2,
17,
-2,
17,
-1,
6063,
-2,
17,
-2,
17,
-1,
6064,
-2,
17,
-2,
17,
-1,
6065,
-2,
17,
-2,
17,
-1,
6066,
-2,
17,
-2,
31,
-1,
6067,
-2,
17,
-2,
31,
-1,
6068,
-2,
17,
-2,
31,
-1,
6069,
-2,
17,
-2,
31,
-1,
6070,
-2,
17,
-2,
31,
-1,
6071,
-2,
17,
-2,
31,
-1,
6072,
-2,
17,
-2,
31,
-1,
6073,
-2,
17,
-2,
31,
-1,
6074,
-2,
17,
-2,
31,
-1,
6075,
-2,
17,
-2,
17,
-2,
17,
-1,
6076,
-2,
57,
-2,
17,
-1,
6077,
-2,
17,
-2,
17,
-1,
6078,
-2,
17,
-2,
17,
-1,
6079,
-2,
17,
-2,
17,
-1,
6080,
-2,
17,
-2,
31,
-1,
6081,
-2,
17,
-2,
31,
-1,
6082,
-2,
17,
-2,
31,
-1,
6083,
-2,
17,
-2,
31,
-1,
6084,
-2,
17,
-2,
31,
-1,
6085,
-2,
17,
-2,
31,
-1,
6086,
-2,
17,
-2,
31,
-1,
6087,
-2,
17,
-2,
31,
-1,
6088,
-2,
17,
-2,
31,
-1,
6089,
-2,
17,
-2,
31,
-1,
6090,
-2,
17,
-2,
31,
-1,
6091,
-2,
17,
-2,
31,
-1,
6092,
-2,
32,
-2,
17,
-1,
6093,
-2,
32,
-2,
17,
-1,
6094,
-2,
32,
-2,
17,
-1,
6095,
-2,
32,
-2,
17,
-1,
6096,
-2,
32,
-2,
17,
-1,
6097,
-2,
32,
-2,
17,
-1,
6098,
-2,
32,
-2,
17,
-1,
6099,
-2,
32,
-2,
17,
-1,
6100,
-2,
32,
-2,
17,
-1,
6101,
-2,
32,
-2,
31,
-1,
6102,
-2,
32,
-2,
31,
-1,
6103,
-2,
32,
-2,
31,
-1,
6104,
-2,
32,
-2,
31,
-1,
6105,
-2,
32,
-2,
31,
-1,
6106,
-2,
32,
-2,
31,
-1,
6107,
-2,
32,
-2,
31,
-1,
6108,
-2,
32,
-2,
31,
-1,
6109,
-2,
32,
-2,
31,
-1,
6110,
-2,
32,
-2,
31,
-1,
6111,
-2,
32,
-2,
31,
-1,
6112,
-2,
32,
-2,
31,
-1,
6113,
-2,
32,
-2,
31,
-2,
17,
-1,
6114,
-2,
32,
-2,
31,
-1,
6115,
-2,
32,
-2,
31,
-1,
6116,
-2,
32,
-2,
31,
-1,
6117,
-2,
31,
-2,
31,
-1,
6118,
-2,
31,
-2,
30,
-2,
31,
-1,
6119,
-2,
31,
-2,
31,
-1,
6120,
-2,
31,
-2,
31,
