-1,
6121,
-2,
31,
-2,
31,
-1,
6122,
-2,
31,
-2,
31,
-1,
6123,
-2,
31,
-2,
31,
-1,
6124,
-2,
31,
-2,
31,
-1,
6125,
-2,
31,
-2,
31,
-1,
6126,
-2,
31,
-2,
31,
-2,
17,
-1,
6127,
-2,
31,
-2,
31,
-1,
6128,
-2,
31,
-2,
31,
-1,
6129,
-2,
31,
-2,
31,
-1,
6130,
-2,
31,
-2,
31,
-1,
6131,
-2,
31,
-2,
31,
-1,
6132,
-2,
31,
-2,
31,
-1,
6133,
-2,
31,
-2,
31,
-1,
6134,
-2,
31,
-2,
31,
-1,
6135,
-2,
31,
-2,
31,
-1,
6136,
-2,
31,
-2,
31,
-1,
6137,
-2,
31,
-2,
31,
-1,
6138,
-2,
31,
-2,
31,
-1,
6139,
-2,
31,
-2,
17,
-1,
6140,
-2,
31,
-2,
17,
-1,
6141,
-2,
31,
-2,
17,
-1,
6142,
-2,
31,
-2,
17,
-1,
6143,
-2,
31,
-2,
17,
-1,
6144,
-2,
31,
-2,
17,
-1,
6145,
-2,
31,
-2,
17,
-1,
6146,
-2,
31,
-2,
17,
-1,
6147,
-2,
31,
-2,
17,
-1,
6148,
-2,
31,
-2,
17,
-1,
6149,
-2,
31,
-2,
17,
-1,
6150,
-2,
31,
-2,
31,
-1,
6151,
-2,
31,
-2,
31,
-1,
6152,
-2,
31,
-2,
31,
-1,
6153,
-2,
31,
-2,
31,
-1,
6154,
-2,
31,
-2,
31,
-1,
6155,
-2,
31,
-2,
31,
-1,
6156,
-2,
31,
-2,
31,
-1,
6157,
-2,
31,
-2,
17,
-1,
6158,
-2,
31,
-2,
17,
-1,
6159,
-2,
31,
-2,
17,
-1,
6160,
-2,
31,
-2,
17,
-1,
6161,
-2,
31,
-2,
17,
-1,
6162,
-2,
30,
-2,
31,
-2,
17,
-1,
6163,
-2,
30,
-2,
31,
-1,
6164,
-2,
30,
-2,
31,
-1,
6165,
-2,
30,
-2,
31,
-1,
6166,
-2,
30,
-2,
31,
-1,
6167,
-2,
30,
-2,
31,
-1,
6168,
-2,
30,
-2,
31,
-1,
6169,
-2,
30,
-2,
31,
-1,
6170,
-2,
30,
-2,
31,
-1,
6171,
-2,
30,
-2,
31,
-1,
6172,
-2,
30,
-2,
31,
-1,
6173,
-2,
30,
-2,
31,
-1,
6174,
-2,
30,
-2,
31,
-1,
6175,
-2,
30,
-2,
31,
-1,
6176,
-2,
30,
-2,
31,
-1,
6177,
-2,
30,
-2,
31,
-1,
6178,
-2,
30,
-2,
17,
-1,
6179,
-2,
30,
-2,
17,
-1,
6180,
-2,
30,
-2,
17,
-1,
6181,
-2,
30,
-2,
17,
-1,
6182,
-2,
30,
-2,
17,
-1,
6183,
-2,
30,
-2,
17,
-1,
6184,
-2,
30,
-2,
17,
-1,
6185,
-2,
30,
-2,
17,
-1,
6186,
-2,
30,
-2,
31,
-1,
6187,
-2,
30,
-2,
31,
-1,
6188,
-2,
30,
-2,
31,
-1,
6189,
-2,
30,
-2,
31,
-1,
6190,
-2,
30,
-2,
31,
-1,
6191,
-2,
30,
-2,
17,
-1,
6192,
-2,
30,
-2,
17,
-1,
6193,
-2,
30,
-2,
17,
-1,
6194,
-2,
17,
-2,
31,
-1,
6195,
-2,
17,
-2,
17,
-2,
17,
-1,
6196,
-2,
17,
-2,
17,
-1,
6197,
-2,
17,
-2,
17,
-1,
6198,
-2,
17,
-2,
17,
-1,
6199,
-2,
17,
-2,
17,
-1,
6200,
-2,
17,
-2,
31,
-1,
6201,
-2,
17,
-2,
31,
-1,
6202,
-2,
17,
-2,
31,
-1,
6203,
-2,
17,
-2,
31,
-1,
6204,
-2,
17,
-2,
31,
-1,
6205,
-2,
17,
-2,
31,
-1,
6206,
-2,
17,
-2,
31,
-1,
6207,
-2,
17,
-2,
31,
-1,
6208,
-2,
17,
-2,
31,
-1,
6209,
-2,
17,
-2,
31,
-1,
6210,
-2,
17,
-2,
31,
-1,
6211,
-2,
17,
-2,
31,
-1,
6212,
-2,
32,
-2,
17,
-1,
6213,
-2,
32,
-2,
17,
-1,
6214,
-2,
32,
-2,
17,
-1,
6215,
-2,
32,
-2,
17,
-1,
6216,
-2,
32,
-2,
17,
-1,
6217,
-2,
32,
-2,
17,
-1,
6218,
-2,
32,
-2,
17,
-1,
6219,
-2,
32,
-2,
17,
-1,
6220,
-2,
32,
-2,
17,
-1,
6221,
-2,
32,
-2,
31,
-1,
6222,
-2,
32,
-2,
31,
-1,
6223,
-2,
32,
-2,
31,
-1,
6224,
-2,
32,
-2,
31,
-1,
6225,
-2,
32,
-2,
31,
-1,
6226,
-2,
32,
-2,
31,
-1,
6227,
-2,
32,
-2,
31,
-1,
6228,
-2,
32,
-2,
31,
-1,
6229,
-2,
32,
-2,
31,
-1,
6230,
-2,
32,
-2,
31,
-1,
6231,
-2,
32,
-2,
31,
-1,
6232,
-2,
32,
-2,
31,
-1,
6233,
-2,
32,
-2,
31,
-2,
17,
-1,
6234,
-2,
32,
-2,
31,
-1,
6235,
-2,
32,
-2,
31,
-1,
6236,
-2,
32,
-2,
31,
-1,
6237,
-2,
31,
-2,
31,
-1,
6238,
-2,
31,
-2,
30,
-2,
31,
-1,
6239,
-2,
31,
-2,
31,
-1,
6240,
-2,
31,
-2,
31,
