-1,
6241,
-2,
32,
-2,
17,
-1,
6242,
-2,
32,
-2,
17,
-1,
6243,
-2,
32,
-2,
17,
-1,
6244,
-2,
32,
-2,
17,
-1,
6245,
-2,
32,
-2,
17,
-1,
6246,
-2,
32,
-2,
17,
-1,
6247,
-2,
32,
-2,
17,
-1,
6248,
-2,
32,
-2,
17,
-1,
6249,
-2,
32,
-2,
31,
-1,
6250,
-2,
32,
-2,
31,
-1,
6251,
-2,
32,
-2,
31,
-1,
6252,
-2,
32,
-2,
31,
-1,
6253,
-2,
32,
-2,
31,
-1,
6254,
-2,
32,
-2,
31,
-1,
6255,
-2,
32,
-2,
31,
-1,
6256,
-2,
32,
-2,
31,
-1,
6257,
-2,
32,
-2,
31,
-1,
6258,
-2,
32,
-2,
31,
-1,
6259,
-2,
32,
-2,
31,
-1,
6260,
-2,
32,
-2,
31,
-1,
6261,
-2,
32,
-2,
31,
-1,
6262,
-2,
32,
-2,
31,
-1,
6263,
-2,
32,
-2,
31,
-1,
6264,
-2,
32,
-2,
31,
-1,
6265,
-2,
32,
-2,
31,
-1,
6266,
-2,
32,
-2,
31,
-1,
6267,
-2,
32,
-2,
31,
-1,
6268,
-2,
32,
-2,
31,
-1,
6269,
-2,
32,
-2,
31,
-1,
6270,
-2,
32,
-2,
31,
-1,
6271,
-2,
32,
-2,
31,
-1,
6272,
-2,
32,
-2,
31,
-1,
6273,
-2,
32,
-2,
31,
-1,
6274,
-2,
32,
-2,
31,
-1,
6275,
-2,
32,
-2,
31,
-1,
6276,
-2,
32,
-2,
17,
-1,
6277,
-2,
32,
-2,
17,
-1,
6278,
-2,
32,
-2,
17,
-1,
6279,
-2,
32,
-2,
17,
-1,
6280,
-2,
32,
-2,
17,
-1,
6281,
-2,
32,
-2,
17,
-1,
6282,
-2,
32,
-2,
17,
-1,
6283,
-2,
32,
-2,
17,
-1,
6284,
-2,
32,
-2,
17,
-1,
6285,
-2,
32,
-2,
17,
-1,
6286,
-2,
32,
-2,
17,
-1,
6287,
-2,
32,
-2,
17,
-1,
6288,
-2,
32,
-2,
17,
-1,
6289,
-2,
32,
-2,
17,
-1,
6290,
-2,
32,
-2,
17,
-1,
6291,
-2,
32,
-2,
17,
-1,
6292,
-2,
32,
-2,
17,
-1,
6293,
-2,
32,
-2,
17,
-1,
6294,
-2,
32,
-2,
17,
-1,
6295,
-2,
32,
-2,
17,
-1,
6296,
-2,
32,
-2,
17,
-1,
6297,
-2,
32,
-2,
17,
-1,
6298,
-2,
32,
-2,
17,
-1,
6299,
-2,
32,
-2,
17,
-1,
6300,
-2,
32,
-2,
17,
-1,
6301,
-2,
32,
-2,
17,
-1,
6302,
-2,
32,
-2,
17,
-1,
6303,
-2,
32,
-2,
17,
-1,
6304,
-2,
32,
-2,
17,
-1,
6305,
-2,
32,
-2,
17,
-1,
6306,
-2,
32,
-2,
17,
-1,
6307,
-2,
32,
-2,
17,
-1,
6308,
-2,
32,
-2,
17,
-1,
6309,
-2,
32,
-2,
17,
-1,
6310,
-2,
32,
-2,
17,
-1,
6311,
-2,
32,
-2,
17,
-1,
6312,
-2,
32,
-2,
17,
-1,
6313,
-2,
32,
-2,
17,
-1,
6314,
-2,
32,
-2,
17,
-1,
6315,
-2,
32,
-2,
17,
-1,
6316,
-2,
32,
-2,
17,
-1,
6317,
-2,
32,
-2,
17,
-1,
6318,
-2,
32,
-2,
17,
-1,
6319,
-2,
32,
-2,
17,
-1,
6320,
-2,
32,
-2,
17,
-1,
6321,
-2,
32,
-2,
17,
-1,
6322,
-2,
32,
-2,
17,
-1,
6323,
-2,
32,
-2,
17,
-1,
6324,
-2,
32,
-2,
17,
-1,
6325,
-2,
32,
-2,
17,
-1,
6326,
-2,
32,
-2,
17,
-1,
6327,
-2,
32,
-2,
17,
-1,
6328,
-2,
32,
-2,
31,
-1,
6329,
-2,
32,
-2,
31,
-1,
6330,
-2,
32,
-2,
31,
-1,
6331,
-2,
32,
-2,
31,
-1,
6332,
-2,
32,
-2,
31,
-1,
6333,
-2,
32,
-2,
31,
-1,
6334,
-2,
32,
-2,
31,
-1,
6335,
-2,
32,
-2,
31,
-1,
6336,
-2,
32,
-2,
31,
-1,
6337,
-2,
32,
-2,
31,
-1,
6338,
-2,
32,
-2,
31,
-1,
6339,
-2,
32,
-2,
31,
-1,
6340,
-2,
32,
-2,
31,
-1,
6341,
-2,
32,
-2,
31,
-1,
6342,
-2,
32,
-2,
31,
-1,
6343,
-2,
32,
-2,
31,
-1,
6344,
-2,
32,
-2,
31,
-1,
6345,
-2,
32,
-2,
31,
-1,
6346,
-2,
32,
-2,
31,
-1,
6347,
-2,
32,
-2,
17,
-1,
6348,
-2,
32,
-2,
17,
-1,
6349,
-2,
32,
-2,
17,
-1,
6350,
-2,
32,
-2,
17,
-1,
6351,
-2,
32,
-2,
17,
-1,
6352,
-2,
32,
-2,
17,
-1,
6353,
-2,
32,
-2,
17,
-1,
6354,
-2,
32,
-2,
17,
-1,
6355,
-2,
32,
-2,
17,
-1,
6356,
-2,
32,
-2,
17,
-1,
6357,
-2,
32,
-2,
17,
-1,
6358,
-2,
32,
-2,
17,
-1,
6359,
-2,
32,
-2,
17,
-1,
6360,
-2,
32,
-2,
17,
