-1,
6361,
-2,
32,
-2,
17,
-1,
6362,
-2,
32,
-2,
17,
-1,
6363,
-2,
32,
-2,
17,
-1,
6364,
-2,
32,
-2,
17,
-1,
6365,
-2,
32,
-2,
17,
-1,
6366,
-2,
32,
-2,
17,
-1,
6367,
-2,
32,
-2,
17,
-1,
6368,
-2,
32,
-2,
17,
-1,
6369,
-2,
32,
-2,
17,
-1,
6370,
-2,
32,
-2,
17,
-1,
6371,
-2,
32,
-2,
17,
-1,
6372,
-2,
32,
-2,
17,
-1,
6373,
-2,
32,
-2,
17,
-1,
6374,
-2,
32,
-2,
17,
-1,
6375,
-2,
32,
-2,
17,
-1,
6376,
-2,
32,
-2,
17,
-1,
6377,
-2,
32,
-2,
17,
-1,
6378,
-2,
32,
-2,
17,
-1,
6379,
-2,
32,
-2,
17,
-1,
6380,
-2,
32,
-2,
17,
-1,
6381,
-2,
32,
-2,
17,
-1,
6382,
-2,
32,
-2,
17,
-1,
6383,
-2,
32,
-2,
17,
-1,
6384,
-2,
32,
-2,
17,
-1,
6385,
-2,
32,
-2,
17,
-1,
6386,
-2,
32,
-2,
17,
-1,
6387,
-2,
32,
-2,
17,
-1,
6388,
-2,
32,
-2,
17,
-1,
6389,
-2,
32,
-2,
17,
-1,
6390,
-2,
32,
-2,
17,
-1,
6391,
-2,
32,
-2,
17,
-1,
6392,
-2,
32,
-2,
17,
-1,
6393,
-2,
32,
-2,
17,
-1,
6394,
-2,
32,
-2,
17,
-1,
6395,
-2,
32,
-2,
17,
-1,
6396,
-2,
32,
-2,
17,
-1,
6397,
-2,
32,
-2,
17,
-1,
6398,
-2,
32,
-2,
17,
-1,
6399,
-2,
32,
-2,
17,
-1,
6400,
-2,
32,
-2,
17,
-1,
6401,
-2,
32,
-2,
17,
-1,
6402,
-2,
32,
-2,
17,
-1,
6403,
-2,
32,
-2,
17,
-1,
6404,
-2,
32,
-2,
17,
-1,
6405,
-2,
32,
-2,
17,
-1,
6406,
-2,
32,
-2,
17,
-1,
6407,
-2,
32,
-2,
17,
-1,
6408,
-2,
32,
-2,
17,
-1,
6409,
-2,
32,
-2,
17,
-1,
6410,
-2,
32,
-2,
17,
-1,
6411,
-2,
32,
-2,
17,
-1,
6412,
-2,
32,
-2,
17,
-1,
6413,
-2,
32,
-2,
17,
-1,
6414,
-2,
32,
-2,
17,
-1,
6415,
-2,
32,
-2,
17,
-1,
6416,
-2,
32,
-2,
17,
-1,
6417,
-2,
32,
-2,
17,
-1,
6418,
-2,
32,
-2,
17,
-1,
6419,
-2,
32,
-2,
17,
-1,
6420,
-2,
32,
-2,
17,
-1,
6421,
-2,
32,
-2,
17,
-1,
6422,
-2,
32,
-2,
17,
-1,
6423,
-2,
32,
-2,
17,
-1,
6424,
-2,
32,
-2,
17,
-1,
6425,
-2,
32,
-2,
17,
-1,
6426,
-2,
32,
-2,
17,
-1,
6427,
-2,
32,
-2,
17,
-1,
6428,
-2,
32,
-2,
17,
-1,
6429,
-2,
32,
-2,
17,
-1,
6430,
-2,
32,
-2,
17,
-1,
6431,
-2,
32,
-2,
17,
-1,
6432,
-2,
32,
-2,
17,
-1,
6433,
-2,
32,
-2,
17,
-1,
6434,
-2,
32,
-2,
17,
-1,
6435,
-2,
32,
-2,
17,
-1,
6436,
-2,
32,
-2,
17,
-1,
6437,
-2,
32,
-2,
17,
-1,
6438,
-2,
32,
-2,
17,
-1,
6439,
-2,
32,
-2,
17,
-1,
6440,
-2,
32,
-2,
17,
-1,
6441,
-2,
32,
-2,
17,
-1,
6442,
-2,
32,
-2,
17,
-1,
6443,
-2,
32,
-2,
17,
-1,
6444,
-2,
32,
-2,
17,
-1,
6445,
-2,
32,
-2,
17,
-1,
6446,
-2,
32,
-2,
17,
-1,
6447,
-2,
32,
-2,
17,
-1,
6448,
-2,
32,
-2,
31,
-1,
6449,
-2,
32,
-2,
31,
-1,
6450,
-2,
32,
-2,
31,
-1,
6451,
-2,
32,
-2,
31,
-1,
6452,
-2,
32,
-2,
31,
-1,
6453,
-2,
32,
-2,
31,
-1,
6454,
-2,
32,
-2,
31,
-1,
6455,
-2,
32,
-2,
31,
-1,
6456,
-2,
32,
-2,
31,
-1,
6457,
-2,
32,
-2,
31,
-1,
6458,
-2,
32,
-2,
31,
-1,
6459,
-2,
32,
-2,
31,
-1,
6460,
-2,
32,
-2,
31,
-1,
6461,
-2,
32,
-2,
31,
-1,
6462,
-2,
32,
-2,
31,
-1,
6463,
-2,
32,
-2,
31,
-1,
6464,
-2,
32,
-2,
31,
-1,
6465,
-2,
32,
-2,
31,
-1,
6466,
-2,
32,
-2,
31,
-1,
6467,
-2,
32,
-2,
31,
-1,
6468,
-2,
32,
-2,
31,
-1,
6469,
-2,
32,
-2,
31,
-1,
6470,
-2,
32,
-2,
31,
-1,
6471,
-2,
32,
-2,
31,
-1,
6472,
-2,
32,
-2,
31,
-1,
6473,
-2,
32,
-2,
31,
-1,
6474,
-2,
32,
-2,
31,
-1,
6475,
-2,
32,
-2,
31,
-1,
6476,
-2,
32,
-2,
31,
-1,
6477,
-2,
31,
-2,
17,
-1,
6478,
-2,
31,
-2,
17,
-1,
6479,
-2,
31,
-2,
17,
-1,
6480,
-2,
31,
-2,
17,
