-1,
6481,
-2,
31,
-2,
17,
-1,
6482,
-2,
31,
-2,
17,
-1,
6483,
-2,
31,
-2,
17,
-1,
6484,
-2,
31,
-2,
17,
-1,
6485,
-2,
31,
-2,
17,
-1,
6486,
-2,
31,
-2,
17,
-1,
6487,
-2,
31,
-2,
17,
-1,
6488,
-2,
31,
-2,
17,
-1,
6489,
-2,
31,
-2,
17,
-1,
6490,
-2,
31,
-2,
17,
-1,
6491,
-2,
31,
-2,
17,
-1,
6492,
-2,
31,
-2,
17,
-1,
6493,
-2,
31,
-2,
17,
-1,
6494,
-2,
31,
-2,
17,
-1,
6495,
-2,
31,
-2,
17,
-1,
6496,
-2,
31,
-2,
17,
-1,
6497,
-2,
31,
-2,
17,
-1,
6498,
-2,
31,
-2,
17,
-1,
6499,
-2,
31,
-2,
17,
-1,
6500,
-2,
31,
-2,
17,
-1,
6501,
-2,
31,
-2,
17,
-1,
6502,
-2,
31,
-2,
17,
-1,
6503,
-2,
31,
-2,
17,
-1,
6504,
-2,
31,
-2,
17,
-1,
6505,
-2,
31,
-2,
17,
-1,
6506,
-2,
31,
-2,
17,
-1,
6507,
-2,
31,
-2,
17,
-1,
6508,
-2,
31,
-2,
17,
-1,
6509,
-2,
31,
-2,
17,
-1,
6510,
-2,
31,
-2,
17,
-1,
6511,
-2,
31,
-2,
17,
-1,
6512,
-2,
31,
-2,
17,
-1,
6513,
-2,
31,
-2,
17,
-1,
6514,
-2,
31,
-2,
17,
-1,
6515,
-2,
32,
-2,
31,
-1,
6516,
-2,
32,
-2,
31,
-1,
6517,
-2,
32,
-2,
31,
-1,
6518,
-2,
32,
-2,
31,
-1,
6519,
-2,
32,
-2,
31,
-1,
6520,
-2,
32,
-2,
31,
-1,
6521,
-2,
32,
-2,
31,
-1,
6522,
-2,
32,
-2,
31,
-1,
6523,
-2,
32,
-2,
31,
-1,
6524,
-2,
32,
-2,
31,
-1,
6525,
-2,
32,
-2,
31,
-1,
6526,
-2,
32,
-2,
31,
-1,
6527,
-2,
32,
-2,
31,
-1,
6528,
-2,
32,
-2,
31,
-1,
6529,
-2,
32,
-2,
31,
-1,
6530,
-2,
32,
-2,
31,
-1,
6531,
-2,
32,
-2,
31,
-1,
6532,
-2,
32,
-2,
31,
-1,
6533,
-2,
32,
-2,
31,
-1,
6534,
-2,
32,
-2,
31,
-1,
6535,
-2,
32,
-2,
31,
-1,
6536,
-2,
32,
-2,
31,
-1,
6537,
-2,
32,
-2,
31,
-1,
6538,
-2,
32,
-2,
31,
-1,
6539,
-2,
32,
-2,
31,
-1,
6540,
-2,
32,
-2,
31,
-1,
6541,
-2,
32,
-2,
31,
-1,
6542,
-2,
32,
-2,
31,
-1,
6543,
-2,
32,
-2,
31,
-1,
6544,
-2,
32,
-2,
31,
-1,
6545,
-2,
32,
-2,
31,
-1,
6546,
-2,
32,
-2,
31,
-1,
6547,
-2,
32,
-2,
31,
-1,
6548,
-2,
32,
-2,
31,
-1,
6549,
-2,
32,
-2,
31,
-1,
6550,
-2,
32,
-2,
31,
-1,
6551,
-2,
32,
-2,
31,
-1,
6552,
-2,
32,
-2,
31,
-1,
6553,
-2,
32,
-2,
31,
-1,
6554,
-2,
32,
-2,
31,
-1,
6555,
-2,
32,
-2,
31,
-1,
6556,
-2,
32,
-2,
17,
-1,
6557,
-2,
32,
-2,
17,
-1,
6558,
-2,
32,
-2,
17,
-1,
6559,
-2,
32,
-2,
17,
-1,
6560,
-2,
32,
-2,
17,
-1,
6561,
-2,
32,
-2,
17,
-1,
6562,
-2,
32,
-2,
17,
-1,
6563,
-2,
32,
-2,
17,
-1,
6564,
-2,
32,
-2,
17,
-1,
6565,
-2,
32,
-2,
17,
-1,
6566,
-2,
32,
-2,
17,
-1,
6567,
-2,
32,
-2,
17,
-1,
6568,
-2,
32,
-2,
31,
-1,
6569,
-2,
32,
-2,
31,
-1,
6570,
-2,
32,
-2,
31,
-1,
6571,
-2,
32,
-2,
31,
-1,
6572,
-2,
32,
-2,
17,
-1,
6573,
-2,
32,
-2,
17,
-1,
6574,
-2,
32,
-2,
17,
-1,
6575,
-2,
32,
-2,
17,
-1,
6576,
-2,
32,
-2,
17,
-1,
6577,
-2,
32,
-2,
17,
-1,
6578,
-2,
32,
-2,
17,
-1,
6579,
-2,
32,
-2,
17,
-1,
6580,
-2,
32,
-2,
17,
-1,
6581,
-2,
32,
-2,
17,
-1,
6582,
-2,
32,
-2,
17,
-1,
6583,
-2,
32,
-2,
17,
-1,
6584,
-2,
32,
-2,
17,
-1,
6585,
-2,
32,
-2,
17,
-1,
6586,
-2,
32,
-2,
17,
-1,
6587,
-2,
32,
-2,
17,
-1,
6588,
-2,
32,
-2,
17,
-1,
6589,
-2,
32,
-2,
17,
-1,
6590,
-2,
32,
-2,
31,
-1,
6591,
-2,
32,
-2,
31,
-1,
6592,
-2,
32,
-2,
31,
-1,
6593,
-2,
32,
-2,
31,
-1,
6594,
-2,
32,
-2,
31,
-1,
6595,
-2,
32,
-2,
31,
-1,
6596,
-2,
32,
-2,
31,
-1,
6597,
-2,
32,
-2,
17,
-1,
6598,
-2,
32,
-2,
17,
-1,
6599,
-2,
32,
-2,
17,
-1,
6600,
-2,
32,
-2,
17,
