-1,
6601,
-2,
32,
-2,
17,
-1,
6602,
-2,
32,
-2,
17,
-1,
6603,
-2,
32,
-2,
17,
-1,
6604,
-2,
32,
-2,
17,
-1,
6605,
-2,
32,
-2,
17,
-1,
6606,
-2,
32,
-2,
17,
-1,
6607,
-2,
32,
-2,
17,
-1,
6608,
-2,
32,
-2,
17,
-1,
6609,
-2,
32,
-2,
17,
-1,
6610,
-2,
32,
-2,
17,
-1,
6611,
-2,
32,
-2,
17,
-1,
6612,
-2,
32,
-2,
17,
-1,
6613,
-2,
32,
-2,
17,
-1,
6614,
-2,
32,
-2,
17,
-1,
6615,
-2,
32,
-2,
17,
-1,
6616,
-2,
32,
-2,
17,
-1,
6617,
-2,
32,
-2,
17,
-1,
6618,
-2,
32,
-2,
17,
-1,
6619,
-2,
32,
-2,
17,
-1,
6620,
-2,
32,
-2,
17,
-1,
6621,
-2,
32,
-2,
17,
-1,
6622,
-2,
32,
-2,
17,
-1,
6623,
-2,
32,
-2,
17,
-1,
6624,
-2,
32,
-2,
17,
-1,
6625,
-2,
32,
-2,
17,
-1,
6626,
-2,
32,
-2,
17,
-1,
6627,
-2,
32,
-2,
17,
-1,
6628,
-2,
32,
-2,
17,
-1,
6629,
-2,
32,
-2,
17,
-1,
6630,
-2,
32,
-2,
17,
-1,
6631,
-2,
32,
-2,
17,
-1,
6632,
-2,
32,
-2,
17,
-1,
6633,
-2,
32,
-2,
17,
-1,
6634,
-2,
32,
-2,
17,
-1,
6635,
-2,
32,
-2,
17,
-1,
6636,
-2,
32,
-2,
17,
-1,
6637,
-2,
32,
-2,
17,
-1,
6638,
-2,
32,
-2,
17,
-1,
6639,
-2,
32,
-2,
17,
-1,
6640,
-2,
32,
-2,
17,
-1,
6641,
-2,
32,
-2,
17,
-1,
6642,
-2,
32,
-2,
17,
-1,
6643,
-2,
32,
-2,
17,
-1,
6644,
-2,
32,
-2,
17,
-1,
6645,
-2,
32,
-2,
17,
-1,
6646,
-2,
32,
-2,
17,
-1,
6647,
-2,
32,
-2,
17,
-1,
6648,
-2,
32,
-2,
17,
-1,
6649,
-2,
32,
-2,
17,
-1,
6650,
-2,
32,
-2,
17,
-1,
6651,
-2,
32,
-2,
17,
-1,
6652,
-2,
32,
-2,
17,
-1,
6653,
-2,
32,
-2,
17,
-1,
6654,
-2,
32,
-2,
17,
-1,
6655,
-2,
32,
-2,
17,
-1,
6656,
-2,
32,
-2,
17,
-1,
6657,
-2,
32,
-2,
17,
-1,
6658,
-2,
32,
-2,
17,
-1,
6659,
-2,
32,
-2,
17,
-1,
6660,
-2,
32,
-2,
17,
-1,
6661,
-2,
32,
-2,
17,
-1,
6662,
-2,
32,
-2,
17,
-1,
6663,
-2,
32,
-2,
17,
-1,
6664,
-2,
32,
-2,
17,
-1,
6665,
-2,
32,
-2,
17,
-1,
6666,
-2,
32,
-2,
17,
-1,
6667,
-2,
32,
-2,
17,
-1,
6668,
-2,
32,
-2,
31,
-1,
6669,
-2,
32,
-2,
31,
-1,
6670,
-2,
32,
-2,
31,
-1,
6671,
-2,
32,
-2,
31,
-1,
6672,
-2,
32,
-2,
31,
-1,
6673,
-2,
32,
-2,
31,
-1,
6674,
-2,
32,
-2,
31,
-1,
6675,
-2,
32,
-2,
31,
-1,
6676,
-2,
32,
-2,
17,
-1,
6677,
-2,
32,
-2,
17,
-1,
6678,
-2,
32,
-2,
17,
-1,
6679,
-2,
32,
-2,
17,
-1,
6680,
-2,
32,
-2,
17,
-1,
6681,
-2,
32,
-2,
17,
-1,
6682,
-2,
32,
-2,
17,
-1,
6683,
-2,
32,
-2,
17,
-1,
6684,
-2,
32,
-2,
17,
-1,
6685,
-2,
32,
-2,
17,
-1,
6686,
-2,
32,
-2,
17,
-1,
6687,
-2,
32,
-2,
17,
-1,
6688,
-2,
32,
-2,
31,
-1,
6689,
-2,
32,
-2,
31,
-1,
6690,
-2,
32,
-2,
31,
-1,
6691,
-2,
32,
-2,
31,
-1,
6692,
-2,
32,
-2,
17,
-1,
6693,
-2,
32,
-2,
17,
-1,
6694,
-2,
32,
-2,
17,
-1,
6695,
-2,
32,
-2,
17,
-1,
6696,
-2,
32,
-2,
17,
-1,
6697,
-2,
32,
-2,
17,
-1,
6698,
-2,
32,
-2,
17,
-1,
6699,
-2,
32,
-2,
17,
-1,
6700,
-2,
32,
-2,
17,
-1,
6701,
-2,
32,
-2,
17,
-1,
6702,
-2,
32,
-2,
17,
-1,
6703,
-2,
32,
-2,
17,
-1,
6704,
-2,
32,
-2,
17,
-1,
6705,
-2,
32,
-2,
17,
-1,
6706,
-2,
32,
-2,
17,
-1,
6707,
-2,
32,
-2,
17,
-1,
6708,
-2,
32,
-2,
17,
-1,
6709,
-2,
32,
-2,
17,
-1,
6710,
-2,
32,
-2,
31,
-1,
6711,
-2,
32,
-2,
31,
-1,
6712,
-2,
32,
-2,
31,
-1,
6713,
-2,
32,
-2,
31,
-1,
6714,
-2,
32,
-2,
31,
-1,
6715,
-2,
32,
-2,
31,
-1,
6716,
-2,
32,
-2,
31,
-1,
6717,
-2,
32,
-2,
17,
-1,
6718,
-2,
32,
-2,
17,
-1,
6719,
-2,
32,
-2,
17,
-1,
6720,
-2,
32,
-2,
17,
