-1,
6721,
-2,
32,
-2,
17,
-1,
6722,
-2,
32,
-2,
17,
-1,
6723,
-2,
32,
-2,
17,
-1,
6724,
-2,
32,
-2,
17,
-1,
6725,
-2,
32,
-2,
17,
-1,
6726,
-2,
32,
-2,
17,
-1,
6727,
-2,
32,
-2,
17,
-1,
6728,
-2,
32,
-2,
17,
-1,
6729,
-2,
32,
-2,
17,
-1,
6730,
-2,
32,
-2,
17,
-1,
6731,
-2,
32,
-2,
17,
-1,
6732,
-2,
32,
-2,
17,
-1,
6733,
-2,
32,
-2,
17,
-1,
6734,
-2,
32,
-2,
17,
-1,
6735,
-2,
32,
-2,
17,
-1,
6736,
-2,
32,
-2,
17,
-1,
6737,
-2,
32,
-2,
17,
-1,
6738,
-2,
32,
-2,
17,
-1,
6739,
-2,
32,
-2,
17,
-1,
6740,
-2,
32,
-2,
17,
-1,
6741,
-2,
32,
-2,
17,
-1,
6742,
-2,
32,
-2,
17,
-1,
6743,
-2,
32,
-2,
17,
-1,
6744,
-2,
32,
-2,
17,
-1,
6745,
-2,
32,
-2,
17,
-1,
6746,
-2,
32,
-2,
17,
-1,
6747,
-2,
32,
-2,
17,
-1,
6748,
-2,
32,
-2,
17,
-1,
6749,
-2,
32,
-2,
17,
-1,
6750,
-2,
32,
-2,
17,
-1,
6751,
-2,
32,
-2,
17,
-1,
6752,
-2,
32,
-2,
17,
-1,
6753,
-2,
32,
-2,
17,
-1,
6754,
-2,
32,
-2,
17,
-1,
6755,
-2,
32,
-2,
17,
-1,
6756,
-2,
32,
-2,
17,
-1,
6757,
-2,
32,
-2,
17,
-1,
6758,
-2,
32,
-2,
17,
-1,
6759,
-2,
32,
-2,
17,
-1,
6760,
-2,
32,
-2,
17,
-1,
6761,
-2,
32,
-2,
17,
-1,
6762,
-2,
32,
-2,
17,
-1,
6763,
-2,
32,
-2,
17,
-1,
6764,
-2,
32,
-2,
17,
-1,
6765,
-2,
32,
-2,
17,
-1,
6766,
-2,
32,
-2,
17,
-1,
6767,
-2,
32,
-2,
17,
-1,
6768,
-2,
32,
-2,
17,
-1,
6769,
-2,
32,
-2,
17,
-1,
6770,
-2,
32,
-2,
17,
-1,
6771,
-2,
32,
-2,
17,
-1,
6772,
-2,
32,
-2,
31,
-1,
6773,
-2,
32,
-2,
31,
-1,
6774,
-2,
32,
-2,
31,
-1,
6775,
-2,
32,
-2,
31,
-1,
6776,
-2,
32,
-2,
31,
-1,
6777,
-2,
32,
-2,
31,
-1,
6778,
-2,
32,
-2,
31,
-1,
6779,
-2,
32,
-2,
31,
-1,
6780,
-2,
32,
-2,
31,
-1,
6781,
-2,
32,
-2,
31,
-1,
6782,
-2,
32,
-2,
31,
-1,
6783,
-2,
32,
-2,
31,
-1,
6784,
-2,
32,
-2,
31,
-1,
6785,
-2,
32,
-2,
31,
-1,
6786,
-2,
32,
-2,
31,
-1,
6787,
-2,
32,
-2,
31,
-1,
6788,
-2,
32,
-2,
31,
-1,
6789,
-2,
32,
-2,
31,
-1,
6790,
-2,
32,
-2,
31,
-1,
6791,
-2,
32,
-2,
31,
-1,
6792,
-2,
32,
-2,
31,
-1,
6793,
-2,
32,
-2,
31,
-1,
6794,
-2,
32,
-2,
31,
-1,
6795,
-2,
32,
-2,
31,
-1,
6796,
-2,
32,
-2,
17,
-1,
6797,
-2,
32,
-2,
17,
-1,
6798,
-2,
32,
-2,
17,
-1,
6799,
-2,
32,
-2,
17,
-1,
6800,
-2,
32,
-2,
17,
-1,
6801,
-2,
31,
-2,
17,
-1,
6802,
-2,
31,
-2,
17,
-1,
6803,
-2,
31,
-2,
17,
-1,
6804,
-2,
31,
-2,
17,
-1,
6805,
-2,
31,
-2,
17,
-1,
6806,
-2,
31,
-2,
17,
-1,
6807,
-2,
31,
-2,
17,
-1,
6808,
-2,
31,
-2,
31,
-1,
6809,
-2,
31,
-2,
31,
-1,
6810,
-2,
31,
-2,
31,
-1,
6811,
-2,
31,
-2,
31,
-1,
6812,
-2,
31,
-2,
17,
-1,
6813,
-2,
31,
-2,
17,
-1,
6814,
-2,
31,
-2,
17,
-1,
6815,
-2,
31,
-2,
17,
-1,
6816,
-2,
31,
-2,
17,
-1,
6817,
-2,
32,
-2,
17,
-1,
6818,
-2,
32,
-2,
17,
-1,
6819,
-2,
32,
-2,
17,
-1,
6820,
-2,
32,
-2,
17,
-1,
6821,
-2,
32,
-2,
17,
-1,
6822,
-2,
32,
-2,
17,
-1,
6823,
-2,
32,
-2,
17,
-1,
6824,
-2,
32,
-2,
17,
-1,
6825,
-2,
32,
-2,
17,
-1,
6826,
-2,
32,
-2,
17,
-1,
6827,
-2,
32,
-2,
17,
-1,
6828,
-2,
31,
-2,
17,
-1,
6829,
-2,
31,
-2,
17,
-1,
6830,
-2,
31,
-2,
31,
-1,
6831,
-2,
31,
-2,
31,
-1,
6832,
-2,
31,
-2,
31,
-1,
6833,
-2,
31,
-2,
31,
-1,
6834,
-2,
31,
-2,
31,
-1,
6835,
-2,
31,
-2,
31,
-1,
6836,
-2,
31,
-2,
31,
-1,
6837,
-2,
31,
-2,
17,
-1,
6838,
-2,
31,
-2,
17,
-1,
6839,
-2,
31,
-2,
17,
-1,
6840,
-2,
31,
-2,
17,
