-1,
6841,
-2,
31,
-2,
17,
-1,
6842,
-2,
31,
-2,
17,
-1,
6843,
-2,
31,
-2,
17,
-1,
6844,
-2,
31,
-2,
17,
-1,
6845,
-2,
31,
-2,
17,
-1,
6846,
-2,
32,
-2,
17,
-1,
6847,
-2,
32,
-2,
17,
-1,
6848,
-2,
32,
-2,
17,
-1,
6849,
-2,
32,
-2,
17,
-1,
6850,
-2,
32,
-2,
17,
-1,
6851,
-2,
32,
-2,
17,
-1,
6852,
-2,
32,
-2,
17,
-1,
6853,
-2,
32,
-2,
17,
-1,
6854,
-2,
32,
-2,
17,
-1,
6855,
-2,
32,
-2,
17,
-1,
6856,
-2,
32,
-2,
17,
-1,
6857,
-2,
32,
-2,
17,
-1,
6858,
-2,
31,
-2,
17,
-1,
6859,
-2,
31,
-2,
17,
-1,
6860,
-2,
31,
-2,
17,
-1,
6861,
-2,
31,
-2,
17,
-1,
6862,
-2,
31,
-2,
17,
-1,
6863,
-2,
31,
-2,
17,
-1,
6864,
-2,
31,
-2,
17,
-1,
6865,
-2,
31,
-2,
17,
-1,
6866,
-2,
31,
-2,
17,
-1,
6867,
-2,
31,
-2,
17,
-1,
6868,
-2,
31,
-2,
17,
-1,
6869,
-2,
31,
-2,
17,
-1,
6870,
-2,
31,
-2,
17,
-1,
6871,
-2,
31,
-2,
17,
-1,
6872,
-2,
31,
-2,
17,
-1,
6873,
-2,
31,
-2,
17,
-1,
6874,
-2,
31,
-2,
17,
-1,
6875,
-2,
31,
-2,
17,
-1,
6876,
-2,
31,
-2,
17,
-1,
6877,
-2,
31,
-2,
17,
-1,
6878,
-2,
31,
-2,
17,
-1,
6879,
-2,
31,
-2,
17,
-1,
6880,
-2,
32,
-2,
31,
-1,
6881,
-2,
32,
-2,
31,
-1,
6882,
-2,
32,
-2,
31,
-1,
6883,
-2,
32,
-2,
17,
-1,
6884,
-2,
32,
-2,
17,
-1,
6885,
-2,
32,
-2,
17,
-1,
6886,
-2,
32,
-2,
17,
-1,
6887,
-2,
32,
-2,
17,
-1,
6888,
-2,
32,
-2,
17,
-1,
6889,
-2,
32,
-2,
17,
-1,
6890,
-2,
32,
-2,
17,
-1,
6891,
-2,
32,
-2,
17,
-1,
6892,
-2,
32,
-2,
31,
-1,
6893,
-2,
32,
-2,
31,
-1,
6894,
-2,
32,
-2,
31,
-1,
6895,
-2,
32,
-2,
31,
-1,
6896,
-2,
32,
-2,
31,
-1,
6897,
-2,
32,
-2,
31,
-1,
6898,
-2,
32,
-2,
31,
-1,
6899,
-2,
32,
-2,
31,
-1,
6900,
-2,
32,
-2,
31,
-1,
6901,
-2,
32,
-2,
31,
-1,
6902,
-2,
32,
-2,
31,
-1,
6903,
-2,
32,
-2,
31,
-1,
6904,
-2,
32,
-2,
31,
-1,
6905,
-2,
32,
-2,
31,
-1,
6906,
-2,
32,
-2,
31,
-1,
6907,
-2,
32,
-2,
31,
-1,
6908,
-2,
32,
-2,
31,
-1,
6909,
-2,
32,
-2,
31,
-1,
6910,
-2,
32,
-2,
31,
-1,
6911,
-2,
32,
-2,
31,
-1,
6912,
-2,
32,
-2,
31,
-1,
6913,
-2,
32,
-2,
31,
-1,
6914,
-2,
32,
-2,
31,
-1,
6915,
-2,
32,
-2,
31,
-1,
6916,
-2,
32,
-2,
17,
-1,
6917,
-2,
32,
-2,
17,
-1,
6918,
-2,
32,
-2,
17,
-1,
6919,
-2,
32,
-2,
17,
-1,
6920,
-2,
32,
-2,
17,
-1,
6921,
-2,
32,
-2,
17,
-1,
6922,
-2,
32,
-2,
17,
-1,
6923,
-2,
32,
-2,
17,
-1,
6924,
-2,
32,
-2,
17,
-1,
6925,
-2,
32,
-2,
17,
-1,
6926,
-2,
32,
-2,
17,
-1,
6927,
-2,
32,
-2,
17,
-1,
6928,
-2,
32,
-2,
31,
-1,
6929,
-2,
32,
-2,
31,
-1,
6930,
-2,
32,
-2,
31,
-1,
6931,
-2,
32,
-2,
31,
-1,
6932,
-2,
32,
-2,
17,
-1,
6933,
-2,
32,
-2,
17,
-1,
6934,
-2,
32,
-2,
17,
-1,
6935,
-2,
32,
-2,
17,
-1,
6936,
-2,
32,
-2,
17,
-1,
6937,
-2,
32,
-2,
17,
-1,
6938,
-2,
32,
-2,
17,
-1,
6939,
-2,
32,
-2,
17,
-1,
6940,
-2,
32,
-2,
17,
-1,
6941,
-2,
32,
-2,
17,
-1,
6942,
-2,
32,
-2,
17,
-1,
6943,
-2,
32,
-2,
17,
-1,
6944,
-2,
32,
-2,
17,
-1,
6945,
-2,
32,
-2,
17,
-1,
6946,
-2,
32,
-2,
17,
-1,
6947,
-2,
32,
-2,
17,
-1,
6948,
-2,
32,
-2,
17,
-1,
6949,
-2,
32,
-2,
17,
-1,
6950,
-2,
32,
-2,
31,
-1,
6951,
-2,
32,
-2,
31,
-1,
6952,
-2,
32,
-2,
31,
-1,
6953,
-2,
32,
-2,
31,
-1,
6954,
-2,
32,
-2,
17,
-1,
6955,
-2,
32,
-2,
17,
-1,
6956,
-2,
32,
-2,
17,
-1,
6957,
-2,
32,
-2,
17,
-1,
6958,
-2,
32,
-2,
17,
-1,
6959,
-2,
32,
-2,
17,
-1,
6960,
-2,
32,
-2,
17,
