-1,
6961,
-2,
32,
-2,
17,
-1,
6962,
-2,
32,
-2,
17,
-1,
6963,
-2,
32,
-2,
17,
-1,
6964,
-2,
32,
-2,
17,
-1,
6965,
-2,
32,
-2,
17,
-1,
6966,
-2,
32,
-2,
17,
-1,
6967,
-2,
32,
-2,
17,
-1,
6968,
-2,
32,
-2,
17,
-1,
6969,
-2,
32,
-2,
17,
-1,
6970,
-2,
32,
-2,
17,
-1,
6971,
-2,
32,
-2,
17,
-1,
6972,
-2,
32,
-2,
17,
-1,
6973,
-2,
32,
-2,
17,
-1,
6974,
-2,
32,
-2,
17,
-1,
6975,
-2,
32,
-2,
17,
-1,
6976,
-2,
32,
-2,
17,
-1,
6977,
-2,
32,
-2,
17,
-1,
6978,
-2,
32,
-2,
17,
-1,
6979,
-2,
32,
-2,
17,
-1,
6980,
-2,
32,
-2,
17,
-1,
6981,
-2,
32,
-2,
17,
-1,
6982,
-2,
32,
-2,
17,
-1,
6983,
-2,
32,
-2,
17,
-1,
6984,
-2,
32,
-2,
17,
-1,
6985,
-2,
32,
-2,
17,
-1,
6986,
-2,
32,
-2,
17,
-1,
6987,
-2,
32,
-2,
17,
-1,
6988,
-2,
32,
-2,
17,
-1,
6989,
-2,
32,
-2,
17,
-1,
6990,
-2,
32,
-2,
17,
-1,
6991,
-2,
32,
-2,
17,
-1,
6992,
-2,
32,
-2,
17,
-1,
6993,
-2,
32,
-2,
17,
-1,
6994,
-2,
32,
-2,
17,
-1,
6995,
-2,
32,
-2,
17,
-1,
6996,
-2,
32,
-2,
17,
-1,
6997,
-2,
32,
-2,
17,
-1,
6998,
-2,
32,
-2,
17,
-1,
6999,
-2,
32,
-2,
17,
-1,
7000,
-2,
32,
-2,
17,
-1,
7001,
-2,
32,
-2,
17,
-1,
7002,
-2,
32,
-2,
17,
-1,
7003,
-2,
32,
-2,
17,
-1,
7004,
-2,
32,
-2,
17,
-1,
7005,
-2,
32,
-2,
17,
-1,
7006,
-2,
32,
-2,
17,
-1,
7007,
-2,
32,
-2,
17,
-1,
7008,
-2,
32,
-2,
17,
-1,
7009,
-2,
32,
-2,
17,
-1,
7010,
-2,
32,
-2,
17,
-1,
7011,
-2,
32,
-2,
17,
-1,
7012,
-2,
32,
-2,
17,
-1,
7013,
-2,
32,
-2,
17,
-1,
7014,
-2,
32,
-2,
17,
-1,
7015,
-2,
32,
-2,
17,
-1,
7016,
-2,
32,
-2,
17,
-1,
7017,
-2,
32,
-2,
17,
-1,
7018,
-2,
32,
-2,
17,
-1,
7019,
-2,
32,
-2,
17,
-1,
7020,
-2,
32,
-2,
17,
-1,
7021,
-2,
32,
-2,
17,
-1,
7022,
-2,
32,
-2,
17,
-1,
7023,
-2,
32,
-2,
17,
-1,
7024,
-2,
32,
-2,
17,
-1,
7025,
-2,
32,
-2,
17,
-1,
7026,
-2,
32,
-2,
17,
-1,
7027,
-2,
32,
-2,
17,
-1,
7028,
-2,
32,
-2,
17,
-1,
7029,
-2,
32,
-2,
17,
-1,
7030,
-2,
32,
-2,
17,
-1,
7031,
-2,
32,
-2,
17,
-1,
7032,
-2,
32,
-2,
17,
-1,
7033,
-2,
32,
-2,
17,
-1,
7034,
-2,
32,
-2,
17,
-1,
7035,
-2,
32,
-2,
17,
-1,
7036,
-2,
32,
-2,
17,
-1,
7037,
-2,
32,
-2,
17,
-1,
7038,
-2,
32,
-2,
17,
-1,
7039,
-2,
32,
-2,
17,
-1,
7040,
-2,
32,
-2,
17,
-1,
7041,
-2,
32,
-2,
17,
-1,
7042,
-2,
32,
-2,
17,
-1,
7043,
-2,
32,
-2,
17,
-1,
7044,
-2,
32,
-2,
17,
-1,
7045,
-2,
32,
-2,
17,
-1,
7046,
-2,
32,
-2,
17,
-1,
7047,
-2,
32,
-2,
17,
-1,
7048,
-2,
32,
-2,
31,
-1,
7049,
-2,
32,
-2,
31,
-1,
7050,
-2,
32,
-2,
31,
-1,
7051,
-2,
32,
-2,
31,
-1,
7052,
-2,
32,
-2,
17,
-1,
7053,
-2,
32,
-2,
17,
-1,
7054,
-2,
32,
-2,
17,
-1,
7055,
-2,
32,
-2,
17,
-1,
7056,
-2,
32,
-2,
17,
-1,
7057,
-2,
32,
-2,
17,
-1,
7058,
-2,
32,
-2,
17,
-1,
7059,
-2,
32,
-2,
17,
-1,
7060,
-2,
32,
-2,
17,
-1,
7061,
-2,
32,
-2,
17,
-1,
7062,
-2,
32,
-2,
17,
-1,
7063,
-2,
32,
-2,
17,
-1,
7064,
-2,
32,
-2,
17,
-1,
7065,
-2,
32,
-2,
17,
-1,
7066,
-2,
32,
-2,
17,
-1,
7067,
-2,
32,
-2,
17,
-1,
7068,
-2,
32,
-2,
17,
-1,
7069,
-2,
32,
-2,
17,
-1,
7070,
-2,
32,
-2,
31,
-1,
7071,
-2,
32,
-2,
31,
-1,
7072,
-2,
32,
-2,
31,
-1,
7073,
-2,
32,
-2,
31,
-1,
7074,
-2,
32,
-2,
17,
-1,
7075,
-2,
32,
-2,
17,
-1,
7076,
-2,
32,
-2,
17,
-1,
7077,
-2,
32,
-2,
17,
-1,
7078,
-2,
32,
-2,
17,
-1,
7079,
-2,
32,
-2,
17,
-1,
7080,
-2,
32,
-2,
17,
