-1,
7081,
-2,
32,
-2,
17,
-1,
7082,
-2,
32,
-2,
17,
-1,
7083,
-2,
32,
-2,
17,
-1,
7084,
-2,
32,
-2,
17,
-1,
7085,
-2,
32,
-2,
17,
-1,
7086,
-2,
32,
-2,
17,
-1,
7087,
-2,
32,
-2,
17,
-1,
7088,
-2,
32,
-2,
17,
-1,
7089,
-2,
32,
-2,
17,
-1,
7090,
-2,
32,
-2,
17,
-1,
7091,
-2,
32,
-2,
17,
-1,
7092,
-2,
32,
-2,
17,
-1,
7093,
-2,
32,
-2,
17,
-1,
7094,
-2,
32,
-2,
17,
-1,
7095,
-2,
32,
-2,
17,
-1,
7096,
-2,
32,
-2,
17,
-1,
7097,
-2,
32,
-2,
17,
-1,
7098,
-2,
32,
-2,
17,
-1,
7099,
-2,
32,
-2,
17,
-1,
7100,
-2,
32,
-2,
17,
-1,
7101,
-2,
32,
-2,
17,
-1,
7102,
-2,
32,
-2,
17,
-1,
7103,
-2,
32,
-2,
17,
-1,
7104,
-2,
32,
-2,
17,
-1,
7105,
-2,
32,
-2,
17,
-1,
7106,
-2,
32,
-2,
17,
-1,
7107,
-2,
32,
-2,
17,
-1,
7108,
-2,
32,
-2,
17,
-1,
7109,
-2,
32,
-2,
17,
-1,
7110,
-2,
32,
-2,
17,
-1,
7111,
-2,
32,
-2,
17,
-1,
7112,
-2,
32,
-2,
17,
-1,
7113,
-2,
32,
-2,
17,
-1,
7114,
-2,
32,
-2,
17,
-1,
7115,
-2,
32,
-2,
17,
-1,
7116,
-2,
32,
-2,
17,
-1,
7117,
-2,
32,
-2,
17,
-1,
7118,
-2,
32,
-2,
17,
-1,
7119,
-2,
32,
-2,
17,
-1,
7120,
-2,
32,
-2,
17,
-1,
7121,
-2,
32,
-2,
17,
-1,
7122,
-2,
32,
-2,
17,
-1,
7123,
-2,
32,
-2,
17,
-1,
7124,
-2,
32,
-2,
17,
-1,
7125,
-2,
32,
-2,
17,
-1,
7126,
-2,
32,
-2,
17,
-1,
7127,
-2,
17,
-2,
17,
-1,
7128,
-2,
17,
-2,
17,
-1,
7129,
-2,
17,
-2,
17,
-1,
7130,
-2,
17,
-2,
17,
-1,
7131,
-2,
17,
-2,
17,
-1,
7132,
-2,
32,
-2,
17,
-1,
7133,
-2,
32,
-2,
17,
-1,
7134,
-2,
32,
-2,
17,
-1,
7135,
-2,
32,
-2,
17,
-1,
7136,
-2,
32,
-2,
17,
-1,
7137,
-2,
32,
-2,
17,
-1,
7138,
-2,
32,
-2,
17,
-1,
7139,
-2,
32,
-2,
17,
-1,
7140,
-2,
32,
-2,
17,
-1,
7141,
-2,
32,
-2,
17,
-1,
7142,
-2,
32,
-2,
17,
-1,
7143,
-2,
32,
-2,
17,
-1,
7144,
-2,
32,
-2,
17,
-1,
7145,
-2,
32,
-2,
17,
-1,
7146,
-2,
32,
-2,
17,
-1,
7147,
-2,
32,
-2,
17,
-1,
7148,
-2,
32,
-2,
17,
-1,
7149,
-2,
32,
-2,
17,
-1,
7150,
-2,
32,
-2,
17,
-1,
7151,
-2,
32,
-2,
17,
-1,
7152,
-2,
32,
-2,
17,
-1,
7153,
-2,
32,
-2,
17,
-1,
7154,
-2,
32,
-2,
17,
-1,
7155,
-2,
32,
-2,
17,
-1,
7156,
-2,
32,
-2,
17,
-1,
7157,
-2,
32,
-2,
17,
-1,
7158,
-2,
32,
-2,
17,
-1,
7159,
-2,
32,
-2,
17,
-1,
7160,
-2,
32,
-2,
17,
-1,
7161,
-2,
32,
-2,
17,
-1,
7162,
-2,
32,
-2,
17,
-1,
7163,
-2,
32,
-2,
17,
-1,
7164,
-2,
32,
-2,
17,
-1,
7165,
-2,
32,
-2,
17,
-1,
7166,
-2,
32,
-2,
17,
-1,
7167,
-2,
32,
-2,
17,
-1,
7168,
-2,
32,
-2,
31,
-1,
7169,
-2,
32,
-2,
31,
-1,
7170,
-2,
32,
-2,
31,
-1,
7171,
-2,
32,
-2,
31,
-1,
7172,
-2,
32,
-2,
17,
-1,
7173,
-2,
32,
-2,
17,
-1,
7174,
-2,
32,
-2,
17,
-1,
7175,
-2,
32,
-2,
17,
-1,
7176,
-2,
32,
-2,
17,
-1,
7177,
-2,
32,
-2,
17,
-1,
7178,
-2,
32,
-2,
17,
-1,
7179,
-2,
32,
-2,
17,
-1,
7180,
-2,
32,
-2,
17,
-1,
7181,
-2,
32,
-2,
17,
-1,
7182,
-2,
32,
-2,
17,
-1,
7183,
-2,
32,
-2,
17,
-1,
7184,
-2,
32,
-2,
17,
-1,
7185,
-2,
32,
-2,
17,
-1,
7186,
-2,
32,
-2,
17,
-1,
7187,
-2,
32,
-2,
17,
-1,
7188,
-2,
32,
-2,
17,
-1,
7189,
-2,
32,
-2,
17,
-1,
7190,
-2,
32,
-2,
31,
-1,
7191,
-2,
32,
-2,
31,
-1,
7192,
-2,
32,
-2,
31,
-1,
7193,
-2,
32,
-2,
31,
-1,
7194,
-2,
32,
-2,
17,
-1,
7195,
-2,
32,
-2,
17,
-1,
7196,
-2,
32,
-2,
17,
-1,
7197,
-2,
32,
-2,
17,
-1,
7198,
-2,
32,
-2,
17,
-1,
7199,
-2,
32,
-2,
17,
-1,
7200,
-2,
32,
-2,
17,
