-1,
7201,
-2,
32,
-2,
17,
-1,
7202,
-2,
32,
-2,
17,
-1,
7203,
-2,
32,
-2,
17,
-1,
7204,
-2,
32,
-2,
17,
-1,
7205,
-2,
32,
-2,
17,
-1,
7206,
-2,
32,
-2,
17,
-1,
7207,
-2,
32,
-2,
17,
-1,
7208,
-2,
32,
-2,
17,
-1,
7209,
-2,
32,
-2,
17,
-1,
7210,
-2,
32,
-2,
17,
-1,
7211,
-2,
32,
-2,
17,
-1,
7212,
-2,
32,
-2,
17,
-1,
7213,
-2,
32,
-2,
17,
-1,
7214,
-2,
32,
-2,
17,
-1,
7215,
-2,
32,
-2,
17,
-1,
7216,
-2,
32,
-2,
17,
-1,
7217,
-2,
32,
-2,
17,
-1,
7218,
-2,
32,
-2,
17,
-1,
7219,
-2,
32,
-2,
17,
-1,
7220,
-2,
32,
-2,
17,
-1,
7221,
-2,
32,
-2,
17,
-1,
7222,
-2,
32,
-2,
17,
-1,
7223,
-2,
32,
-2,
17,
-1,
7224,
-2,
32,
-2,
17,
-1,
7225,
-2,
32,
-2,
17,
-1,
7226,
-2,
32,
-2,
17,
-1,
7227,
-2,
32,
-2,
31,
-1,
7228,
-2,
32,
-2,
31,
-1,
7229,
-2,
32,
-2,
31,
-1,
7230,
-2,
31,
-2,
17,
-1,
7231,
-2,
31,
-2,
17,
-1,
7232,
-2,
31,
-2,
17,
-1,
7233,
-2,
31,
-2,
17,
-1,
7234,
-2,
31,
-2,
17,
-1,
7235,
-2,
31,
-2,
17,
-1,
7236,
-2,
31,
-2,
17,
-1,
7237,
-2,
31,
-2,
17,
-1,
7238,
-2,
31,
-2,
17,
-1,
7239,
-2,
31,
-2,
17,
-1,
7240,
-2,
31,
-2,
17,
-1,
7241,
-2,
31,
-2,
17,
-1,
7242,
-2,
31,
-2,
17,
-1,
7243,
-2,
31,
-2,
17,
-1,
7244,
-2,
31,
-2,
17,
-1,
7245,
-2,
31,
-2,
17,
-1,
7246,
-2,
31,
-2,
17,
-1,
7247,
-2,
31,
-2,
17,
-1,
7248,
-2,
31,
-2,
17,
-1,
7249,
-2,
31,
-2,
17,
-1,
7250,
-2,
31,
-2,
17,
-1,
7251,
-2,
31,
-2,
17,
-1,
7252,
-2,
31,
-2,
17,
-1,
7253,
-2,
31,
-2,
17,
-1,
7254,
-2,
31,
-2,
17,
-1,
7255,
-2,
31,
-2,
17,
-1,
7256,
-2,
31,
-2,
17,
-1,
7257,
-2,
31,
-2,
17,
-1,
7258,
-2,
31,
-2,
17,
-1,
7259,
-2,
31,
-2,
17,
-1,
7260,
-2,
31,
-2,
17,
-1,
7261,
-2,
31,
-2,
17,
-1,
7262,
-2,
31,
-2,
17,
-1,
7263,
-2,
31,
-2,
17,
-1,
7264,
-2,
31,
-2,
17,
-1,
7265,
-2,
31,
-2,
17,
-1,
7266,
-2,
31,
-2,
17,
-1,
7267,
-2,
31,
-2,
17,
-1,
7268,
-2,
31,
-2,
17,
-1,
7269,
-2,
31,
-2,
17,
-1,
7270,
-2,
31,
-2,
17,
-1,
7271,
-2,
31,
-2,
17,
-1,
7272,
-2,
31,
-2,
17,
-1,
7273,
-2,
31,
-2,
17,
-1,
7274,
-2,
31,
-2,
17,
-1,
7275,
-2,
31,
-2,
17,
-1,
7276,
-2,
31,
-2,
17,
-1,
7277,
-2,
31,
-2,
17,
-1,
7278,
-2,
31,
-2,
17,
-1,
7279,
-2,
31,
-2,
17,
-1,
7280,
-2,
31,
-2,
17,
-1,
7281,
-2,
31,
-2,
17,
-1,
7282,
-2,
31,
-2,
17,
-1,
7283,
-2,
31,
-2,
17,
-1,
7284,
-2,
31,
-2,
17,
-1,
7285,
-2,
31,
-2,
17,
-1,
7286,
-2,
31,
-2,
17,
-1,
7287,
-2,
31,
-2,
17,
-1,
7288,
-2,
31,
-2,
31,
-1,
7289,
-2,
31,
-2,
31,
-1,
7290,
-2,
31,
-2,
31,
-1,
7291,
-2,
31,
-2,
31,
-1,
7292,
-2,
31,
-2,
17,
-1,
7293,
-2,
31,
-2,
17,
-1,
7294,
-2,
31,
-2,
17,
-1,
7295,
-2,
31,
-2,
17,
-1,
7296,
-2,
31,
-2,
17,
-1,
7297,
-2,
31,
-2,
17,
-1,
7298,
-2,
31,
-2,
17,
-1,
7299,
-2,
31,
-2,
17,
-1,
7300,
-2,
31,
-2,
17,
-1,
7301,
-2,
31,
-2,
17,
-1,
7302,
-2,
31,
-2,
17,
-1,
7303,
-2,
31,
-2,
17,
-1,
7304,
-2,
31,
-2,
17,
-1,
7305,
-2,
31,
-2,
17,
-1,
7306,
-2,
31,
-2,
17,
-1,
7307,
-2,
31,
-2,
17,
-1,
7308,
-2,
31,
-2,
17,
-1,
7309,
-2,
31,
-2,
17,
-1,
7310,
-2,
31,
-2,
31,
-1,
7311,
-2,
31,
-2,
31,
-1,
7312,
-2,
31,
-2,
31,
-1,
7313,
-2,
31,
-2,
31,
-1,
7314,
-2,
31,
-2,
17,
-1,
7315,
-2,
31,
-2,
17,
-1,
7316,
-2,
32,
-2,
31,
-1,
7317,
-2,
32,
-2,
31,
-1,
7318,
-2,
32,
-2,
31,
-1,
7319,
-2,
32,
-2,
31,
-1,
7320,
-2,
32,
-2,
31,
