-1,
7321,
-2,
32,
-2,
31,
-1,
7322,
-2,
32,
-2,
31,
-1,
7323,
-2,
32,
-2,
17,
-1,
7324,
-2,
32,
-2,
17,
-1,
7325,
-2,
32,
-2,
17,
-1,
7326,
-2,
32,
-2,
17,
-1,
7327,
-2,
32,
-2,
17,
-1,
7328,
-2,
32,
-2,
17,
-1,
7329,
-2,
32,
-2,
17,
-1,
7330,
-2,
32,
-2,
17,
-1,
7331,
-2,
32,
-2,
17,
-1,
7332,
-2,
32,
-2,
17,
-1,
7333,
-2,
32,
-2,
17,
-1,
7334,
-2,
32,
-2,
17,
-1,
7335,
-2,
32,
-2,
17,
-1,
7336,
-2,
32,
-2,
17,
-1,
7337,
-2,
32,
-2,
17,
-1,
7338,
-2,
32,
-2,
17,
-1,
7339,
-2,
32,
-2,
17,
-1,
7340,
-2,
32,
-2,
17,
-1,
7341,
-2,
32,
-2,
17,
-1,
7342,
-2,
32,
-2,
17,
-1,
7343,
-2,
32,
-2,
17,
-1,
7344,
-2,
32,
-2,
17,
-1,
7345,
-2,
32,
-2,
17,
-1,
7346,
-2,
32,
-2,
17,
-1,
7347,
-2,
32,
-2,
31,
-1,
7348,
-2,
32,
-2,
31,
-1,
7349,
-2,
32,
-2,
31,
-1,
7350,
-2,
32,
-2,
17,
-1,
7351,
-2,
32,
-2,
17,
-1,
7352,
-2,
32,
-2,
17,
-1,
7353,
-2,
32,
-2,
17,
-1,
7354,
-2,
32,
-2,
17,
-1,
7355,
-2,
32,
-2,
17,
-1,
7356,
-2,
32,
-2,
17,
-1,
7357,
-2,
32,
-2,
17,
-1,
7358,
-2,
32,
-2,
17,
-1,
7359,
-2,
32,
-2,
17,
-1,
7360,
-2,
32,
-2,
17,
-1,
7361,
-2,
32,
-2,
17,
-1,
7362,
-2,
32,
-2,
17,
-1,
7363,
-2,
32,
-2,
17,
-1,
7364,
-2,
32,
-2,
17,
-1,
7365,
-2,
32,
-2,
17,
-1,
7366,
-2,
32,
-2,
17,
-1,
7367,
-2,
32,
-2,
17,
-1,
7368,
-2,
32,
-2,
17,
-1,
7369,
-2,
32,
-2,
17,
-1,
7370,
-2,
32,
-2,
17,
-1,
7371,
-2,
32,
-2,
17,
-1,
7372,
-2,
32,
-2,
17,
-1,
7373,
-2,
32,
-2,
17,
-1,
7374,
-2,
32,
-2,
17,
-1,
7375,
-2,
32,
-2,
17,
-1,
7376,
-2,
32,
-2,
17,
-1,
7377,
-2,
32,
-2,
17,
-1,
7378,
-2,
32,
-2,
17,
-1,
7379,
-2,
32,
-2,
17,
-1,
7380,
-2,
32,
-2,
17,
-1,
7381,
-2,
32,
-2,
17,
-1,
7382,
-2,
32,
-2,
17,
-1,
7383,
-2,
32,
-2,
17,
-1,
7384,
-2,
32,
-2,
17,
-1,
7385,
-2,
32,
-2,
17,
-1,
7386,
-2,
32,
-2,
17,
-1,
7387,
-2,
32,
-2,
17,
-1,
7388,
-2,
32,
-2,
17,
-1,
7389,
-2,
32,
-2,
17,
-1,
7390,
-2,
32,
-2,
17,
-1,
7391,
-2,
32,
-2,
17,
-1,
7392,
-2,
32,
-2,
17,
-1,
7393,
-2,
32,
-2,
17,
-1,
7394,
-2,
32,
-2,
17,
-1,
7395,
-2,
32,
-2,
17,
-1,
7396,
-2,
32,
-2,
17,
-1,
7397,
-2,
32,
-2,
17,
-1,
7398,
-2,
32,
-2,
17,
-1,
7399,
-2,
32,
-2,
17,
-1,
7400,
-2,
32,
-2,
17,
-1,
7401,
-2,
32,
-2,
17,
-1,
7402,
-2,
32,
-2,
17,
-1,
7403,
-2,
32,
-2,
17,
-1,
7404,
-2,
32,
-2,
17,
-1,
7405,
-2,
32,
-2,
17,
-1,
7406,
-2,
32,
-2,
17,
-1,
7407,
-2,
32,
-2,
17,
-1,
7408,
-2,
32,
-2,
17,
-1,
7409,
-2,
32,
-2,
17,
-1,
7410,
-2,
32,
-2,
17,
-1,
7411,
-2,
32,
-2,
17,
-1,
7412,
-2,
32,
-2,
17,
-1,
7413,
-2,
32,
-2,
17,
-1,
7414,
-2,
32,
-2,
17,
-1,
7415,
-2,
32,
-2,
17,
-1,
7416,
-2,
32,
-2,
17,
-1,
7417,
-2,
32,
-2,
17,
-1,
7418,
-2,
32,
-2,
17,
-1,
7419,
-2,
32,
-2,
17,
-1,
7420,
-2,
32,
-2,
17,
-1,
7421,
-2,
32,
-2,
17,
-1,
7422,
-2,
32,
-2,
17,
-1,
7423,
-2,
32,
-2,
17,
-1,
7424,
-2,
32,
-2,
17,
-1,
7425,
-2,
32,
-2,
17,
-1,
7426,
-2,
32,
-2,
17,
-1,
7427,
-2,
32,
-2,
17,
-1,
7428,
-2,
32,
-2,
17,
-1,
7429,
-2,
32,
-2,
17,
-1,
7430,
-2,
32,
-2,
17,
-1,
7431,
-2,
32,
-2,
17,
-1,
7432,
-2,
32,
-2,
17,
-1,
7433,
-2,
32,
-2,
17,
-1,
7434,
-2,
32,
-2,
17,
-1,
7435,
-2,
32,
-2,
17,
-1,
7436,
-2,
32,
-2,
17,
-1,
7437,
-2,
32,
-2,
17,
-1,
7438,
-2,
32,
-2,
17,
-1,
7439,
-2,
32,
-2,
17,
-1,
7440,
-2,
32,
-2,
17,
