-1,
7441,
-2,
32,
-2,
17,
-1,
7442,
-2,
32,
-2,
17,
-1,
7443,
-2,
32,
-2,
17,
-1,
7444,
-2,
32,
-2,
17,
-1,
7445,
-2,
32,
-2,
17,
-1,
7446,
-2,
32,
-2,
17,
-1,
7447,
-2,
32,
-2,
17,
-1,
7448,
-2,
32,
-2,
17,
-1,
7449,
-2,
32,
-2,
17,
-1,
7450,
-2,
32,
-2,
17,
-1,
7451,
-2,
32,
-2,
17,
-1,
7452,
-2,
32,
-2,
17,
-1,
7453,
-2,
32,
-2,
17,
-1,
7454,
-2,
32,
-2,
17,
-1,
7455,
-2,
32,
-2,
17,
-1,
7456,
-2,
32,
-2,
17,
-1,
7457,
-2,
32,
-2,
17,
-1,
7458,
-2,
32,
-2,
17,
-1,
7459,
-2,
32,
-2,
17,
-1,
7460,
-2,
32,
-2,
17,
-1,
7461,
-2,
32,
-2,
17,
-1,
7462,
-2,
32,
-2,
17,
-1,
7463,
-2,
32,
-2,
17,
-1,
7464,
-2,
32,
-2,
17,
-1,
7465,
-2,
32,
-2,
17,
-1,
7466,
-2,
32,
-2,
17,
-1,
7467,
-2,
32,
-2,
17,
-1,
7468,
-2,
32,
-2,
17,
-1,
7469,
-2,
32,
-2,
17,
-1,
7470,
-2,
32,
-2,
17,
-1,
7471,
-2,
32,
-2,
17,
-1,
7472,
-2,
32,
-2,
17,
-1,
7473,
-2,
32,
-2,
17,
-1,
7474,
-2,
32,
-2,
17,
-1,
7475,
-2,
32,
-2,
17,
-1,
7476,
-2,
32,
-2,
17,
-1,
7477,
-2,
32,
-2,
17,
-1,
7478,
-2,
32,
-2,
17,
-1,
7479,
-2,
32,
-2,
17,
-1,
7480,
-2,
32,
-2,
17,
-1,
7481,
-2,
17,
-2,
17,
-1,
7482,
-2,
17,
-2,
17,
-1,
7483,
-2,
32,
-2,
17,
-1,
7484,
-2,
32,
-2,
17,
-1,
7485,
-2,
32,
-2,
17,
-1,
7486,
-2,
32,
-2,
17,
-1,
7487,
-2,
32,
-2,
17,
-1,
7488,
-2,
32,
-2,
17,
-1,
7489,
-2,
32,
-2,
17,
-1,
7490,
-2,
32,
-2,
17,
-1,
7491,
-2,
32,
-2,
17,
-1,
7492,
-2,
32,
-2,
17,
-1,
7493,
-2,
32,
-2,
17,
-1,
7494,
-2,
32,
-2,
17,
-1,
7495,
-2,
32,
-2,
17,
-1,
7496,
-2,
32,
-2,
17,
-1,
7497,
-2,
32,
-2,
17,
-1,
7498,
-2,
32,
-2,
17,
-1,
7499,
-2,
32,
-2,
17,
-1,
7500,
-2,
32,
-2,
17,
-1,
7501,
-2,
32,
-2,
17,
-1,
7502,
-2,
32,
-2,
17,
-1,
7503,
-2,
32,
-2,
17,
-1,
7504,
-2,
32,
-2,
17,
-1,
7505,
-2,
32,
-2,
17,
-1,
7506,
-2,
32,
-2,
17,
-1,
7507,
-2,
32,
-2,
17,
-1,
7508,
-2,
32,
-2,
17,
-1,
7509,
-2,
32,
-2,
17,
-1,
7510,
-2,
32,
-2,
17,
-1,
7511,
-2,
32,
-2,
17,
-1,
7512,
-2,
32,
-2,
17,
-1,
7513,
-2,
32,
-2,
17,
-1,
7514,
-2,
32,
-2,
17,
-1,
7515,
-2,
32,
-2,
17,
-1,
7516,
-2,
32,
-2,
17,
-1,
7517,
-2,
32,
-2,
17,
-1,
7518,
-2,
32,
-2,
17,
-1,
7519,
-2,
32,
-2,
17,
-1,
7520,
-2,
32,
-2,
17,
-1,
7521,
-2,
32,
-2,
17,
-1,
7522,
-2,
32,
-2,
17,
-1,
7523,
-2,
32,
-2,
17,
-1,
7524,
-2,
32,
-2,
17,
-1,
7525,
-2,
32,
-2,
17,
-1,
7526,
-2,
32,
-2,
17,
-1,
7527,
-2,
32,
-2,
17,
-1,
7528,
-2,
32,
-2,
17,
-1,
7529,
-2,
32,
-2,
17,
-1,
7530,
-2,
32,
-2,
17,
-1,
7531,
-2,
32,
-2,
17,
-1,
7532,
-2,
32,
-2,
17,
-1,
7533,
-2,
32,
-2,
17,
-1,
7534,
-2,
32,
-2,
17,
-1,
7535,
-2,
32,
-2,
17,
-1,
7536,
-2,
32,
-2,
17,
-1,
7537,
-2,
32,
-2,
17,
-1,
7538,
-2,
32,
-2,
17,
-1,
7539,
-2,
32,
-2,
17,
-1,
7540,
-2,
32,
-2,
17,
-1,
7541,
-2,
32,
-2,
17,
-1,
7542,
-2,
32,
-2,
17,
-1,
7543,
-2,
32,
-2,
17,
-1,
7544,
-2,
32,
-2,
17,
-1,
7545,
-2,
32,
-2,
17,
-1,
7546,
-2,
32,
-2,
17,
-1,
7547,
-2,
32,
-2,
17,
-1,
7548,
-2,
32,
-2,
17,
-1,
7549,
-2,
32,
-2,
17,
-1,
7550,
-2,
32,
-2,
17,
-1,
7551,
-2,
32,
-2,
17,
-1,
7552,
-2,
32,
-2,
17,
-1,
7553,
-2,
32,
-2,
17,
-1,
7554,
-2,
32,
-2,
17,
-1,
7555,
-2,
32,
-2,
17,
-1,
7556,
-2,
32,
-2,
17,
-1,
7557,
-2,
32,
-2,
17,
-1,
7558,
-2,
32,
-2,
17,
-1,
7559,
-2,
32,
-2,
17,
-1,
7560,
-2,
32,
-2,
17,
