-1,
7561,
-2,
32,
-2,
17,
-1,
7562,
-2,
32,
-2,
17,
-1,
7563,
-2,
32,
-2,
17,
-1,
7564,
-2,
32,
-2,
17,
-1,
7565,
-2,
32,
-2,
17,
-1,
7566,
-2,
32,
-2,
17,
-1,
7567,
-2,
32,
-2,
17,
-1,
7568,
-2,
32,
-2,
17,
-1,
7569,
-2,
32,
-2,
17,
-1,
7570,
-2,
32,
-2,
17,
-1,
7571,
-2,
32,
-2,
17,
-1,
7572,
-2,
32,
-2,
17,
-1,
7573,
-2,
32,
-2,
17,
-1,
7574,
-2,
32,
-2,
17,
-1,
7575,
-2,
32,
-2,
17,
-1,
7576,
-2,
32,
-2,
17,
-1,
7577,
-2,
32,
-2,
17,
-1,
7578,
-2,
32,
-2,
17,
-1,
7579,
-2,
32,
-2,
17,
-1,
7580,
-2,
32,
-2,
17,
-1,
7581,
-2,
32,
-2,
17,
-1,
7582,
-2,
32,
-2,
17,
-1,
7583,
-2,
32,
-2,
17,
-1,
7584,
-2,
32,
-2,
17,
-1,
7585,
-2,
32,
-2,
17,
-1,
7586,
-2,
32,
-2,
17,
-1,
7587,
-2,
32,
-2,
17,
-1,
7588,
-2,
32,
-2,
17,
-1,
7589,
-2,
32,
-2,
17,
-1,
7590,
-2,
32,
-2,
17,
-1,
7591,
-2,
32,
-2,
17,
-1,
7592,
-2,
32,
-2,
17,
-1,
7593,
-2,
32,
-2,
17,
-1,
7594,
-2,
32,
-2,
17,
-1,
7595,
-2,
32,
-2,
17,
-1,
7596,
-2,
32,
-2,
17,
-1,
7597,
-2,
32,
-2,
17,
-1,
7598,
-2,
32,
-2,
17,
-1,
7599,
-2,
32,
-2,
17,
-1,
7600,
-2,
32,
-2,
17,
-1,
7601,
-2,
17,
-2,
17,
-1,
7602,
-2,
17,
-2,
17,
-1,
7603,
-2,
32,
-2,
17,
-1,
7604,
-2,
32,
-2,
17,
-1,
7605,
-2,
32,
-2,
17,
-1,
7606,
-2,
32,
-2,
17,
-1,
7607,
-2,
32,
-2,
17,
-1,
7608,
-2,
32,
-2,
17,
-1,
7609,
-2,
32,
-2,
17,
-1,
7610,
-2,
32,
-2,
17,
-1,
7611,
-2,
32,
-2,
17,
-1,
7612,
-2,
32,
-2,
17,
-1,
7613,
-2,
32,
-2,
17,
-1,
7614,
-2,
32,
-2,
17,
-1,
7615,
-2,
32,
-2,
17,
-1,
7616,
-2,
32,
-2,
17,
-1,
7617,
-2,
32,
-2,
17,
-1,
7618,
-2,
32,
-2,
17,
-1,
7619,
-2,
32,
-2,
17,
-1,
7620,
-2,
32,
-2,
17,
-1,
7621,
-2,
32,
-2,
17,
-1,
7622,
-2,
32,
-2,
17,
-1,
7623,
-2,
32,
-2,
17,
-1,
7624,
-2,
32,
-2,
17,
-1,
7625,
-2,
32,
-2,
17,
-1,
7626,
-2,
32,
-2,
17,
-1,
7627,
-2,
32,
-2,
17,
-1,
7628,
-2,
32,
-2,
17,
-1,
7629,
-2,
32,
-2,
17,
-1,
7630,
-2,
32,
-2,
17,
-1,
7631,
-2,
32,
-2,
17,
-1,
7632,
-2,
32,
-2,
17,
-1,
7633,
-2,
32,
-2,
17,
-1,
7634,
-2,
32,
-2,
17,
-1,
7635,
-2,
32,
-2,
17,
-1,
7636,
-2,
32,
-2,
17,
-1,
7637,
-2,
32,
-2,
17,
-1,
7638,
-2,
32,
-2,
17,
-1,
7639,
-2,
32,
-2,
17,
-1,
7640,
-2,
32,
-2,
17,
-1,
7641,
-2,
32,
-2,
17,
-1,
7642,
-2,
32,
-2,
17,
-1,
7643,
-2,
32,
-2,
17,
-1,
7644,
-2,
32,
-2,
17,
-1,
7645,
-2,
32,
-2,
17,
-1,
7646,
-2,
32,
-2,
17,
-1,
7647,
-2,
32,
-2,
17,
-1,
7648,
-2,
32,
-2,
17,
-1,
7649,
-2,
32,
-2,
17,
-1,
7650,
-2,
32,
-2,
17,
-1,
7651,
-2,
32,
-2,
17,
-1,
7652,
-2,
32,
-2,
17,
-1,
7653,
-2,
32,
-2,
17,
-1,
7654,
-2,
32,
-2,
17,
-1,
7655,
-2,
32,
-2,
17,
-1,
7656,
-2,
32,
-2,
17,
-1,
7657,
-2,
32,
-2,
17,
-1,
7658,
-2,
32,
-2,
17,
-1,
7659,
-2,
32,
-2,
17,
-1,
7660,
-2,
32,
-2,
17,
-1,
7661,
-2,
32,
-2,
17,
-1,
7662,
-2,
32,
-2,
17,
-1,
7663,
-2,
32,
-2,
17,
-1,
7664,
-2,
32,
-2,
17,
-1,
7665,
-2,
32,
-2,
17,
-1,
7666,
-2,
32,
-2,
17,
-1,
7667,
-2,
32,
-2,
17,
-1,
7668,
-2,
32,
-2,
17,
-1,
7669,
-2,
32,
-2,
17,
-1,
7670,
-2,
32,
-2,
17,
-1,
7671,
-2,
32,
-2,
17,
-1,
7672,
-2,
32,
-2,
17,
-1,
7673,
-2,
32,
-2,
17,
-1,
7674,
-2,
32,
-2,
17,
-1,
7675,
-2,
32,
-2,
17,
-1,
7676,
-2,
32,
-2,
17,
-1,
7677,
-2,
32,
-2,
17,
-1,
7678,
-2,
32,
-2,
17,
-1,
7679,
-2,
32,
-2,
17,
-1,
7680,
-2,
32,
-2,
17,
