-1,
7681,
-2,
32,
-2,
17,
-1,
7682,
-2,
32,
-2,
17,
-1,
7683,
-2,
32,
-2,
17,
-1,
7684,
-2,
32,
-2,
17,
-1,
7685,
-2,
32,
-2,
17,
-1,
7686,
-2,
32,
-2,
17,
-1,
7687,
-2,
32,
-2,
17,
-1,
7688,
-2,
32,
-2,
17,
-1,
7689,
-2,
32,
-2,
17,
-1,
7690,
-2,
32,
-2,
17,
-1,
7691,
-2,
32,
-2,
17,
-1,
7692,
-2,
32,
-2,
17,
-1,
7693,
-2,
32,
-2,
17,
-1,
7694,
-2,
32,
-2,
17,
-1,
7695,
-2,
32,
-2,
17,
-1,
7696,
-2,
32,
-2,
17,
-1,
7697,
-2,
32,
-2,
17,
-1,
7698,
-2,
32,
-2,
17,
-1,
7699,
-2,
32,
-2,
17,
-1,
7700,
-2,
32,
-2,
17,
-1,
7701,
-2,
32,
-2,
17,
-1,
7702,
-2,
32,
-2,
17,
-1,
7703,
-2,
32,
-2,
17,
-1,
7704,
-2,
32,
-2,
17,
-1,
7705,
-2,
32,
-2,
17,
-1,
7706,
-2,
32,
-2,
17,
-1,
7707,
-2,
32,
-2,
17,
-1,
7708,
-2,
31,
-2,
17,
-1,
7709,
-2,
31,
-2,
17,
-1,
7710,
-2,
31,
-2,
17,
-1,
7711,
-2,
31,
-2,
17,
-1,
7712,
-2,
31,
-2,
17,
-1,
7713,
-2,
31,
-2,
17,
-1,
7714,
-2,
31,
-2,
17,
-1,
7715,
-2,
31,
-2,
17,
-1,
7716,
-2,
31,
-2,
17,
-1,
7717,
-2,
31,
-2,
17,
-1,
7718,
-2,
31,
-2,
17,
-1,
7719,
-2,
31,
-2,
17,
-1,
7720,
-2,
31,
-2,
17,
-1,
7721,
-2,
31,
-2,
17,
-1,
7722,
-2,
31,
-2,
17,
-1,
7723,
-2,
31,
-2,
17,
-1,
7724,
-2,
31,
-2,
17,
-1,
7725,
-2,
31,
-2,
17,
-1,
7726,
-2,
31,
-2,
17,
-1,
7727,
-2,
31,
-2,
17,
-1,
7728,
-2,
31,
-2,
17,
-1,
7729,
-2,
31,
-2,
17,
-1,
7730,
-2,
31,
-2,
17,
-1,
7731,
-2,
31,
-2,
17,
-1,
7732,
-2,
31,
-2,
17,
-1,
7733,
-2,
31,
-2,
17,
-1,
7734,
-2,
31,
-2,
17,
-1,
7735,
-2,
31,
-2,
17,
-1,
7736,
-2,
31,
-2,
17,
-1,
7737,
-2,
31,
-2,
17,
-1,
7738,
-2,
31,
-2,
17,
-1,
7739,
-2,
31,
-2,
17,
-1,
7740,
-2,
31,
-2,
17,
-1,
7741,
-2,
31,
-2,
17,
-1,
7742,
-2,
31,
-2,
17,
-1,
7743,
-2,
31,
-2,
17,
-1,
7744,
-2,
31,
-2,
17,
-1,
7745,
-2,
31,
-2,
17,
-1,
7746,
-2,
31,
-2,
17,
-1,
7747,
-2,
32,
-2,
17,
-1,
7748,
-2,
32,
-2,
17,
-1,
7749,
-2,
32,
-2,
17,
-1,
7750,
-2,
32,
-2,
17,
-1,
7751,
-2,
32,
-2,
17,
-1,
7752,
-2,
32,
-2,
17,
-1,
7753,
-2,
32,
-2,
17,
-1,
7754,
-2,
32,
-2,
17,
-1,
7755,
-2,
32,
-2,
17,
-1,
7756,
-2,
32,
-2,
17,
-1,
7757,
-2,
32,
-2,
17,
-1,
7758,
-2,
32,
-2,
17,
-1,
7759,
-2,
32,
-2,
17,
-1,
7760,
-2,
32,
-2,
17,
-1,
7761,
-2,
32,
-2,
17,
-1,
7762,
-2,
31,
-2,
17,
-1,
7763,
-2,
31,
-2,
17,
-1,
7764,
-2,
31,
-2,
17,
-1,
7765,
-2,
31,
-2,
17,
-1,
7766,
-2,
31,
-2,
17,
-1,
7767,
-2,
31,
-2,
17,
-1,
7768,
-2,
31,
-2,
17,
-1,
7769,
-2,
31,
-2,
17,
-1,
7770,
-2,
31,
-2,
17,
-1,
7771,
-2,
31,
-2,
17,
-1,
7772,
-2,
31,
-2,
17,
-1,
7773,
-2,
31,
-2,
17,
-1,
7774,
-2,
31,
-2,
17,
-1,
7775,
-2,
31,
-2,
17,
-1,
7776,
-2,
32,
-2,
17,
-1,
7777,
-2,
32,
-2,
17,
-1,
7778,
-2,
32,
-2,
17,
-1,
7779,
-2,
32,
-2,
17,
-1,
7780,
-2,
32,
-2,
17,
-1,
7781,
-2,
32,
-2,
17,
-1,
7782,
-2,
32,
-2,
17,
-1,
7783,
-2,
32,
-2,
17,
-1,
7784,
-2,
32,
-2,
17,
-1,
7785,
-2,
32,
-2,
17,
-1,
7786,
-2,
32,
-2,
17,
-1,
7787,
-2,
32,
-2,
17,
-1,
7788,
-2,
32,
-2,
17,
-1,
7789,
-2,
32,
-2,
17,
-1,
7790,
-2,
32,
-2,
17,
-1,
7791,
-2,
32,
-2,
17,
-1,
7792,
-2,
32,
-2,
17,
-1,
7793,
-2,
32,
-2,
17,
-1,
7794,
-2,
32,
-2,
17,
-1,
7795,
-2,
32,
-2,
17,
-1,
7796,
-2,
32,
-2,
17,
-1,
7797,
-2,
32,
-2,
17,
-1,
7798,
-2,
31,
-2,
17,
-1,
7799,
-2,
31,
-2,
17,
-1,
7800,
-2,
31,
-2,
17,
