-1,
7801,
-2,
31,
-2,
17,
-1,
7802,
-2,
31,
-2,
17,
-1,
7803,
-2,
31,
-2,
17,
-1,
7804,
-2,
31,
-2,
17,
-1,
7805,
-2,
31,
-2,
17,
-1,
7806,
-2,
31,
-2,
17,
-1,
7807,
-2,
31,
-2,
17,
-1,
7808,
-2,
31,
-2,
17,
-1,
7809,
-2,
32,
-2,
17,
-1,
7810,
-2,
32,
-2,
17,
-1,
7811,
-2,
32,
-2,
17,
-1,
7812,
-2,
32,
-2,
17,
-1,
7813,
-2,
32,
-2,
17,
-1,
7814,
-2,
32,
-2,
17,
-1,
7815,
-2,
32,
-2,
17,
-1,
7816,
-2,
32,
-2,
17,
-1,
7817,
-2,
32,
-2,
17,
-1,
7818,
-2,
32,
-2,
17,
-1,
7819,
-2,
32,
-2,
17,
-1,
7820,
-2,
32,
-2,
17,
-1,
7821,
-2,
32,
-2,
17,
-1,
7822,
-2,
31,
-2,
17,
-1,
7823,
-2,
31,
-2,
17,
-1,
7824,
-2,
31,
-2,
17,
-1,
7825,
-2,
31,
-2,
17,
-1,
7826,
-2,
31,
-2,
17,
-1,
7827,
-2,
31,
-2,
17,
-1,
7828,
-2,
31,
-2,
17,
-1,
7829,
-2,
31,
-2,
17,
-1,
7830,
-2,
31,
-2,
17,
-1,
7831,
-2,
31,
-2,
17,
-1,
7832,
-2,
31,
-2,
17,
-1,
7833,
-2,
31,
-2,
17,
-1,
7834,
-2,
31,
-2,
17,
-1,
7835,
-2,
31,
-2,
17,
-1,
7836,
-2,
31,
-2,
17,
-1,
7837,
-2,
31,
-2,
17,
-1,
7838,
-2,
31,
-2,
17,
-1,
7839,
-2,
31,
-2,
17,
-1,
7840,
-2,
31,
-2,
17,
-1,
7841,
-2,
31,
-2,
17,
-1,
7842,
-2,
31,
-2,
17,
-1,
7843,
-2,
31,
-2,
17,
-1,
7844,
-2,
31,
-2,
17,
-1,
7845,
-2,
32,
-2,
17,
-1,
7846,
-2,
32,
-2,
17,
-1,
7847,
-2,
32,
-2,
17,
-1,
7848,
-2,
32,
-2,
17,
-1,
7849,
-2,
32,
-2,
17,
-1,
7850,
-2,
32,
-2,
17,
-1,
7851,
-2,
32,
-2,
17,
-1,
7852,
-2,
32,
-2,
17,
-1,
7853,
-2,
32,
-2,
17,
-1,
7854,
-2,
32,
-2,
17,
-1,
7855,
-2,
32,
-2,
17,
-1,
7856,
-2,
32,
-2,
17,
-1,
7857,
-2,
32,
-2,
17,
-1,
7858,
-2,
32,
-2,
17,
-1,
7859,
-2,
32,
-2,
17,
-1,
7860,
-2,
32,
-2,
17,
-1,
7861,
-2,
32,
-2,
17,
-1,
7862,
-2,
32,
-2,
17,
-1,
7863,
-2,
32,
-2,
17,
-1,
7864,
-2,
32,
-2,
17,
-1,
7865,
-2,
32,
-2,
17,
-1,
7866,
-2,
32,
-2,
17,
-1,
7867,
-2,
32,
-2,
17,
-1,
7868,
-2,
32,
-2,
17,
-1,
7869,
-2,
32,
-2,
17,
-1,
7870,
-2,
32,
-2,
17,
-1,
7871,
-2,
32,
-2,
17,
-1,
7872,
-2,
32,
-2,
17,
-1,
7873,
-2,
32,
-2,
17,
-1,
7874,
-2,
32,
-2,
17,
-1,
7875,
-2,
32,
-2,
17,
-1,
7876,
-2,
32,
-2,
17,
-1,
7877,
-2,
32,
-2,
17,
-1,
7878,
-2,
32,
-2,
17,
-1,
7879,
-2,
32,
-2,
17,
-1,
7880,
-2,
32,
-2,
17,
-1,
7881,
-2,
32,
-2,
17,
-1,
7882,
-2,
32,
-2,
17,
-1,
7883,
-2,
32,
-2,
17,
-1,
7884,
-2,
32,
-2,
17,
-1,
7885,
-2,
32,
-2,
17,
-1,
7886,
-2,
32,
-2,
17,
-1,
7887,
-2,
32,
-2,
17,
-1,
7888,
-2,
32,
-2,
17,
-1,
7889,
-2,
32,
-2,
17,
-1,
7890,
-2,
32,
-2,
17,
-1,
7891,
-2,
32,
-2,
17,
-1,
7892,
-2,
32,
-2,
17,
-1,
7893,
-2,
32,
-2,
17,
-1,
7894,
-2,
32,
-2,
17,
-1,
7895,
-2,
32,
-2,
17,
-1,
7896,
-2,
32,
-2,
17,
-1,
7897,
-2,
32,
-2,
17,
-1,
7898,
-2,
32,
-2,
17,
-1,
7899,
-2,
32,
-2,
17,
-1,
7900,
-2,
32,
-2,
17,
-1,
7901,
-2,
32,
-2,
17,
-1,
7902,
-2,
32,
-2,
17,
-1,
7903,
-2,
32,
-2,
17,
-1,
7904,
-2,
32,
-2,
17,
-1,
7905,
-2,
32,
-2,
17,
-1,
7906,
-2,
32,
-2,
17,
-1,
7907,
-2,
32,
-2,
17,
-1,
7908,
-2,
32,
-2,
17,
-1,
7909,
-2,
32,
-2,
17,
-1,
7910,
-2,
32,
-2,
17,
-1,
7911,
-2,
32,
-2,
17,
-1,
7912,
-2,
32,
-2,
17,
-1,
7913,
-2,
32,
-2,
17,
-1,
7914,
-2,
32,
-2,
17,
-1,
7915,
-2,
32,
-2,
17,
-1,
7916,
-2,
32,
-2,
17,
-1,
7917,
-2,
32,
-2,
17,
-1,
7918,
-2,
32,
-2,
17,
-1,
7919,
-2,
32,
-2,
17,
-1,
7920,
-2,
32,
-2,
17,
