-1,
7921,
-2,
32,
-2,
17,
-1,
7922,
-2,
32,
-2,
17,
-1,
7923,
-2,
32,
-2,
17,
-1,
7924,
-2,
32,
-2,
17,
-1,
7925,
-2,
32,
-2,
17,
-1,
7926,
-2,
32,
-2,
17,
-1,
7927,
-2,
32,
-2,
17,
-1,
7928,
-2,
32,
-2,
17,
-1,
7929,
-2,
32,
-2,
17,
-1,
7930,
-2,
32,
-2,
17,
-1,
7931,
-2,
32,
-2,
17,
-1,
7932,
-2,
32,
-2,
17,
-1,
7933,
-2,
32,
-2,
17,
-1,
7934,
-2,
32,
-2,
17,
-1,
7935,
-2,
32,
-2,
17,
-1,
7936,
-2,
32,
-2,
17,
-1,
7937,
-2,
32,
-2,
17,
-1,
7938,
-2,
32,
-2,
17,
-1,
7939,
-2,
32,
-2,
17,
-1,
7940,
-2,
32,
-2,
17,
-1,
7941,
-2,
32,
-2,
17,
-1,
7942,
-2,
32,
-2,
17,
-1,
7943,
-2,
32,
-2,
17,
-1,
7944,
-2,
32,
-2,
17,
-1,
7945,
-2,
32,
-2,
17,
-1,
7946,
-2,
32,
-2,
17,
-1,
7947,
-2,
32,
-2,
17,
-1,
7948,
-2,
32,
-2,
17,
-1,
7949,
-2,
32,
-2,
17,
-1,
7950,
-2,
32,
-2,
17,
-1,
7951,
-2,
32,
-2,
17,
-1,
7952,
-2,
32,
-2,
17,
-1,
7953,
-2,
32,
-2,
17,
-1,
7954,
-2,
32,
-2,
17,
-1,
7955,
-2,
32,
-2,
17,
-1,
7956,
-2,
32,
-2,
17,
-1,
7957,
-2,
32,
-2,
17,
-1,
7958,
-2,
32,
-2,
17,
-1,
7959,
-2,
32,
-2,
17,
-1,
7960,
-2,
32,
-2,
17,
-1,
7961,
-2,
32,
-2,
17,
-1,
7962,
-2,
32,
-2,
17,
-1,
7963,
-2,
32,
-2,
17,
-1,
7964,
-2,
32,
-2,
17,
-1,
7965,
-2,
32,
-2,
17,
-1,
7966,
-2,
32,
-2,
17,
-1,
7967,
-2,
32,
-2,
17,
-1,
7968,
-2,
32,
-2,
17,
-1,
7969,
-2,
32,
-2,
17,
-1,
7970,
-2,
32,
-2,
17,
-1,
7971,
-2,
32,
-2,
17,
-1,
7972,
-2,
32,
-2,
17,
-1,
7973,
-2,
32,
-2,
17,
-1,
7974,
-2,
32,
-2,
17,
-1,
7975,
-2,
32,
-2,
17,
-1,
7976,
-2,
32,
-2,
17,
-1,
7977,
-2,
32,
-2,
17,
-1,
7978,
-2,
32,
-2,
17,
-1,
7979,
-2,
32,
-2,
17,
-1,
7980,
-2,
32,
-2,
17,
-1,
7981,
-2,
32,
-2,
17,
-1,
7982,
-2,
32,
-2,
17,
-1,
7983,
-2,
32,
-2,
17,
-1,
7984,
-2,
32,
-2,
17,
-1,
7985,
-2,
32,
-2,
17,
-1,
7986,
-2,
32,
-2,
17,
-1,
7987,
-2,
32,
-2,
17,
-1,
7988,
-2,
32,
-2,
17,
-1,
7989,
-2,
32,
-2,
17,
-1,
7990,
-2,
32,
-2,
17,
-1,
7991,
-2,
32,
-2,
17,
-1,
7992,
-2,
32,
-2,
17,
-1,
7993,
-2,
32,
-2,
17,
-1,
7994,
-2,
32,
-2,
17,
-1,
7995,
-2,
32,
-2,
17,
-1,
7996,
-2,
32,
-2,
17,
-1,
7997,
-2,
32,
-2,
17,
-1,
7998,
-2,
32,
-2,
17,
-1,
7999,
-2,
32,
-2,
17,
-1,
8000,
-2,
32,
-2,
17,
-1,
8001,
-2,
32,
-2,
17,
-1,
8002,
-2,
32,
-2,
17,
-1,
8003,
-2,
32,
-2,
17,
-1,
8004,
-2,
32,
-2,
17,
-1,
8005,
-2,
32,
-2,
17,
-1,
8006,
-2,
32,
-2,
17,
-1,
8007,
-2,
32,
-2,
17,
-1,
8008,
-2,
32,
-2,
17,
-1,
8009,
-2,
32,
-2,
17,
-1,
8010,
-2,
32,
-2,
17,
-1,
8011,
-2,
32,
-2,
17,
-1,
8012,
-2,
32,
-2,
17,
-1,
8013,
-2,
32,
-2,
17,
-1,
8014,
-2,
32,
-2,
17,
-1,
8015,
-2,
32,
-2,
17,
-1,
8016,
-2,
32,
-2,
17,
-1,
8017,
-2,
32,
-2,
17,
-1,
8018,
-2,
32,
-2,
17,
-1,
8019,
-2,
32,
-2,
17,
-1,
8020,
-2,
32,
-2,
17,
-1,
8021,
-2,
32,
-2,
17,
-1,
8022,
-2,
32,
-2,
17,
-1,
8023,
-2,
32,
-2,
17,
-1,
8024,
-2,
32,
-2,
17,
-1,
8025,
-2,
32,
-2,
17,
-1,
8026,
-2,
32,
-2,
17,
-1,
8027,
-2,
32,
-2,
17,
-1,
8028,
-2,
32,
-2,
17,
-1,
8029,
-2,
32,
-2,
17,
-1,
8030,
-2,
17,
-2,
17,
-1,
8031,
-2,
17,
-2,
17,
-1,
8032,
-2,
17,
-2,
17,
-1,
8033,
-2,
17,
-2,
17,
-1,
8034,
-2,
17,
-2,
17,
-1,
8035,
-2,
17,
-2,
17,
-1,
8036,
-2,
17,
-2,
17,
-1,
8037,
-2,
17,
-2,
17,
-1,
8038,
-2,
17,
-2,
17,
-1,
8039,
-2,
17,
-2,
17,
-1,
8040,
-2,
17,
-2,
17,
