-1,
8041,
-2,
17,
-2,
17,
-1,
8042,
-2,
17,
-2,
17,
-1,
8043,
-2,
17,
-2,
17,
-1,
8044,
-2,
17,
-2,
17,
-1,
8045,
-2,
17,
-2,
17,
-1,
8046,
-2,
17,
-2,
17,
-1,
8047,
-2,
17,
-2,
17,
-1,
8048,
-2,
17,
-2,
17,
-1,
8049,
-2,
17,
-2,
17,
-1,
8050,
-2,
32,
-2,
17,
-1,
8051,
-2,
32,
-2,
17,
-1,
8052,
-2,
32,
-2,
17,
-1,
8053,
-2,
32,
-2,
17,
-1,
8054,
-2,
32,
-2,
17,
-1,
8055,
-2,
32,
-2,
17,
-1,
8056,
-2,
32,
-2,
17,
-1,
8057,
-2,
32,
-2,
17,
-1,
8058,
-2,
32,
-2,
17,
-1,
8059,
-2,
32,
-2,
17,
-1,
8060,
-2,
32,
-2,
17,
-1,
8061,
-2,
32,
-2,
17,
-1,
8062,
-2,
32,
-2,
17,
-1,
8063,
-2,
32,
-2,
17,
-1,
8064,
-2,
32,
-2,
17,
-1,
8065,
-2,
32,
-2,
17,
-1,
8066,
-2,
32,
-2,
17,
-1,
8067,
-2,
32,
-2,
17,
-1,
8068,
-2,
32,
-2,
17,
-1,
8069,
-2,
32,
-2,
17,
-1,
8070,
-2,
32,
-2,
17,
-1,
8071,
-2,
32,
-2,
17,
-1,
8072,
-2,
32,
-2,
17,
-1,
8073,
-2,
32,
-2,
17,
-1,
8074,
-2,
32,
-2,
17,
-1,
8075,
-2,
32,
-2,
17,
-1,
8076,
-2,
32,
-2,
17,
-1,
8077,
-2,
32,
-2,
17,
-1,
8078,
-2,
32,
-2,
17,
-1,
8079,
-2,
32,
-2,
17,
-1,
8080,
-2,
32,
-2,
17,
-1,
8081,
-2,
32,
-2,
17,
-1,
8082,
-2,
32,
-2,
17,
-1,
8083,
-2,
32,
-2,
17,
-1,
8084,
-2,
32,
-2,
17,
-1,
8085,
-2,
32,
-2,
17,
-1,
8086,
-2,
32,
-2,
17,
-1,
8087,
-2,
32,
-2,
17,
-1,
8088,
-2,
32,
-2,
17,
-1,
8089,
-2,
32,
-2,
17,
-1,
8090,
-2,
32,
-2,
17,
-1,
8091,
-2,
32,
-2,
17,
-1,
8092,
-2,
32,
-2,
17,
-1,
8093,
-2,
32,
-2,
17,
-1,
8094,
-2,
32,
-2,
17,
-1,
8095,
-2,
32,
-2,
17,
-1,
8096,
-2,
32,
-2,
17,
-1,
8097,
-2,
32,
-2,
17,
-1,
8098,
-2,
32,
-2,
17,
-1,
8099,
-2,
32,
-2,
17,
-1,
8100,
-2,
32,
-2,
17,
-1,
8101,
-2,
32,
-2,
17,
-1,
8102,
-2,
32,
-2,
17,
-1,
8103,
-2,
32,
-2,
17,
-1,
8104,
-2,
32,
-2,
17,
-1,
8105,
-2,
32,
-2,
17,
-1,
8106,
-2,
32,
-2,
17,
-1,
8107,
-2,
32,
-2,
17,
-1,
8108,
-2,
32,
-2,
17,
-1,
8109,
-2,
32,
-2,
17,
-1,
8110,
-2,
32,
-2,
17,
-1,
8111,
-2,
32,
-2,
17,
-1,
8112,
-2,
32,
-2,
17,
-1,
8113,
-2,
32,
-2,
17,
-1,
8114,
-2,
32,
-2,
17,
-1,
8115,
-2,
32,
-2,
17,
-1,
8116,
-2,
32,
-2,
17,
-1,
8117,
-2,
32,
-2,
17,
-1,
8118,
-2,
32,
-2,
17,
-1,
8119,
-2,
32,
-2,
17,
-1,
8120,
-2,
32,
-2,
17,
-1,
8121,
-2,
32,
-2,
17,
-1,
8122,
-2,
32,
-2,
17,
-1,
8123,
-2,
32,
-2,
17,
-1,
8124,
-2,
32,
-2,
17,
-1,
8125,
-2,
32,
-2,
17,
-1,
8126,
-2,
32,
-2,
17,
-1,
8127,
-2,
32,
-2,
17,
-1,
8128,
-2,
32,
-2,
17,
-1,
8129,
-2,
32,
-2,
17,
-1,
8130,
-2,
32,
-2,
17,
-1,
8131,
-2,
32,
-2,
17,
-1,
8132,
-2,
32,
-2,
17,
-1,
8133,
-2,
32,
-2,
17,
-1,
8134,
-2,
32,
-2,
17,
-1,
8135,
-2,
32,
-2,
17,
-1,
8136,
-2,
32,
-2,
17,
-1,
8137,
-2,
32,
-2,
17,
-1,
8138,
-2,
32,
-2,
17,
-1,
8139,
-2,
32,
-2,
17,
-1,
8140,
-2,
32,
-2,
17,
-1,
8141,
-2,
32,
-2,
17,
-1,
8142,
-2,
32,
-2,
17,
-1,
8143,
-2,
32,
-2,
17,
-1,
8144,
-2,
32,
-2,
17,
-1,
8145,
-2,
32,
-2,
17,
-1,
8146,
-2,
32,
-2,
17,
-1,
8147,
-2,
31,
-2,
17,
-1,
8148,
-2,
31,
-2,
17,
-1,
8149,
-2,
31,
-2,
17,
-1,
8150,
-2,
31,
-2,
17,
-1,
8151,
-2,
31,
-2,
17,
-1,
8152,
-2,
31,
-2,
17,
-1,
8153,
-2,
31,
-2,
17,
-1,
8154,
-2,
31,
-2,
17,
-1,
8155,
-2,
31,
-2,
17,
-1,
8156,
-2,
31,
-2,
17,
-1,
8157,
-2,
31,
-2,
17,
-1,
8158,
-2,
17,
-2,
17,
-1,
8159,
-2,
17,
-2,
17,
-1,
8160,
-2,
17,
-2,
17,
