-1,
8161,
-2,
17,
-2,
17,
-1,
8162,
-2,
17,
-2,
17,
-1,
8163,
-2,
17,
-2,
17,
-1,
8164,
-2,
17,
-2,
17,
-1,
8165,
-2,
17,
-2,
17,
-1,
8166,
-2,
17,
-2,
17,
-1,
8167,
-2,
17,
-2,
17,
-1,
8168,
-2,
17,
-2,
17,
-1,
8169,
-2,
17,
-2,
17,
-1,
8170,
-2,
32,
-2,
17,
-1,
8171,
-2,
32,
-2,
17,
-1,
8172,
-2,
32,
-2,
17,
-1,
8173,
-2,
32,
-2,
17,
-1,
8174,
-2,
32,
-2,
17,
-1,
8175,
-2,
32,
-2,
17,
-1,
8176,
-2,
32,
-2,
17,
-1,
8177,
-2,
32,
-2,
17,
-1,
8178,
-2,
32,
-2,
17,
-1,
8179,
-2,
32,
-2,
17,
-1,
8180,
-2,
31,
-2,
17,
-1,
8181,
-2,
31,
-2,
17,
-1,
8182,
-2,
31,
-2,
17,
-1,
8183,
-2,
31,
-2,
17,
-1,
8184,
-2,
31,
-2,
17,
-1,
8185,
-2,
31,
-2,
17,
-1,
8186,
-2,
31,
-2,
17,
-1,
8187,
-2,
31,
-2,
17,
-1,
8188,
-2,
31,
-2,
17,
-1,
8189,
-2,
31,
-2,
17,
-1,
8190,
-2,
31,
-2,
17,
-1,
8191,
-2,
31,
-2,
17,
-1,
8192,
-2,
31,
-2,
17,
-1,
8193,
-2,
31,
-2,
17,
-1,
8194,
-2,
31,
-2,
17,
-1,
8195,
-2,
31,
-2,
17,
-1,
8196,
-2,
31,
-2,
17,
-1,
8197,
-2,
31,
-2,
17,
-1,
8198,
-2,
31,
-2,
17,
-1,
8199,
-2,
31,
-2,
17,
-1,
8200,
-2,
31,
-2,
17,
-1,
8201,
-2,
31,
-2,
17,
-1,
8202,
-2,
31,
-2,
17,
-1,
8203,
-2,
32,
-2,
17,
-1,
8204,
-2,
32,
-2,
17,
-1,
8205,
-2,
32,
-2,
17,
-1,
8206,
-2,
32,
-2,
17,
-1,
8207,
-2,
32,
-2,
17,
-1,
8208,
-2,
32,
-2,
17,
-1,
8209,
-2,
32,
-2,
17,
-1,
8210,
-2,
32,
-2,
17,
-1,
8211,
-2,
32,
-2,
17,
-1,
8212,
-2,
32,
-2,
17,
-1,
8213,
-2,
32,
-2,
17,
-1,
8214,
-2,
32,
-2,
17,
-1,
8215,
-2,
32,
-2,
17,
-1,
8216,
-2,
32,
-2,
17,
-1,
8217,
-2,
32,
-2,
17,
-1,
8218,
-2,
32,
-2,
17,
-1,
8219,
-2,
32,
-2,
17,
-1,
8220,
-2,
31,
-2,
17,
-1,
8221,
-2,
31,
-2,
17,
-1,
8222,
-2,
31,
-2,
17,
-1,
8223,
-2,
31,
-2,
17,
-1,
8224,
-2,
31,
-2,
17,
-1,
8225,
-2,
31,
-2,
17,
-1,
8226,
-2,
31,
-2,
17,
-1,
8227,
-2,
31,
-2,
17,
-1,
8228,
-2,
31,
-2,
17,
-1,
8229,
-2,
32,
-2,
17,
-1,
8230,
-2,
32,
-2,
17,
-1,
8231,
-2,
32,
-2,
17,
-1,
8232,
-2,
32,
-2,
17,
-1,
8233,
-2,
32,
-2,
17,
-1,
8234,
-2,
32,
-2,
17,
-1,
8235,
-2,
32,
-2,
17,
-1,
8236,
-2,
32,
-2,
17,
-1,
8237,
-2,
32,
-2,
17,
-1,
8238,
-2,
32,
-2,
17,
-1,
8239,
-2,
32,
-2,
17,
-1,
8240,
-2,
32,
-2,
17,
-1,
8241,
-2,
32,
-2,
17,
-1,
8242,
-2,
32,
-2,
17,
-1,
8243,
-2,
32,
-2,
17,
-1,
8244,
-2,
32,
-2,
17,
-1,
8245,
-2,
32,
-2,
17,
-1,
8246,
-2,
31,
-2,
17,
-1,
8247,
-2,
31,
-2,
17,
-1,
8248,
-2,
31,
-2,
17,
-1,
8249,
-2,
31,
-2,
17,
-1,
8250,
-2,
31,
-2,
17,
-1,
8251,
-2,
31,
-2,
17,
-1,
8252,
-2,
31,
-2,
17,
-1,
8253,
-2,
31,
-2,
17,
-1,
8254,
-2,
31,
-2,
17,
-1,
8255,
-2,
31,
-2,
17,
-1,
8256,
-2,
31,
-2,
17,
-1,
8257,
-2,
31,
-2,
17,
-1,
8258,
-2,
31,
-2,
17,
-1,
8259,
-2,
31,
-2,
17,
-1,
8260,
-2,
31,
-2,
17,
-1,
8261,
-2,
31,
-2,
17,
-1,
8262,
-2,
31,
-2,
17,
-1,
8263,
-2,
31,
-2,
17,
-1,
8264,
-2,
31,
-2,
17,
-1,
8265,
-2,
31,
-2,
17,
-1,
8266,
-2,
31,
-2,
17,
-1,
8267,
-2,
31,
-2,
17,
-1,
8268,
-2,
31,
-2,
17,
-1,
8269,
-2,
31,
-2,
17,
-1,
8270,
-2,
31,
-2,
17,
-1,
8271,
-2,
31,
-2,
17,
-1,
8272,
-2,
31,
-2,
17,
-1,
8273,
-2,
31,
-2,
17,
-1,
8274,
-2,
31,
-2,
17,
-1,
8275,
-2,
31,
-2,
17,
-1,
8276,
-2,
31,
-2,
17,
-1,
8277,
-2,
31,
-2,
17,
-1,
8278,
-2,
31,
-2,
17,
-1,
8279,
-2,
31,
-2,
17,
-1,
8280,
-2,
32,
-2,
17,
