-1,
8281,
-2,
32,
-2,
17,
-1,
8282,
-2,
32,
-2,
17,
-1,
8283,
-2,
32,
-2,
17,
-1,
8284,
-2,
32,
-2,
17,
-1,
8285,
-2,
32,
-2,
17,
-1,
8286,
-2,
32,
-2,
17,
-1,
8287,
-2,
32,
-2,
17,
-1,
8288,
-2,
32,
-2,
17,
-1,
8289,
-2,
32,
-2,
17,
-1,
8290,
-2,
32,
-2,
17,
-1,
8291,
-2,
32,
-2,
17,
-1,
8292,
-2,
32,
-2,
17,
-1,
8293,
-2,
32,
-2,
17,
-1,
8294,
-2,
32,
-2,
17,
-1,
8295,
-2,
32,
-2,
17,
-1,
8296,
-2,
32,
-2,
17,
-1,
8297,
-2,
32,
-2,
17,
-1,
8298,
-2,
32,
-2,
17,
-1,
8299,
-2,
32,
-2,
17,
-1,
8300,
-2,
32,
-2,
17,
-1,
8301,
-2,
32,
-2,
17,
-1,
8302,
-2,
32,
-2,
17,
-1,
8303,
-2,
32,
-2,
17,
-1,
8304,
-2,
32,
-2,
17,
-1,
8305,
-2,
32,
-2,
17,
-1,
8306,
-2,
32,
-2,
17,
-1,
8307,
-2,
32,
-2,
17,
-1,
8308,
-2,
32,
-2,
17,
-1,
8309,
-2,
32,
-2,
17,
-1,
8310,
-2,
32,
-2,
17,
-1,
8311,
-2,
32,
-2,
17,
-1,
8312,
-2,
32,
-2,
17,
-1,
8313,
-2,
32,
-2,
17,
-1,
8314,
-2,
32,
-2,
17,
-1,
8315,
-2,
32,
-2,
17,
-1,
8316,
-2,
32,
-2,
17,
-1,
8317,
-2,
32,
-2,
17,
-1,
8318,
-2,
32,
-2,
17,
-1,
8319,
-2,
32,
-2,
17,
-1,
8320,
-2,
32,
-2,
17,
-1,
8321,
-2,
32,
-2,
17,
-1,
8322,
-2,
32,
-2,
17,
-1,
8323,
-2,
32,
-2,
17,
-1,
8324,
-2,
32,
-2,
17,
-1,
8325,
-2,
32,
-2,
17,
-1,
8326,
-2,
32,
-2,
17,
-1,
8327,
-2,
32,
-2,
17,
-1,
8328,
-2,
32,
-2,
17,
-1,
8329,
-2,
32,
-2,
17,
-1,
8330,
-2,
32,
-2,
17,
-1,
8331,
-2,
32,
-2,
17,
-1,
8332,
-2,
32,
-2,
17,
-1,
8333,
-2,
32,
-2,
17,
-1,
8334,
-2,
32,
-2,
17,
-1,
8335,
-2,
32,
-2,
17,
-1,
8336,
-2,
32,
-2,
17,
-1,
8337,
-2,
32,
-2,
17,
-1,
8338,
-2,
32,
-2,
17,
-1,
8339,
-2,
32,
-2,
17,
-1,
8340,
-2,
32,
-2,
17,
-1,
8341,
-2,
32,
-2,
17,
-1,
8342,
-2,
32,
-2,
17,
-1,
8343,
-2,
32,
-2,
17,
-1,
8344,
-2,
32,
-2,
17,
-1,
8345,
-2,
32,
-2,
17,
-1,
8346,
-2,
32,
-2,
17,
-1,
8347,
-2,
32,
-2,
17,
-1,
8348,
-2,
32,
-2,
17,
-1,
8349,
-2,
32,
-2,
17,
-1,
8350,
-2,
32,
-2,
17,
-1,
8351,
-2,
32,
-2,
17,
-1,
8352,
-2,
32,
-2,
17,
-1,
8353,
-2,
32,
-2,
17,
-1,
8354,
-2,
32,
-2,
17,
-1,
8355,
-2,
32,
-2,
17,
-1,
8356,
-2,
32,
-2,
17,
-1,
8357,
-2,
32,
-2,
17,
-1,
8358,
-2,
32,
-2,
17,
-1,
8359,
-2,
32,
-2,
17,
-1,
8360,
-2,
32,
-2,
17,
-1,
8361,
-2,
32,
-2,
17,
-1,
8362,
-2,
32,
-2,
17,
-1,
8363,
-2,
32,
-2,
17,
-1,
8364,
-2,
32,
-2,
17,
-1,
8365,
-2,
32,
-2,
17,
-1,
8366,
-2,
32,
-2,
17,
-1,
8367,
-2,
32,
-2,
17,
-1,
8368,
-2,
32,
-2,
17,
-1,
8369,
-2,
32,
-2,
17,
-1,
8370,
-2,
32,
-2,
17,
-1,
8371,
-2,
32,
-2,
17,
-1,
8372,
-2,
32,
-2,
17,
-1,
8373,
-2,
32,
-2,
17,
-1,
8374,
-2,
32,
-2,
17,
-1,
8375,
-2,
32,
-2,
17,
-1,
8376,
-2,
32,
-2,
17,
-1,
8377,
-2,
32,
-2,
17,
-1,
8378,
-2,
32,
-2,
17,
-1,
8379,
-2,
32,
-2,
17,
-1,
8380,
-2,
32,
-2,
17,
-1,
8381,
-2,
32,
-2,
17,
-1,
8382,
-2,
32,
-2,
17,
-1,
8383,
-2,
32,
-2,
17,
-1,
8384,
-2,
32,
-2,
17,
-1,
8385,
-2,
32,
-2,
17,
-1,
8386,
-2,
32,
-2,
17,
-1,
8387,
-2,
32,
-2,
17,
-1,
8388,
-2,
32,
-2,
17,
-1,
8389,
-2,
32,
-2,
17,
-1,
8390,
-2,
32,
-2,
17,
-1,
8391,
-2,
32,
-2,
17,
-1,
8392,
-2,
32,
-2,
17,
-1,
8393,
-2,
32,
-2,
17,
-1,
8394,
-2,
32,
-2,
17,
-1,
8395,
-2,
32,
-2,
17,
-1,
8396,
-2,
32,
-2,
17,
-1,
8397,
-2,
32,
-2,
17,
-1,
8398,
-2,
32,
-2,
17,
-1,
8399,
-2,
32,
-2,
17,
-1,
8400,
-2,
32,
-2,
17,
