-1,
841,
-2,
31,
-2,
30,
-1,
842,
-2,
31,
-1,
843,
-2,
31,
-1,
844,
-2,
30,
-1,
845,
-2,
30,
-2,
31,
-1,
846,
-2,
30,
-2,
31,
-1,
847,
-2,
30,
-2,
31,
-1,
848,
-2,
30,
-2,
31,
-1,
849,
-2,
30,
-2,
31,
-1,
850,
-2,
30,
-2,
31,
-1,
851,
-2,
30,
-2,
31,
-1,
852,
-2,
30,
-2,
31,
-1,
853,
-2,
30,
-2,
31,
-1,
854,
-2,
30,
-2,
31,
-1,
855,
-2,
30,
-2,
31,
-1,
856,
-2,
30,
-2,
31,
-1,
857,
-2,
30,
-2,
31,
-1,
858,
-2,
30,
-2,
31,
-1,
859,
-2,
30,
-2,
31,
-1,
860,
-2,
30,
-2,
31,
-1,
861,
-2,
30,
-2,
31,
-1,
862,
-2,
30,
-2,
31,
-1,
863,
-2,
30,
-1,
864,
-2,
30,
-1,
865,
-2,
30,
-1,
866,
-2,
30,
-1,
867,
-2,
30,
-1,
868,
-2,
30,
-1,
869,
-2,
30,
-1,
870,
-2,
30,
-2,
17,
-1,
871,
-2,
30,
-2,
17,
-1,
872,
-2,
30,
-2,
17,
-1,
873,
-2,
30,
-2,
17,
-1,
874,
-2,
30,
-2,
17,
-1,
875,
-2,
32,
-2,
17,
-1,
876,
-2,
32,
-2,
17,
-1,
877,
-2,
32,
-2,
17,
-1,
878,
-2,
32,
-2,
17,
-1,
879,
-2,
32,
-2,
17,
-1,
880,
-2,
32,
-2,
17,
-1,
881,
-2,
32,
-2,
17,
-1,
882,
-2,
32,
-2,
17,
-1,
883,
-2,
57,
-2,
32,
-2,
17,
-1,
884,
-2,
32,
-2,
17,
-1,
885,
-2,
32,
-2,
17,
-1,
886,
-2,
32,
-2,
17,
-1,
887,
-2,
32,
-2,
17,
-1,
888,
-2,
31,
-2,
17,
-1,
889,
-2,
31,
-2,
17,
-1,
890,
-2,
31,
-1,
891,
-2,
31,
-1,
892,
-2,
31,
-1,
893,
-2,
31,
-1,
894,
-2,
57,
-1,
895,
-2,
32,
-2,
31,
-1,
896,
-2,
32,
-2,
31,
-1,
897,
-2,
32,
-2,
31,
-1,
898,
-2,
32,
-2,
31,
-1,
899,
-2,
32,
-2,
31,
-1,
900,
-2,
32,
-1,
901,
-2,
32,
-2,
17,
-1,
902,
-2,
32,
-2,
17,
-1,
903,
-2,
32,
-2,
17,
-1,
904,
-2,
32,
-2,
17,
-1,
905,
-2,
32,
-2,
17,
-1,
906,
-2,
17,
-2,
17,
-1,
907,
-2,
17,
-2,
17,
-1,
908,
-2,
17,
-2,
17,
-1,
909,
-2,
17,
-2,
17,
-1,
910,
-2,
17,
-2,
17,
-1,
911,
-2,
17,
-2,
17,
-1,
912,
-2,
17,
-2,
17,
-1,
913,
-2,
17,
-2,
17,
-1,
914,
-2,
17,
-2,
17,
-1,
915,
-2,
17,
-1,
916,
-2,
17,
-1,
917,
-2,
17,
-1,
918,
-2,
17,
-1,
919,
-2,
17,
-1,
920,
-2,
32,
-1,
921,
-2,
32,
-1,
922,
-2,
32,
-1,
923,
-2,
32,
-1,
924,
-2,
32,
-1,
925,
-2,
32,
-1,
926,
-2,
32,
-1,
927,
-2,
32,
-1,
928,
-2,
32,
-2,
31,
-1,
929,
-2,
32,
-2,
31,
-1,
930,
-2,
32,
-2,
31,
-1,
931,
-2,
32,
-2,
31,
-1,
932,
-2,
32,
-2,
31,
-1,
933,
-2,
32,
-2,
31,
-1,
934,
-2,
32,
-2,
31,
-1,
935,
-2,
32,
-2,
31,
-1,
936,
-2,
32,
-2,
31,
-1,
937,
-2,
32,
-2,
31,
-1,
938,
-2,
32,
-2,
31,
-1,
939,
-2,
32,
-2,
31,
-1,
940,
-2,
32,
-2,
31,
-1,
941,
-2,
32,
-2,
31,
-2,
17,
-1,
942,
-2,
32,
-2,
31,
-1,
943,
-2,
32,
-2,
31,
-1,
944,
-2,
32,
-2,
31,
-1,
945,
-2,
32,
-2,
31,
-1,
946,
-2,
32,
-2,
31,
-1,
947,
-2,
32,
-2,
31,
-1,
948,
-2,
32,
-2,
31,
-1,
949,
-2,
32,
-2,
31,
-1,
950,
-2,
30,
-2,
31,
-1,
951,
-2,
30,
-2,
31,
-1,
952,
-2,
30,
-2,
17,
-1,
953,
-2,
31,
-2,
17,
-1,
954,
-2,
31,
-2,
17,
-1,
955,
-2,
31,
-2,
17,
-1,
956,
-2,
31,
-2,
17,
-1,
957,
-2,
31,
-2,
17,
-1,
958,
-2,
31,
-1,
959,
-2,
31,
-2,
30,
-1,
960,
-2,
31,
