-1,
8401,
-2,
32,
-2,
17,
-1,
8402,
-2,
32,
-2,
17,
-1,
8403,
-2,
32,
-2,
17,
-1,
8404,
-2,
32,
-2,
17,
-1,
8405,
-2,
32,
-2,
17,
-1,
8406,
-2,
32,
-2,
17,
-1,
8407,
-2,
32,
-2,
17,
-1,
8408,
-2,
32,
-2,
17,
-1,
8409,
-2,
32,
-2,
17,
-1,
8410,
-2,
32,
-2,
17,
-1,
8411,
-2,
32,
-2,
17,
-1,
8412,
-2,
32,
-2,
17,
-1,
8413,
-2,
32,
-2,
17,
-1,
8414,
-2,
32,
-2,
17,
-1,
8415,
-2,
32,
-2,
17,
-1,
8416,
-2,
32,
-2,
17,
-1,
8417,
-2,
32,
-2,
17,
-1,
8418,
-2,
32,
-2,
17,
-1,
8419,
-2,
32,
-2,
17,
-1,
8420,
-2,
32,
-2,
17,
-1,
8421,
-2,
32,
-2,
17,
-1,
8422,
-2,
32,
-2,
17,
-1,
8423,
-2,
32,
-2,
17,
-1,
8424,
-2,
32,
-2,
17,
-1,
8425,
-2,
32,
-2,
17,
-1,
8426,
-2,
32,
-2,
17,
-1,
8427,
-2,
32,
-2,
17,
-1,
8428,
-2,
32,
-2,
17,
-1,
8429,
-2,
32,
-2,
17,
-1,
8430,
-2,
32,
-2,
17,
-1,
8431,
-2,
32,
-2,
17,
-1,
8432,
-2,
32,
-2,
17,
-1,
8433,
-2,
32,
-2,
17,
-1,
8434,
-2,
32,
-2,
17,
-1,
8435,
-2,
32,
-2,
17,
-1,
8436,
-2,
32,
-2,
17,
-1,
8437,
-2,
32,
-2,
17,
-1,
8438,
-2,
32,
-2,
17,
-1,
8439,
-2,
32,
-2,
17,
-1,
8440,
-2,
32,
-2,
17,
-1,
8441,
-2,
32,
-2,
17,
-1,
8442,
-2,
32,
-2,
17,
-1,
8443,
-2,
32,
-2,
17,
-1,
8444,
-2,
32,
-2,
17,
-1,
8445,
-2,
32,
-2,
17,
-1,
8446,
-2,
32,
-2,
17,
-1,
8447,
-2,
32,
-2,
17,
-1,
8448,
-2,
32,
-2,
17,
-1,
8449,
-2,
32,
-2,
17,
-1,
8450,
-2,
32,
-2,
17,
-1,
8451,
-2,
32,
-2,
17,
-1,
8452,
-2,
32,
-2,
17,
-1,
8453,
-2,
32,
-2,
17,
-1,
8454,
-2,
32,
-2,
17,
-1,
8455,
-2,
32,
-2,
17,
-1,
8456,
-2,
32,
-2,
17,
-1,
8457,
-2,
32,
-2,
17,
-1,
8458,
-2,
32,
-2,
17,
-1,
8459,
-2,
32,
-2,
17,
-1,
8460,
-2,
32,
-2,
17,
-1,
8461,
-2,
32,
-2,
17,
-1,
8462,
-2,
32,
-2,
17,
-1,
8463,
-2,
32,
-2,
17,
-1,
8464,
-2,
32,
-2,
17,
-1,
8465,
-2,
32,
-2,
17,
-1,
8466,
-2,
32,
-2,
17,
-1,
8467,
-2,
32,
-2,
17,
-1,
8468,
-2,
32,
-2,
17,
-1,
8469,
-2,
32,
-2,
17,
-1,
8470,
-2,
32,
-2,
17,
-1,
8471,
-2,
32,
-2,
17,
-1,
8472,
-2,
32,
-2,
17,
-1,
8473,
-2,
32,
-2,
17,
-1,
8474,
-2,
32,
-2,
17,
-1,
8475,
-2,
32,
-2,
17,
-1,
8476,
-2,
32,
-2,
17,
-1,
8477,
-2,
32,
-2,
17,
-1,
8478,
-2,
32,
-2,
17,
-1,
8479,
-2,
32,
-2,
17,
-1,
8480,
-2,
32,
-2,
17,
-1,
8481,
-2,
32,
-2,
17,
-1,
8482,
-2,
32,
-2,
17,
-1,
8483,
-2,
32,
-2,
17,
-1,
8484,
-2,
32,
-2,
17,
-1,
8485,
-2,
32,
-2,
17,
-1,
8486,
-2,
32,
-2,
17,
-1,
8487,
-2,
32,
-2,
17,
-1,
8488,
-2,
32,
-2,
17,
-1,
8489,
-2,
32,
-2,
17,
-1,
8490,
-2,
32,
-2,
17,
-1,
8491,
-2,
32,
-2,
17,
-1,
8492,
-2,
32,
-2,
17,
-1,
8493,
-2,
32,
-2,
17,
-1,
8494,
-2,
32,
-2,
17,
-1,
8495,
-2,
17,
-2,
17,
-1,
8496,
-2,
32,
-2,
17,
-1,
8497,
-2,
32,
-2,
17,
-1,
8498,
-2,
32,
-2,
17,
-1,
8499,
-2,
32,
-2,
17,
-1,
8500,
-2,
32,
-2,
17,
-1,
8501,
-2,
32,
-2,
17,
-1,
8502,
-2,
32,
-2,
17,
-1,
8503,
-2,
32,
-2,
17,
-1,
8504,
-2,
32,
-2,
17,
-1,
8505,
-2,
32,
-2,
17,
-1,
8506,
-2,
32,
-2,
17,
-1,
8507,
-2,
32,
-2,
17,
-1,
8508,
-2,
32,
-2,
17,
-1,
8509,
-2,
32,
-2,
17,
-1,
8510,
-2,
32,
-2,
17,
-1,
8511,
-2,
32,
-2,
17,
-1,
8512,
-2,
32,
-2,
17,
-1,
8513,
-2,
32,
-2,
17,
-1,
8514,
-2,
32,
-2,
17,
-1,
8515,
-2,
32,
-2,
17,
-1,
8516,
-2,
32,
-2,
17,
-1,
8517,
-2,
32,
-2,
17,
-1,
8518,
-2,
32,
-2,
17,
-1,
8519,
-2,
32,
-2,
17,
-1,
8520,
-2,
32,
-2,
17,
