-1,
8521,
-2,
32,
-2,
17,
-1,
8522,
-2,
32,
-2,
17,
-1,
8523,
-2,
32,
-2,
17,
-1,
8524,
-2,
32,
-2,
17,
-1,
8525,
-2,
32,
-2,
17,
-1,
8526,
-2,
32,
-2,
17,
-1,
8527,
-2,
32,
-2,
17,
-1,
8528,
-2,
32,
-2,
17,
-1,
8529,
-2,
32,
-2,
17,
-1,
8530,
-2,
32,
-2,
17,
-1,
8531,
-2,
32,
-2,
17,
-1,
8532,
-2,
32,
-2,
17,
-1,
8533,
-2,
32,
-2,
17,
-1,
8534,
-2,
32,
-2,
17,
-1,
8535,
-2,
32,
-2,
17,
-1,
8536,
-2,
32,
-2,
17,
-1,
8537,
-2,
32,
-2,
17,
-1,
8538,
-2,
32,
-2,
17,
-1,
8539,
-2,
32,
-2,
17,
-1,
8540,
-2,
32,
-2,
17,
-1,
8541,
-2,
32,
-2,
17,
-1,
8542,
-2,
32,
-2,
17,
-1,
8543,
-2,
32,
-2,
17,
-1,
8544,
-2,
32,
-2,
17,
-1,
8545,
-2,
32,
-2,
17,
-1,
8546,
-2,
32,
-2,
17,
-1,
8547,
-2,
32,
-2,
17,
-1,
8548,
-2,
32,
-2,
17,
-1,
8549,
-2,
32,
-2,
17,
-1,
8550,
-2,
32,
-2,
17,
-1,
8551,
-2,
32,
-2,
17,
-1,
8552,
-2,
32,
-2,
17,
-1,
8553,
-2,
32,
-2,
17,
-1,
8554,
-2,
32,
-2,
17,
-1,
8555,
-2,
32,
-2,
17,
-1,
8556,
-2,
32,
-2,
17,
-1,
8557,
-2,
32,
-2,
17,
-1,
8558,
-2,
32,
-2,
17,
-1,
8559,
-2,
32,
-2,
17,
-1,
8560,
-2,
32,
-2,
17,
-1,
8561,
-2,
32,
-2,
17,
-1,
8562,
-2,
32,
-2,
17,
-1,
8563,
-2,
32,
-2,
17,
-1,
8564,
-2,
32,
-2,
17,
-1,
8565,
-2,
32,
-2,
17,
-1,
8566,
-2,
32,
-2,
17,
-1,
8567,
-2,
32,
-2,
17,
-1,
8568,
-2,
32,
-2,
17,
-1,
8569,
-2,
32,
-2,
17,
-1,
8570,
-2,
32,
-2,
17,
-1,
8571,
-2,
32,
-2,
17,
-1,
8572,
-2,
32,
-2,
17,
-1,
8573,
-2,
32,
-2,
17,
-1,
8574,
-2,
32,
-2,
17,
-1,
8575,
-2,
32,
-2,
17,
-1,
8576,
-2,
32,
-2,
17,
-1,
8577,
-2,
32,
-2,
17,
-1,
8578,
-2,
32,
-2,
17,
-1,
8579,
-2,
32,
-2,
17,
-1,
8580,
-2,
32,
-2,
17,
-1,
8581,
-2,
32,
-2,
17,
-1,
8582,
-2,
32,
-2,
17,
-1,
8583,
-2,
32,
-2,
17,
-1,
8584,
-2,
31,
-2,
17,
-1,
8585,
-2,
31,
-2,
17,
-1,
8586,
-2,
31,
-2,
17,
-1,
8587,
-2,
31,
-2,
17,
-1,
8588,
-2,
31,
-2,
17,
-1,
8589,
-2,
31,
-2,
17,
-1,
8590,
-2,
31,
-2,
17,
-1,
8591,
-2,
31,
-2,
17,
-1,
8592,
-2,
31,
-2,
17,
-1,
8593,
-2,
31,
-2,
17,
-1,
8594,
-2,
31,
-2,
17,
-1,
8595,
-2,
31,
-2,
17,
-1,
8596,
-2,
31,
-2,
17,
-1,
8597,
-2,
31,
-2,
17,
-1,
8598,
-2,
31,
-2,
17,
-1,
8599,
-2,
31,
-2,
17,
-1,
8600,
-2,
31,
-2,
17,
-1,
8601,
-2,
31,
-2,
17,
-1,
8602,
-2,
31,
-2,
17,
-1,
8603,
-2,
31,
-2,
17,
-1,
8604,
-2,
31,
-2,
17,
-1,
8605,
-2,
31,
-2,
17,
-1,
8606,
-2,
31,
-2,
17,
-1,
8607,
-2,
31,
-2,
17,
-1,
8608,
-2,
31,
-2,
17,
-1,
8609,
-2,
31,
-2,
17,
-1,
8610,
-2,
31,
-2,
17,
-1,
8611,
-2,
31,
-2,
17,
-1,
8612,
-2,
31,
-2,
17,
-1,
8613,
-2,
31,
-2,
17,
-1,
8614,
-2,
31,
-2,
17,
-1,
8615,
-2,
31,
-2,
17,
-1,
8616,
-2,
31,
-2,
17,
-1,
8617,
-2,
31,
-2,
17,
-1,
8618,
-2,
31,
-2,
17,
-1,
8619,
-2,
31,
-2,
17,
-1,
8620,
-2,
31,
-2,
17,
-1,
8621,
-2,
31,
-2,
17,
-1,
8622,
-2,
31,
-2,
17,
-1,
8623,
-2,
31,
-2,
17,
-1,
8624,
-2,
31,
-2,
17,
-1,
8625,
-2,
31,
-2,
17,
-1,
8626,
-2,
31,
-2,
17,
-1,
8627,
-2,
31,
-2,
17,
-1,
8628,
-2,
31,
-2,
17,
-1,
8629,
-2,
31,
-2,
17,
-1,
8630,
-2,
31,
-2,
17,
-1,
8631,
-2,
31,
-2,
17,
-1,
8632,
-2,
31,
-2,
17,
-1,
8633,
-2,
31,
-2,
17,
-1,
8634,
-2,
31,
-2,
17,
-1,
8635,
-2,
31,
-2,
17,
-1,
8636,
-2,
31,
-2,
17,
-1,
8637,
-2,
31,
-2,
17,
-1,
8638,
-2,
31,
-2,
17,
-1,
8639,
-2,
31,
-2,
17,
-1,
8640,
-2,
32,
-2,
31,
