-1,
8641,
-2,
32,
-2,
31,
-1,
8642,
-2,
32,
-2,
31,
-1,
8643,
-2,
32,
-2,
31,
-1,
8644,
-2,
32,
-2,
31,
-1,
8645,
-2,
32,
-2,
31,
-1,
8646,
-2,
32,
-2,
31,
-1,
8647,
-2,
32,
-2,
31,
-1,
8648,
-2,
32,
-2,
31,
-1,
8649,
-2,
32,
-2,
31,
-1,
8650,
-2,
32,
-2,
31,
-1,
8651,
-2,
32,
-2,
31,
-1,
8652,
-2,
32,
-2,
31,
-1,
8653,
-2,
32,
-2,
31,
-1,
8654,
-2,
32,
-2,
31,
-1,
8655,
-2,
32,
-2,
31,
-1,
8656,
-2,
32,
-2,
31,
-1,
8657,
-2,
32,
-2,
31,
-1,
8658,
-2,
32,
-2,
31,
-1,
8659,
-2,
32,
-2,
31,
-1,
8660,
-2,
32,
-2,
17,
-1,
8661,
-2,
32,
-2,
17,
-1,
8662,
-2,
32,
-2,
17,
-1,
8663,
-2,
32,
-2,
17,
-1,
8664,
-2,
32,
-2,
17,
-1,
8665,
-2,
32,
-2,
17,
-1,
8666,
-2,
32,
-2,
17,
-1,
8667,
-2,
32,
-2,
17,
-1,
8668,
-2,
32,
-2,
17,
-1,
8669,
-2,
32,
-2,
17,
-1,
8670,
-2,
32,
-2,
17,
-1,
8671,
-2,
32,
-2,
17,
-1,
8672,
-2,
32,
-2,
17,
-1,
8673,
-2,
32,
-2,
17,
-1,
8674,
-2,
32,
-2,
17,
-1,
8675,
-2,
32,
-2,
17,
-1,
8676,
-2,
32,
-2,
17,
-1,
8677,
-2,
32,
-2,
17,
-1,
8678,
-2,
32,
-2,
17,
-1,
8679,
-2,
32,
-2,
17,
-1,
8680,
-2,
32,
-2,
17,
-1,
8681,
-2,
32,
-2,
17,
-1,
8682,
-2,
32,
-2,
17,
-1,
8683,
-2,
32,
-2,
17,
-1,
8684,
-2,
31,
-2,
17,
-1,
8685,
-2,
31,
-2,
17,
-1,
8686,
-2,
31,
-2,
17,
-1,
8687,
-2,
31,
-2,
17,
-1,
8688,
-2,
31,
-2,
17,
-1,
8689,
-2,
31,
-2,
17,
-1,
8690,
-2,
31,
-2,
17,
-1,
8691,
-2,
32,
-2,
17,
-1,
8692,
-2,
32,
-2,
17,
-1,
8693,
-2,
32,
-2,
17,
-1,
8694,
-2,
32,
-2,
17,
-1,
8695,
-2,
32,
-2,
17,
-1,
8696,
-2,
32,
-2,
17,
-1,
8697,
-2,
32,
-2,
17,
-1,
8698,
-2,
32,
-2,
17,
-1,
8699,
-2,
32,
-2,
17,
-1,
8700,
-2,
32,
-2,
17,
-1,
8701,
-2,
32,
-2,
17,
-1,
8702,
-2,
32,
-2,
17,
-1,
8703,
-2,
32,
-2,
17,
-1,
8704,
-2,
31,
-2,
17,
-1,
8705,
-2,
31,
-2,
17,
-1,
8706,
-2,
31,
-2,
17,
-1,
8707,
-2,
31,
-2,
17,
-1,
8708,
-2,
31,
-2,
17,
-1,
8709,
-2,
31,
-2,
17,
-1,
8710,
-2,
31,
-2,
17,
-1,
8711,
-2,
31,
-2,
17,
-1,
8712,
-2,
31,
-2,
17,
-1,
8713,
-2,
31,
-2,
17,
-1,
8714,
-2,
31,
-2,
17,
-1,
8715,
-2,
31,
-2,
17,
-1,
8716,
-2,
31,
-2,
17,
-1,
8717,
-2,
31,
-2,
17,
-1,
8718,
-2,
31,
-2,
17,
-1,
8719,
-2,
31,
-2,
17,
-1,
8720,
-2,
31,
-2,
17,
-1,
8721,
-2,
31,
-2,
17,
-1,
8722,
-2,
31,
-2,
17,
-1,
8723,
-2,
31,
-2,
17,
-1,
8724,
-2,
31,
-2,
17,
-1,
8725,
-2,
31,
-2,
17,
-1,
8726,
-2,
31,
-2,
17,
-1,
8727,
-2,
31,
-2,
17,
-1,
8728,
-2,
31,
-2,
17,
-1,
8729,
-2,
31,
-2,
17,
-1,
8730,
-2,
31,
-2,
17,
-1,
8731,
-2,
31,
-2,
17,
-1,
8732,
-2,
31,
-2,
17,
-1,
8733,
-2,
31,
-2,
17,
-1,
8734,
-2,
32,
-2,
17,
-1,
8735,
-2,
32,
-2,
17,
-1,
8736,
-2,
32,
-2,
17,
-1,
8737,
-2,
32,
-2,
17,
-1,
8738,
-2,
32,
-2,
17,
-1,
8739,
-2,
32,
-2,
17,
-1,
8740,
-2,
32,
-2,
17,
-1,
8741,
-2,
32,
-2,
17,
-1,
8742,
-2,
32,
-2,
17,
-1,
8743,
-2,
32,
-2,
17,
-1,
8744,
-2,
32,
-2,
17,
-1,
8745,
-2,
32,
-2,
17,
-1,
8746,
-2,
32,
-2,
17,
-1,
8747,
-2,
32,
-2,
17,
-1,
8748,
-2,
32,
-2,
17,
-1,
8749,
-2,
32,
-2,
17,
-1,
8750,
-2,
32,
-2,
17,
-1,
8751,
-2,
32,
-2,
17,
-1,
8752,
-2,
32,
-2,
17,
-1,
8753,
-2,
32,
-2,
17,
-1,
8754,
-2,
32,
-2,
17,
-1,
8755,
-2,
32,
-2,
17,
-1,
8756,
-2,
32,
-2,
17,
-1,
8757,
-2,
32,
-2,
17,
-1,
8758,
-2,
32,
-2,
17,
-1,
8759,
-2,
32,
-2,
17,
-1,
8760,
-2,
32,
-2,
31,
