-1,
8761,
-2,
32,
-2,
31,
-1,
8762,
-2,
32,
-2,
31,
-1,
8763,
-2,
32,
-2,
31,
-1,
8764,
-2,
32,
-2,
31,
-1,
8765,
-2,
32,
-2,
31,
-1,
8766,
-2,
32,
-2,
31,
-1,
8767,
-2,
32,
-2,
31,
-1,
8768,
-2,
32,
-2,
31,
-1,
8769,
-2,
32,
-2,
31,
-1,
8770,
-2,
32,
-2,
31,
-1,
8771,
-2,
32,
-2,
31,
-1,
8772,
-2,
32,
-2,
31,
-1,
8773,
-2,
32,
-2,
31,
-1,
8774,
-2,
32,
-2,
31,
-1,
8775,
-2,
32,
-2,
31,
-1,
8776,
-2,
32,
-2,
31,
-1,
8777,
-2,
32,
-2,
31,
-1,
8778,
-2,
32,
-2,
31,
-1,
8779,
-2,
32,
-2,
31,
-1,
8780,
-2,
32,
-2,
17,
-1,
8781,
-2,
32,
-2,
17,
-1,
8782,
-2,
32,
-2,
17,
-1,
8783,
-2,
32,
-2,
17,
-1,
8784,
-2,
32,
-2,
17,
-1,
8785,
-2,
32,
-2,
17,
-1,
8786,
-2,
32,
-2,
17,
-1,
8787,
-2,
32,
-2,
17,
-1,
8788,
-2,
32,
-2,
17,
-1,
8789,
-2,
32,
-2,
17,
-1,
8790,
-2,
32,
-2,
17,
-1,
8791,
-2,
32,
-2,
17,
-1,
8792,
-2,
32,
-2,
17,
-1,
8793,
-2,
32,
-2,
17,
-1,
8794,
-2,
32,
-2,
17,
-1,
8795,
-2,
32,
-2,
17,
-1,
8796,
-2,
32,
-2,
17,
-1,
8797,
-2,
32,
-2,
17,
-1,
8798,
-2,
32,
-2,
17,
-1,
8799,
-2,
32,
-2,
17,
-1,
8800,
-2,
32,
-2,
17,
-1,
8801,
-2,
32,
-2,
17,
-1,
8802,
-2,
32,
-2,
17,
-1,
8803,
-2,
32,
-2,
17,
-1,
8804,
-2,
32,
-2,
17,
-1,
8805,
-2,
32,
-2,
17,
-1,
8806,
-2,
32,
-2,
17,
-1,
8807,
-2,
32,
-2,
17,
-1,
8808,
-2,
32,
-2,
17,
-1,
8809,
-2,
32,
-2,
17,
-1,
8810,
-2,
32,
-2,
17,
-1,
8811,
-2,
32,
-2,
17,
-1,
8812,
-2,
32,
-2,
17,
-1,
8813,
-2,
32,
-2,
17,
-1,
8814,
-2,
32,
-2,
17,
-1,
8815,
-2,
32,
-2,
17,
-1,
8816,
-2,
32,
-2,
17,
-1,
8817,
-2,
32,
-2,
17,
-1,
8818,
-2,
32,
-2,
17,
-1,
8819,
-2,
32,
-2,
17,
-1,
8820,
-2,
32,
-2,
17,
-1,
8821,
-2,
32,
-2,
17,
-1,
8822,
-2,
32,
-2,
17,
-1,
8823,
-2,
32,
-2,
17,
-1,
8824,
-2,
32,
-2,
17,
-1,
8825,
-2,
32,
-2,
17,
-1,
8826,
-2,
32,
-2,
17,
-1,
8827,
-2,
32,
-2,
17,
-1,
8828,
-2,
31,
-2,
17,
-1,
8829,
-2,
31,
-2,
17,
-1,
8830,
-2,
31,
-2,
17,
-1,
8831,
-2,
31,
-2,
17,
-1,
8832,
-2,
31,
-2,
17,
-1,
8833,
-2,
31,
-2,
17,
-1,
8834,
-2,
31,
-2,
17,
-1,
8835,
-2,
31,
-2,
17,
-1,
8836,
-2,
31,
-2,
17,
-1,
8837,
-2,
32,
-2,
17,
-1,
8838,
-2,
32,
-2,
17,
-1,
8839,
-2,
32,
-2,
17,
-1,
8840,
-2,
32,
-2,
17,
-1,
8841,
-2,
32,
-2,
17,
-1,
8842,
-2,
32,
-2,
17,
-1,
8843,
-2,
32,
-2,
17,
-1,
8844,
-2,
32,
-2,
17,
-1,
8845,
-2,
32,
-2,
17,
-1,
8846,
-2,
32,
-2,
17,
-1,
8847,
-2,
32,
-2,
17,
-1,
8848,
-2,
32,
-2,
17,
-1,
8849,
-2,
32,
-2,
17,
-1,
8850,
-2,
32,
-2,
17,
-1,
8851,
-2,
32,
-2,
17,
-1,
8852,
-2,
32,
-2,
17,
-1,
8853,
-2,
32,
-2,
17,
-1,
8854,
-2,
32,
-2,
17,
-1,
8855,
-2,
32,
-2,
17,
-1,
8856,
-2,
32,
-2,
17,
-1,
8857,
-2,
32,
-2,
17,
-1,
8858,
-2,
32,
-2,
17,
-1,
8859,
-2,
32,
-2,
17,
-1,
8860,
-2,
32,
-2,
17,
-1,
8861,
-2,
32,
-2,
17,
-1,
8862,
-2,
32,
-2,
17,
-1,
8863,
-2,
32,
-2,
17,
-1,
8864,
-2,
32,
-2,
17,
-1,
8865,
-2,
32,
-2,
17,
-1,
8866,
-2,
32,
-2,
17,
-1,
8867,
-2,
32,
-2,
17,
-1,
8868,
-2,
32,
-2,
17,
-1,
8869,
-2,
32,
-2,
17,
-1,
8870,
-2,
32,
-2,
17,
-1,
8871,
-2,
32,
-2,
17,
-1,
8872,
-2,
32,
-2,
17,
-1,
8873,
-2,
32,
-2,
17,
-1,
8874,
-2,
32,
-2,
17,
-1,
8875,
-2,
32,
-2,
17,
-1,
8876,
-2,
32,
-2,
17,
-1,
8877,
-2,
32,
-2,
17,
-1,
8878,
-2,
32,
-2,
17,
-1,
8879,
-2,
32,
-2,
17,
-1,
8880,
-2,
32,
-2,
31,
