-1,
8881,
-2,
32,
-2,
31,
-1,
8882,
-2,
32,
-2,
31,
-1,
8883,
-2,
32,
-2,
31,
-1,
8884,
-2,
32,
-2,
31,
-1,
8885,
-2,
32,
-2,
31,
-1,
8886,
-2,
32,
-2,
31,
-1,
8887,
-2,
32,
-2,
31,
-1,
8888,
-2,
32,
-2,
31,
-1,
8889,
-2,
32,
-2,
31,
-1,
8890,
-2,
32,
-2,
31,
-1,
8891,
-2,
32,
-2,
31,
-1,
8892,
-2,
32,
-2,
31,
-1,
8893,
-2,
32,
-2,
31,
-1,
8894,
-2,
32,
-2,
31,
-1,
8895,
-2,
32,
-2,
31,
-1,
8896,
-2,
32,
-2,
31,
-1,
8897,
-2,
32,
-2,
31,
-1,
8898,
-2,
32,
-2,
31,
-1,
8899,
-2,
32,
-2,
31,
-1,
8900,
-2,
32,
-2,
17,
-1,
8901,
-2,
32,
-2,
17,
-1,
8902,
-2,
32,
-2,
17,
-1,
8903,
-2,
32,
-2,
17,
-1,
8904,
-2,
32,
-2,
17,
-1,
8905,
-2,
32,
-2,
17,
-1,
8906,
-2,
32,
-2,
17,
-1,
8907,
-2,
32,
-2,
17,
-1,
8908,
-2,
32,
-2,
17,
-1,
8909,
-2,
32,
-2,
17,
-1,
8910,
-2,
32,
-2,
17,
-1,
8911,
-2,
32,
-2,
17,
-1,
8912,
-2,
32,
-2,
17,
-1,
8913,
-2,
32,
-2,
17,
-1,
8914,
-2,
32,
-2,
17,
-1,
8915,
-2,
32,
-2,
17,
-1,
8916,
-2,
32,
-2,
17,
-1,
8917,
-2,
32,
-2,
17,
-1,
8918,
-2,
32,
-2,
17,
-1,
8919,
-2,
32,
-2,
17,
-1,
8920,
-2,
32,
-2,
17,
-1,
8921,
-2,
32,
-2,
17,
-1,
8922,
-2,
32,
-2,
17,
-1,
8923,
-2,
32,
-2,
17,
-1,
8924,
-2,
32,
-2,
17,
-1,
8925,
-2,
32,
-2,
17,
-1,
8926,
-2,
32,
-2,
17,
-1,
8927,
-2,
32,
-2,
17,
-1,
8928,
-2,
32,
-2,
17,
-1,
8929,
-2,
32,
-2,
17,
-1,
8930,
-2,
32,
-2,
17,
-1,
8931,
-2,
32,
-2,
17,
-1,
8932,
-2,
32,
-2,
17,
-1,
8933,
-2,
32,
-2,
17,
-1,
8934,
-2,
32,
-2,
17,
-1,
8935,
-2,
32,
-2,
17,
-1,
8936,
-2,
32,
-2,
17,
-1,
8937,
-2,
32,
-2,
17,
-1,
8938,
-2,
32,
-2,
17,
-1,
8939,
-2,
32,
-2,
17,
-1,
8940,
-2,
32,
-2,
17,
-1,
8941,
-2,
32,
-2,
17,
-1,
8942,
-2,
32,
-2,
17,
-1,
8943,
-2,
32,
-2,
17,
-1,
8944,
-2,
32,
-2,
17,
-1,
8945,
-2,
32,
-2,
17,
-1,
8946,
-2,
32,
-2,
17,
-1,
8947,
-2,
32,
-2,
17,
-1,
8948,
-2,
32,
-2,
17,
-1,
8949,
-2,
32,
-2,
17,
-1,
8950,
-2,
32,
-2,
17,
-1,
8951,
-2,
32,
-2,
17,
-1,
8952,
-2,
32,
-2,
17,
-1,
8953,
-2,
32,
-2,
17,
-1,
8954,
-2,
32,
-2,
17,
-1,
8955,
-2,
32,
-2,
17,
-1,
8956,
-2,
32,
-2,
17,
-1,
8957,
-2,
32,
-2,
17,
-1,
8958,
-2,
32,
-2,
17,
-1,
8959,
-2,
32,
-2,
17,
-1,
8960,
-2,
32,
-2,
17,
-1,
8961,
-2,
32,
-2,
17,
-1,
8962,
-2,
32,
-2,
17,
-1,
8963,
-2,
32,
-2,
17,
-1,
8964,
-2,
32,
-2,
17,
-1,
8965,
-2,
32,
-2,
17,
-1,
8966,
-2,
32,
-2,
17,
-1,
8967,
-2,
32,
-2,
17,
-1,
8968,
-2,
32,
-2,
17,
-1,
8969,
-2,
32,
-2,
17,
-1,
8970,
-2,
32,
-2,
17,
-1,
8971,
-2,
17,
-2,
17,
-1,
8972,
-2,
17,
-2,
17,
-1,
8973,
-2,
17,
-2,
17,
-1,
8974,
-2,
32,
-2,
17,
-1,
8975,
-2,
32,
-2,
17,
-1,
8976,
-2,
32,
-2,
17,
-1,
8977,
-2,
32,
-2,
17,
-1,
8978,
-2,
32,
-2,
17,
-1,
8979,
-2,
32,
-2,
17,
-1,
8980,
-2,
32,
-2,
17,
-1,
8981,
-2,
32,
-2,
17,
-1,
8982,
-2,
32,
-2,
17,
-1,
8983,
-2,
32,
-2,
17,
-1,
8984,
-2,
32,
-2,
17,
-1,
8985,
-2,
32,
-2,
17,
-1,
8986,
-2,
32,
-2,
17,
-1,
8987,
-2,
32,
-2,
17,
-1,
8988,
-2,
32,
-2,
17,
-1,
8989,
-2,
31,
-2,
17,
-1,
8990,
-2,
31,
-2,
17,
-1,
8991,
-2,
31,
-2,
17,
-1,
8992,
-2,
31,
-2,
17,
-1,
8993,
-2,
31,
-2,
17,
-1,
8994,
-2,
31,
-2,
17,
-1,
8995,
-2,
31,
-2,
17,
-1,
8996,
-2,
31,
-2,
17,
-1,
8997,
-2,
31,
-2,
17,
-1,
8998,
-2,
30,
-2,
17,
-1,
8999,
-2,
30,
-2,
17,
-1,
9000,
-2,
30,
-2,
31,
