-1,
9001,
-2,
30,
-2,
31,
-1,
9002,
-2,
30,
-2,
31,
-1,
9003,
-2,
30,
-2,
31,
-1,
9004,
-2,
30,
-2,
31,
-1,
9005,
-2,
30,
-2,
31,
-1,
9006,
-2,
30,
-2,
31,
-1,
9007,
-2,
30,
-2,
31,
-1,
9008,
-2,
30,
-2,
31,
-1,
9009,
-2,
30,
-2,
31,
-1,
9010,
-2,
30,
-2,
31,
-1,
9011,
-2,
30,
-2,
31,
-1,
9012,
-2,
30,
-2,
31,
-1,
9013,
-2,
30,
-2,
31,
-1,
9014,
-2,
30,
-2,
31,
-1,
9015,
-2,
30,
-2,
31,
-1,
9016,
-2,
30,
-2,
31,
-1,
9017,
-2,
30,
-2,
31,
-1,
9018,
-2,
30,
-2,
31,
-1,
9019,
-2,
30,
-2,
31,
-1,
9020,
-2,
30,
-2,
31,
-1,
9021,
-2,
30,
-2,
31,
-1,
9022,
-2,
30,
-2,
31,
-1,
9023,
-2,
31,
-2,
17,
-1,
9024,
-2,
31,
-2,
17,
-1,
9025,
-2,
31,
-2,
17,
-1,
9026,
-2,
31,
-2,
17,
-1,
9027,
-2,
31,
-2,
17,
-1,
9028,
-2,
31,
-2,
17,
-1,
9029,
-2,
31,
-2,
17,
-1,
9030,
-2,
31,
-2,
17,
-1,
9031,
-2,
31,
-2,
17,
-1,
9032,
-2,
31,
-2,
17,
-1,
9033,
-2,
31,
-2,
17,
-1,
9034,
-2,
31,
-2,
17,
-1,
9035,
-2,
31,
-2,
17,
-1,
9036,
-2,
31,
-2,
17,
-1,
9037,
-2,
31,
-2,
17,
-1,
9038,
-2,
31,
-2,
17,
-1,
9039,
-2,
31,
-2,
17,
-1,
9040,
-2,
31,
-2,
17,
-1,
9041,
-2,
31,
-2,
17,
-1,
9042,
-2,
31,
-2,
17,
-1,
9043,
-2,
31,
-2,
17,
-1,
9044,
-2,
31,
-2,
17,
-1,
9045,
-2,
31,
-2,
17,
-1,
9046,
-2,
31,
-2,
17,
-1,
9047,
-2,
31,
-2,
17,
-1,
9048,
-2,
31,
-2,
17,
-1,
9049,
-2,
31,
-2,
17,
-1,
9050,
-2,
31,
-2,
17,
-1,
9051,
-2,
31,
-2,
17,
-1,
9052,
-2,
31,
-2,
17,
-1,
9053,
-2,
31,
-2,
17,
-1,
9054,
-2,
31,
-2,
17,
-1,
9055,
-2,
32,
-2,
31,
-1,
9056,
-2,
32,
-2,
31,
-1,
9057,
-2,
32,
-2,
31,
-1,
9058,
-2,
32,
-2,
31,
-1,
9059,
-2,
32,
-2,
31,
-1,
9060,
-2,
32,
-2,
31,
-1,
9061,
-2,
32,
-2,
31,
-1,
9062,
-2,
32,
-2,
17,
-1,
9063,
-2,
32,
-2,
17,
-1,
9064,
-2,
32,
-2,
17,
-1,
9065,
-2,
32,
-2,
17,
-1,
9066,
-2,
32,
-2,
17,
-1,
9067,
-2,
32,
-2,
17,
-1,
9068,
-2,
32,
-2,
17,
-1,
9069,
-2,
32,
-2,
17,
-1,
9070,
-2,
32,
-2,
17,
-1,
9071,
-2,
32,
-2,
17,
-1,
9072,
-2,
32,
-2,
17,
-1,
9073,
-2,
32,
-2,
17,
-1,
9074,
-2,
32,
-2,
17,
-1,
9075,
-2,
32,
-2,
17,
-1,
9076,
-2,
32,
-2,
17,
-1,
9077,
-2,
32,
-2,
17,
-1,
9078,
-2,
32,
-2,
17,
-1,
9079,
-2,
32,
-2,
17,
-1,
9080,
-2,
32,
-2,
17,
-1,
9081,
-2,
32,
-2,
17,
-1,
9082,
-2,
32,
-2,
17,
-1,
9083,
-2,
32,
-2,
17,
-1,
9084,
-2,
32,
-2,
17,
-1,
9085,
-2,
32,
-2,
17,
-1,
9086,
-2,
32,
-2,
17,
-1,
9087,
-2,
32,
-2,
17,
-1,
9088,
-2,
32,
-2,
31,
-1,
9089,
-2,
32,
-2,
31,
-1,
9090,
-2,
32,
-2,
31,
-1,
9091,
-2,
32,
-2,
31,
-1,
9092,
-2,
32,
-2,
31,
-1,
9093,
-2,
32,
-2,
31,
-1,
9094,
-2,
32,
-2,
31,
-1,
9095,
-2,
32,
-2,
31,
-1,
9096,
-2,
32,
-2,
31,
-1,
9097,
-2,
32,
-2,
31,
-1,
9098,
-2,
32,
-2,
31,
-1,
9099,
-2,
32,
-2,
31,
-1,
9100,
-2,
32,
-2,
17,
-1,
9101,
-2,
32,
-2,
17,
-1,
9102,
-2,
32,
-2,
17,
-1,
9103,
-2,
32,
-2,
17,
-1,
9104,
-2,
32,
-2,
17,
-1,
9105,
-2,
32,
-2,
17,
-1,
9106,
-2,
32,
-2,
17,
-1,
9107,
-2,
32,
-2,
17,
-1,
9108,
-2,
32,
-2,
17,
-1,
9109,
-2,
32,
-2,
17,
-1,
9110,
-2,
32,
-2,
17,
-1,
9111,
-2,
32,
-2,
17,
-1,
9112,
-2,
32,
-2,
17,
-1,
9113,
-2,
32,
-2,
17,
-1,
9114,
-2,
32,
-2,
17,
-1,
9115,
-2,
32,
-2,
17,
-1,
9116,
-2,
32,
-2,
17,
-1,
9117,
-2,
32,
-2,
17,
-1,
9118,
-2,
32,
-2,
17,
-1,
9119,
-2,
32,
-2,
17,
-1,
9120,
-2,
32,
-2,
31,
