-1,
9121,
-2,
32,
-2,
31,
-1,
9122,
-2,
32,
-2,
31,
-1,
9123,
-2,
32,
-2,
31,
-1,
9124,
-2,
32,
-2,
31,
-1,
9125,
-2,
32,
-2,
31,
-1,
9126,
-2,
32,
-2,
31,
-1,
9127,
-2,
32,
-2,
31,
-1,
9128,
-2,
32,
-2,
31,
-1,
9129,
-2,
32,
-2,
31,
-1,
9130,
-2,
32,
-2,
31,
-1,
9131,
-2,
32,
-2,
31,
-1,
9132,
-2,
32,
-2,
31,
-1,
9133,
-2,
32,
-2,
31,
-1,
9134,
-2,
32,
-2,
31,
-1,
9135,
-2,
32,
-2,
31,
-1,
9136,
-2,
32,
-2,
31,
-1,
9137,
-2,
32,
-2,
17,
-1,
9138,
-2,
32,
-2,
17,
-1,
9139,
-2,
32,
-2,
17,
-1,
9140,
-2,
32,
-2,
17,
-1,
9141,
-2,
32,
-2,
17,
-1,
9142,
-2,
32,
-2,
17,
-1,
9143,
-2,
32,
-2,
17,
-1,
9144,
-2,
32,
-2,
17,
-1,
9145,
-2,
32,
-2,
17,
-1,
9146,
-2,
32,
-2,
17,
-1,
9147,
-2,
32,
-2,
17,
-1,
9148,
-2,
32,
-2,
17,
-1,
9149,
-2,
32,
-2,
17,
-1,
9150,
-2,
32,
-2,
17,
-1,
9151,
-2,
32,
-2,
17,
-1,
9152,
-2,
32,
-2,
17,
-1,
9153,
-2,
32,
-2,
17,
-1,
9154,
-2,
32,
-2,
17,
-1,
9155,
-2,
32,
-2,
17,
-1,
9156,
-2,
32,
-2,
17,
-1,
9157,
-2,
32,
-2,
17,
-1,
9158,
-2,
32,
-2,
17,
-1,
9159,
-2,
32,
-2,
17,
-1,
9160,
-2,
32,
-2,
17,
-1,
9161,
-2,
32,
-2,
17,
-1,
9162,
-2,
32,
-2,
17,
-1,
9163,
-2,
32,
-2,
17,
-1,
9164,
-2,
32,
-2,
17,
-1,
9165,
-2,
32,
-2,
17,
-1,
9166,
-2,
32,
-2,
17,
-1,
9167,
-2,
32,
-2,
17,
-1,
9168,
-2,
32,
-2,
17,
-1,
9169,
-2,
32,
-2,
17,
-1,
9170,
-2,
32,
-2,
17,
-1,
9171,
-2,
32,
-2,
17,
-1,
9172,
-2,
32,
-2,
17,
-1,
9173,
-2,
32,
-2,
17,
-1,
9174,
-2,
32,
-2,
17,
-1,
9175,
-2,
32,
-2,
17,
-1,
9176,
-2,
32,
-2,
17,
-1,
9177,
-2,
32,
-2,
17,
-1,
9178,
-2,
32,
-2,
17,
-1,
9179,
-2,
32,
-2,
17,
-1,
9180,
-2,
32,
-2,
17,
-1,
9181,
-2,
32,
-2,
17,
-1,
9182,
-2,
32,
-2,
17,
-1,
9183,
-2,
32,
-2,
17,
-1,
9184,
-2,
32,
-2,
17,
-1,
9185,
-2,
32,
-2,
17,
-1,
9186,
-2,
32,
-2,
17,
-1,
9187,
-2,
32,
-2,
17,
-1,
9188,
-2,
32,
-2,
17,
-1,
9189,
-2,
32,
-2,
17,
-1,
9190,
-2,
32,
-2,
17,
-1,
9191,
-2,
32,
-2,
17,
-1,
9192,
-2,
32,
-2,
17,
-1,
9193,
-2,
32,
-2,
17,
-1,
9194,
-2,
32,
-2,
17,
-1,
9195,
-2,
32,
-2,
17,
-1,
9196,
-2,
32,
-2,
17,
-1,
9197,
-2,
32,
-2,
17,
-1,
9198,
-2,
32,
-2,
17,
-1,
9199,
-2,
32,
-2,
17,
-1,
9200,
-2,
32,
-2,
17,
-1,
9201,
-2,
32,
-2,
17,
-1,
9202,
-2,
32,
-2,
17,
-1,
9203,
-2,
32,
-2,
17,
-1,
9204,
-2,
32,
-2,
17,
-1,
9205,
-2,
32,
-2,
17,
-1,
9206,
-2,
32,
-2,
17,
-1,
9207,
-2,
32,
-2,
17,
-1,
9208,
-2,
32,
-2,
17,
-1,
9209,
-2,
32,
-2,
17,
-1,
9210,
-2,
32,
-2,
17,
-1,
9211,
-2,
32,
-2,
17,
-1,
9212,
-2,
32,
-2,
17,
-1,
9213,
-2,
32,
-2,
17,
-1,
9214,
-2,
32,
-2,
17,
-1,
9215,
-2,
32,
-2,
17,
-1,
9216,
-2,
32,
-2,
17,
-1,
9217,
-2,
32,
-2,
17,
-1,
9218,
-2,
32,
-2,
17,
-1,
9219,
-2,
32,
-2,
17,
-1,
9220,
-2,
32,
-2,
17,
-1,
9221,
-2,
32,
-2,
17,
-1,
9222,
-2,
32,
-2,
17,
-1,
9223,
-2,
32,
-2,
17,
-1,
9224,
-2,
32,
-2,
17,
-1,
9225,
-2,
32,
-2,
17,
-1,
9226,
-2,
32,
-2,
17,
-1,
9227,
-2,
32,
-2,
17,
-1,
9228,
-2,
32,
-2,
17,
-1,
9229,
-2,
32,
-2,
17,
-1,
9230,
-2,
32,
-2,
17,
-1,
9231,
-2,
32,
-2,
17,
-1,
9232,
-2,
32,
-2,
17,
-1,
9233,
-2,
32,
-2,
17,
-1,
9234,
-2,
32,
-2,
17,
-1,
9235,
-2,
32,
-2,
17,
-1,
9236,
-2,
32,
-2,
17,
-1,
9237,
-2,
32,
-2,
17,
-1,
9238,
-2,
32,
-2,
17,
-1,
9239,
-2,
32,
-2,
17,
-1,
9240,
-2,
32,
-2,
31,
