-1,
9241,
-2,
32,
-2,
31,
-1,
9242,
-2,
32,
-2,
31,
-1,
9243,
-2,
32,
-2,
31,
-1,
9244,
-2,
32,
-2,
31,
-1,
9245,
-2,
32,
-2,
31,
-1,
9246,
-2,
32,
-2,
31,
-1,
9247,
-2,
32,
-2,
31,
-1,
9248,
-2,
32,
-2,
31,
-1,
9249,
-2,
32,
-2,
31,
-1,
9250,
-2,
32,
-2,
31,
-1,
9251,
-2,
32,
-2,
31,
-1,
9252,
-2,
32,
-2,
31,
-1,
9253,
-2,
32,
-2,
31,
-1,
9254,
-2,
32,
-2,
31,
-1,
9255,
-2,
32,
-2,
31,
-1,
9256,
-2,
32,
-2,
31,
-1,
9257,
-2,
32,
-2,
17,
-1,
9258,
-2,
32,
-2,
17,
-1,
9259,
-2,
32,
-2,
17,
-1,
9260,
-2,
32,
-2,
17,
-1,
9261,
-2,
32,
-2,
17,
-1,
9262,
-2,
32,
-2,
17,
-1,
9263,
-2,
32,
-2,
17,
-1,
9264,
-2,
32,
-2,
17,
-1,
9265,
-2,
32,
-2,
17,
-1,
9266,
-2,
32,
-2,
17,
-1,
9267,
-2,
32,
-2,
17,
-1,
9268,
-2,
32,
-2,
17,
-1,
9269,
-2,
32,
-2,
17,
-1,
9270,
-2,
32,
-2,
17,
-1,
9271,
-2,
32,
-2,
17,
-1,
9272,
-2,
32,
-2,
17,
-1,
9273,
-2,
32,
-2,
17,
-1,
9274,
-2,
32,
-2,
17,
-1,
9275,
-2,
32,
-2,
17,
-1,
9276,
-2,
32,
-2,
17,
-1,
9277,
-2,
32,
-2,
17,
-1,
9278,
-2,
32,
-2,
17,
-1,
9279,
-2,
32,
-2,
17,
-1,
9280,
-2,
32,
-2,
17,
-1,
9281,
-2,
32,
-2,
17,
-1,
9282,
-2,
32,
-2,
17,
-1,
9283,
-2,
32,
-2,
17,
-1,
9284,
-2,
32,
-2,
17,
-1,
9285,
-2,
32,
-2,
17,
-1,
9286,
-2,
32,
-2,
17,
-1,
9287,
-2,
32,
-2,
17,
-1,
9288,
-2,
32,
-2,
17,
-1,
9289,
-2,
32,
-2,
17,
-1,
9290,
-2,
32,
-2,
17,
-1,
9291,
-2,
32,
-2,
17,
-1,
9292,
-2,
32,
-2,
17,
-1,
9293,
-2,
32,
-2,
17,
-1,
9294,
-2,
32,
-2,
17,
-1,
9295,
-2,
32,
-2,
17,
-1,
9296,
-2,
32,
-2,
17,
-1,
9297,
-2,
32,
-2,
17,
-1,
9298,
-2,
32,
-2,
17,
-1,
9299,
-2,
32,
-2,
17,
-1,
9300,
-2,
32,
-2,
17,
-1,
9301,
-2,
32,
-2,
17,
-1,
9302,
-2,
32,
-2,
17,
-1,
9303,
-2,
32,
-2,
17,
-1,
9304,
-2,
32,
-2,
17,
-1,
9305,
-2,
32,
-2,
17,
-1,
9306,
-2,
32,
-2,
17,
-1,
9307,
-2,
32,
-2,
17,
-1,
9308,
-2,
32,
-2,
17,
-1,
9309,
-2,
32,
-2,
17,
-1,
9310,
-2,
32,
-2,
17,
-1,
9311,
-2,
32,
-2,
17,
-1,
9312,
-2,
32,
-2,
17,
-1,
9313,
-2,
32,
-2,
17,
-1,
9314,
-2,
32,
-2,
17,
-1,
9315,
-2,
32,
-2,
17,
-1,
9316,
-2,
32,
-2,
17,
-1,
9317,
-2,
32,
-2,
17,
-1,
9318,
-2,
32,
-2,
17,
-1,
9319,
-2,
32,
-2,
17,
-1,
9320,
-2,
32,
-2,
17,
-1,
9321,
-2,
32,
-2,
17,
-1,
9322,
-2,
32,
-2,
17,
-1,
9323,
-2,
32,
-2,
17,
-1,
9324,
-2,
32,
-2,
17,
-1,
9325,
-2,
32,
-2,
17,
-1,
9326,
-2,
32,
-2,
17,
-1,
9327,
-2,
32,
-2,
17,
-1,
9328,
-2,
32,
-2,
17,
-1,
9329,
-2,
32,
-2,
17,
-1,
9330,
-2,
32,
-2,
17,
-1,
9331,
-2,
32,
-2,
17,
-1,
9332,
-2,
32,
-2,
17,
-1,
9333,
-2,
32,
-2,
17,
-1,
9334,
-2,
32,
-2,
17,
-1,
9335,
-2,
32,
-2,
17,
-1,
9336,
-2,
32,
-2,
17,
-1,
9337,
-2,
32,
-2,
17,
-1,
9338,
-2,
32,
-2,
17,
-1,
9339,
-2,
32,
-2,
17,
-1,
9340,
-2,
32,
-2,
17,
-1,
9341,
-2,
32,
-2,
17,
-1,
9342,
-2,
32,
-2,
17,
-1,
9343,
-2,
32,
-2,
17,
-1,
9344,
-2,
32,
-2,
17,
-1,
9345,
-2,
32,
-2,
17,
-1,
9346,
-2,
32,
-2,
17,
-1,
9347,
-2,
32,
-2,
17,
-1,
9348,
-2,
32,
-2,
17,
-1,
9349,
-2,
32,
-2,
17,
-1,
9350,
-2,
32,
-2,
17,
-1,
9351,
-2,
32,
-2,
31,
-1,
9352,
-2,
32,
-2,
31,
-1,
9353,
-2,
32,
-2,
31,
-1,
9354,
-2,
32,
-2,
31,
-1,
9355,
-2,
32,
-2,
31,
-1,
9356,
-2,
31,
-2,
17,
-1,
9357,
-2,
31,
-2,
17,
-1,
9358,
-2,
31,
-2,
17,
-1,
9359,
-2,
31,
-2,
17,
-1,
9360,
-2,
31,
-2,
31,
