-1,
9361,
-2,
31,
-2,
31,
-1,
9362,
-2,
31,
-2,
31,
-1,
9363,
-2,
31,
-2,
31,
-1,
9364,
-2,
31,
-2,
31,
-1,
9365,
-2,
31,
-2,
31,
-1,
9366,
-2,
31,
-2,
31,
-1,
9367,
-2,
31,
-2,
31,
-1,
9368,
-2,
31,
-2,
31,
-1,
9369,
-2,
31,
-2,
31,
-1,
9370,
-2,
31,
-2,
31,
-1,
9371,
-2,
31,
-2,
31,
-1,
9372,
-2,
31,
-2,
31,
-1,
9373,
-2,
31,
-2,
31,
-1,
9374,
-2,
31,
-2,
31,
-1,
9375,
-2,
31,
-2,
31,
-1,
9376,
-2,
31,
-2,
31,
-1,
9377,
-2,
31,
-2,
17,
-1,
9378,
-2,
31,
-2,
17,
-1,
9379,
-2,
31,
-2,
17,
-1,
9380,
-2,
31,
-2,
17,
-1,
9381,
-2,
31,
-2,
17,
-1,
9382,
-2,
31,
-2,
17,
-1,
9383,
-2,
31,
-2,
17,
-1,
9384,
-2,
31,
-2,
17,
-1,
9385,
-2,
31,
-2,
17,
-1,
9386,
-2,
31,
-2,
17,
-1,
9387,
-2,
31,
-2,
17,
-1,
9388,
-2,
31,
-2,
17,
-1,
9389,
-2,
31,
-2,
17,
-1,
9390,
-2,
31,
-2,
17,
-1,
9391,
-2,
31,
-2,
17,
-1,
9392,
-2,
31,
-2,
17,
-1,
9393,
-2,
31,
-2,
17,
-1,
9394,
-2,
31,
-2,
17,
-1,
9395,
-2,
31,
-2,
17,
-1,
9396,
-2,
32,
-2,
17,
-1,
9397,
-2,
32,
-2,
17,
-1,
9398,
-2,
32,
-2,
17,
-1,
9399,
-2,
32,
-2,
17,
-1,
9400,
-2,
32,
-2,
17,
-1,
9401,
-2,
32,
-2,
17,
-1,
9402,
-2,
32,
-2,
17,
-1,
9403,
-2,
32,
-2,
17,
-1,
9404,
-2,
32,
-2,
17,
-1,
9405,
-2,
32,
-2,
17,
-1,
9406,
-2,
32,
-2,
17,
-1,
9407,
-2,
32,
-2,
17,
-1,
9408,
-2,
32,
-2,
17,
-1,
9409,
-2,
32,
-2,
17,
-1,
9410,
-2,
32,
-2,
17,
-1,
9411,
-2,
32,
-2,
17,
-1,
9412,
-2,
32,
-2,
17,
-1,
9413,
-2,
32,
-2,
17,
-1,
9414,
-2,
32,
-2,
17,
-1,
9415,
-2,
32,
-2,
17,
-1,
9416,
-2,
32,
-2,
17,
-1,
9417,
-2,
32,
-2,
17,
-1,
9418,
-2,
32,
-2,
17,
-1,
9419,
-2,
32,
-2,
17,
-1,
9420,
-2,
32,
-2,
17,
-1,
9421,
-2,
32,
-2,
17,
-1,
9422,
-2,
32,
-2,
17,
-1,
9423,
-2,
32,
-2,
17,
-1,
9424,
-2,
32,
-2,
17,
-1,
9425,
-2,
32,
-2,
17,
-1,
9426,
-2,
32,
-2,
17,
-1,
9427,
-2,
32,
-2,
17,
-1,
9428,
-2,
32,
-2,
17,
-1,
9429,
-2,
32,
-2,
17,
-1,
9430,
-2,
32,
-2,
17,
-1,
9431,
-2,
32,
-2,
17,
-1,
9432,
-2,
32,
-2,
17,
-1,
9433,
-2,
31,
-2,
17,
-1,
9434,
-2,
31,
-2,
17,
-1,
9435,
-2,
31,
-2,
17,
-1,
9436,
-2,
31,
-2,
17,
-1,
9437,
-2,
31,
-2,
17,
-1,
9438,
-2,
31,
-2,
17,
-1,
9439,
-2,
31,
-2,
17,
-1,
9440,
-2,
31,
-2,
17,
-1,
9441,
-2,
31,
-2,
17,
-1,
9442,
-2,
31,
-2,
17,
-1,
9443,
-2,
31,
-2,
17,
-1,
9444,
-2,
31,
-2,
17,
-1,
9445,
-2,
31,
-2,
17,
-1,
9446,
-2,
31,
-2,
17,
-1,
9447,
-2,
31,
-2,
17,
-1,
9448,
-2,
31,
-2,
17,
-1,
9449,
-2,
31,
-2,
17,
-1,
9450,
-2,
31,
-2,
17,
-1,
9451,
-2,
31,
-2,
17,
-1,
9452,
-2,
31,
-2,
17,
-1,
9453,
-2,
31,
-2,
17,
-1,
9454,
-2,
31,
-2,
17,
-1,
9455,
-2,
31,
-2,
17,
-1,
9456,
-2,
31,
-2,
17,
-1,
9457,
-2,
32,
-2,
31,
-1,
9458,
-2,
32,
-2,
31,
-1,
9459,
-2,
32,
-2,
31,
-1,
9460,
-2,
32,
-2,
31,
-1,
9461,
-2,
32,
-2,
31,
-1,
9462,
-2,
32,
-2,
17,
-1,
9463,
-2,
32,
-2,
17,
-1,
9464,
-2,
32,
-2,
17,
-1,
9465,
-2,
32,
-2,
17,
-1,
9466,
-2,
32,
-2,
17,
-1,
9467,
-2,
32,
-2,
17,
-1,
9468,
-2,
32,
-2,
17,
-1,
9469,
-2,
32,
-2,
17,
-1,
9470,
-2,
32,
-2,
17,
-1,
9471,
-2,
32,
-2,
31,
-1,
9472,
-2,
32,
-2,
31,
-1,
9473,
-2,
32,
-2,
31,
-1,
9474,
-2,
32,
-2,
31,
-1,
9475,
-2,
32,
-2,
31,
-1,
9476,
-2,
32,
-2,
17,
-1,
9477,
-2,
32,
-2,
17,
-1,
9478,
-2,
32,
-2,
17,
-1,
9479,
-2,
32,
-2,
17,
-1,
9480,
-2,
32,
-2,
31,
