-1,
9481,
-2,
32,
-2,
31,
-1,
9482,
-2,
32,
-2,
31,
-1,
9483,
-2,
32,
-2,
31,
-1,
9484,
-2,
32,
-2,
31,
-1,
9485,
-2,
32,
-2,
31,
-1,
9486,
-2,
32,
-2,
31,
-1,
9487,
-2,
32,
-2,
31,
-1,
9488,
-2,
32,
-2,
31,
-1,
9489,
-2,
32,
-2,
31,
-1,
9490,
-2,
32,
-2,
31,
-1,
9491,
-2,
32,
-2,
31,
-1,
9492,
-2,
32,
-2,
31,
-1,
9493,
-2,
32,
-2,
31,
-1,
9494,
-2,
32,
-2,
31,
-1,
9495,
-2,
32,
-2,
31,
-1,
9496,
-2,
32,
-2,
31,
-1,
9497,
-2,
32,
-2,
17,
-1,
9498,
-2,
32,
-2,
17,
-1,
9499,
-2,
32,
-2,
17,
-1,
9500,
-2,
32,
-2,
17,
-1,
9501,
-2,
32,
-2,
17,
-1,
9502,
-2,
32,
-2,
17,
-1,
9503,
-2,
32,
-2,
17,
-1,
9504,
-2,
32,
-2,
17,
-1,
9505,
-2,
32,
-2,
17,
-1,
9506,
-2,
32,
-2,
17,
-1,
9507,
-2,
32,
-2,
17,
-1,
9508,
-2,
32,
-2,
17,
-1,
9509,
-2,
32,
-2,
17,
-1,
9510,
-2,
32,
-2,
17,
-1,
9511,
-2,
32,
-2,
17,
-1,
9512,
-2,
32,
-2,
17,
-1,
9513,
-2,
32,
-2,
17,
-1,
9514,
-2,
32,
-2,
17,
-1,
9515,
-2,
32,
-2,
17,
-1,
9516,
-2,
32,
-2,
17,
-1,
9517,
-2,
32,
-2,
17,
-1,
9518,
-2,
32,
-2,
17,
-1,
9519,
-2,
32,
-2,
17,
-1,
9520,
-2,
32,
-2,
17,
-1,
9521,
-2,
32,
-2,
17,
-1,
9522,
-2,
32,
-2,
17,
-1,
9523,
-2,
32,
-2,
17,
-1,
9524,
-2,
32,
-2,
17,
-1,
9525,
-2,
32,
-2,
17,
-1,
9526,
-2,
32,
-2,
17,
-1,
9527,
-2,
32,
-2,
17,
-1,
9528,
-2,
32,
-2,
17,
-1,
9529,
-2,
32,
-2,
17,
-1,
9530,
-2,
32,
-2,
17,
-1,
9531,
-2,
32,
-2,
17,
-1,
9532,
-2,
32,
-2,
17,
-1,
9533,
-2,
32,
-2,
17,
-1,
9534,
-2,
32,
-2,
17,
-1,
9535,
-2,
32,
-2,
17,
-1,
9536,
-2,
32,
-2,
17,
-1,
9537,
-2,
32,
-2,
17,
-1,
9538,
-2,
32,
-2,
17,
-1,
9539,
-2,
32,
-2,
17,
-1,
9540,
-2,
32,
-2,
17,
-1,
9541,
-2,
32,
-2,
17,
-1,
9542,
-2,
32,
-2,
17,
-1,
9543,
-2,
32,
-2,
17,
-1,
9544,
-2,
32,
-2,
17,
-1,
9545,
-2,
32,
-2,
17,
-1,
9546,
-2,
32,
-2,
17,
-1,
9547,
-2,
32,
-2,
17,
-1,
9548,
-2,
32,
-2,
17,
-1,
9549,
-2,
32,
-2,
17,
-1,
9550,
-2,
32,
-2,
17,
-1,
9551,
-2,
32,
-2,
17,
-1,
9552,
-2,
32,
-2,
17,
-1,
9553,
-2,
32,
-2,
17,
-1,
9554,
-2,
32,
-2,
17,
-1,
9555,
-2,
32,
-2,
17,
-1,
9556,
-2,
32,
-2,
17,
-1,
9557,
-2,
32,
-2,
17,
-1,
9558,
-2,
32,
-2,
17,
-1,
9559,
-2,
32,
-2,
17,
-1,
9560,
-2,
32,
-2,
17,
-1,
9561,
-2,
32,
-2,
17,
-1,
9562,
-2,
32,
-2,
17,
-1,
9563,
-2,
32,
-2,
17,
-1,
9564,
-2,
32,
-2,
17,
-1,
9565,
-2,
32,
-2,
17,
-1,
9566,
-2,
32,
-2,
17,
-1,
9567,
-2,
32,
-2,
17,
-1,
9568,
-2,
32,
-2,
17,
-1,
9569,
-2,
32,
-2,
17,
-1,
9570,
-2,
32,
-2,
17,
-1,
9571,
-2,
32,
-2,
17,
-1,
9572,
-2,
32,
-2,
17,
-1,
9573,
-2,
32,
-2,
17,
-1,
9574,
-2,
32,
-2,
17,
-1,
9575,
-2,
32,
-2,
17,
-1,
9576,
-2,
32,
-2,
17,
-1,
9577,
-2,
32,
-2,
17,
-1,
9578,
-2,
32,
-2,
17,
-1,
9579,
-2,
32,
-2,
17,
-1,
9580,
-2,
32,
-2,
17,
-1,
9581,
-2,
32,
-2,
17,
-1,
9582,
-2,
32,
-2,
17,
-1,
9583,
-2,
32,
-2,
17,
-1,
9584,
-2,
32,
-2,
17,
-1,
9585,
-2,
32,
-2,
17,
-1,
9586,
-2,
32,
-2,
17,
-1,
9587,
-2,
32,
-2,
17,
-1,
9588,
-2,
32,
-2,
17,
-1,
9589,
-2,
32,
-2,
17,
-1,
9590,
-2,
32,
-2,
17,
-1,
9591,
-2,
32,
-2,
17,
-1,
9592,
-2,
32,
-2,
17,
-1,
9593,
-2,
32,
-2,
17,
-1,
9594,
-2,
32,
-2,
17,
-1,
9595,
-2,
32,
-2,
17,
-1,
9596,
-2,
32,
-2,
17,
-1,
9597,
-2,
32,
-2,
17,
-1,
9598,
-2,
32,
-2,
17,
-1,
9599,
-2,
32,
-2,
17,
-1,
9600,
-2,
32,
-2,
17,
