-1,
961,
-2,
31,
-2,
30,
-1,
962,
-2,
31,
-1,
963,
-2,
31,
-1,
964,
-2,
17,
-1,
965,
-2,
17,
-2,
31,
-1,
966,
-2,
17,
-2,
31,
-1,
967,
-2,
17,
-2,
31,
-1,
968,
-2,
17,
-2,
31,
-1,
969,
-2,
17,
-2,
31,
-1,
970,
-2,
17,
-2,
31,
-1,
971,
-2,
17,
-2,
31,
-1,
972,
-2,
17,
-2,
31,
-1,
973,
-2,
17,
-2,
31,
-1,
974,
-2,
17,
-2,
31,
-1,
975,
-2,
17,
-2,
31,
-1,
976,
-2,
17,
-2,
31,
-1,
977,
-2,
17,
-2,
31,
-1,
978,
-2,
17,
-2,
31,
-1,
979,
-2,
57,
-2,
17,
-1,
980,
-2,
17,
-2,
31,
-1,
981,
-2,
17,
-2,
31,
-1,
982,
-2,
17,
-2,
31,
-1,
983,
-2,
17,
-1,
984,
-2,
17,
-1,
985,
-2,
30,
-1,
986,
-2,
30,
-1,
987,
-2,
30,
-1,
988,
-2,
30,
-1,
989,
-2,
30,
-1,
990,
-2,
30,
-2,
17,
-1,
991,
-2,
30,
-2,
17,
-1,
992,
-2,
30,
-2,
17,
-1,
993,
-2,
30,
-2,
17,
-1,
994,
-2,
31,
-2,
17,
-1,
995,
-2,
31,
-2,
17,
-1,
996,
-2,
31,
-2,
17,
-1,
997,
-2,
31,
-2,
17,
-1,
998,
-2,
31,
-2,
17,
-1,
999,
-2,
31,
-2,
17,
-1,
1000,
-2,
31,
-2,
17,
-1,
1001,
-2,
31,
-2,
17,
-1,
1002,
-2,
31,
-2,
17,
-1,
1003,
-2,
31,
-2,
32,
-2,
17,
-1,
1004,
-2,
31,
-2,
17,
-1,
1005,
-2,
31,
-2,
17,
-1,
1006,
-2,
31,
-2,
17,
-1,
1007,
-2,
31,
-2,
17,
-1,
1008,
-2,
31,
-2,
17,
-1,
1009,
-2,
47,
-2,
31,
-1,
1010,
-2,
31,
-1,
1011,
-2,
31,
-1,
1012,
-2,
31,
-1,
1013,
-2,
31,
-1,
1014,
-2,
31,
-1,
1015,
-2,
31,
-2,
31,
-1,
1016,
-2,
31,
-2,
31,
-1,
1017,
-2,
31,
-2,
31,
-1,
1018,
-2,
31,
-2,
31,
-1,
1019,
-2,
31,
-2,
31,
-1,
1020,
-2,
31,
-1,
1021,
-2,
31,
-2,
17,
-1,
1022,
-2,
31,
-2,
17,
-1,
1023,
-2,
31,
-2,
17,
-1,
1024,
-2,
31,
-2,
17,
-1,
1025,
-2,
31,
-2,
17,
-1,
1026,
-2,
31,
-2,
17,
-1,
1027,
-2,
31,
-2,
17,
-1,
1028,
-2,
31,
-2,
17,
-1,
1029,
-2,
31,
-2,
17,
-1,
1030,
-2,
31,
-2,
17,
-1,
1031,
-2,
31,
-2,
17,
-1,
1032,
-2,
32,
-2,
31,
-1,
1033,
-2,
32,
-2,
31,
-1,
1034,
-2,
32,
-2,
31,
-1,
1035,
-2,
32,
-2,
31,
-1,
1036,
-2,
32,
-2,
31,
-1,
1037,
-2,
32,
-2,
31,
-1,
1038,
-2,
32,
-2,
31,
-1,
1039,
-2,
32,
-1,
1040,
-2,
32,
-1,
1041,
-2,
32,
-1,
1042,
-2,
32,
-1,
1043,
-2,
32,
-1,
1044,
-2,
32,
-1,
1045,
-2,
32,
-1,
1046,
-2,
32,
-1,
1047,
-2,
32,
-1,
1048,
-2,
32,
-2,
31,
-1,
1049,
-2,
32,
-2,
31,
-1,
1050,
-2,
32,
-2,
31,
-1,
1051,
-2,
32,
-2,
31,
-1,
1052,
-2,
32,
-2,
31,
-1,
1053,
-2,
32,
-2,
31,
-1,
1054,
-2,
32,
-2,
31,
-1,
1055,
-2,
32,
-2,
31,
-1,
1056,
-2,
32,
-2,
31,
-1,
1057,
-2,
32,
-2,
31,
-1,
1058,
-2,
32,
-2,
31,
-1,
1059,
-2,
32,
-2,
31,
-1,
1060,
-2,
32,
-2,
31,
-1,
1061,
-2,
32,
-2,
31,
-2,
17,
-1,
1062,
-2,
32,
-2,
31,
-1,
1063,
-2,
32,
-2,
17,
-1,
1064,
-2,
32,
-2,
17,
-1,
1065,
-2,
32,
-2,
17,
-1,
1066,
-2,
32,
-2,
17,
-1,
1067,
-2,
32,
-2,
17,
-1,
1068,
-2,
32,
-2,
17,
-1,
1069,
-2,
32,
-2,
17,
-1,
1070,
-2,
17,
-2,
31,
-1,
1071,
-2,
17,
-2,
31,
-1,
1072,
-2,
17,
-2,
17,
-1,
1073,
-2,
17,
-2,
17,
-1,
1074,
-2,
17,
-2,
17,
-1,
1075,
-2,
17,
-2,
17,
-1,
1076,
-2,
17,
-2,
17,
-1,
1077,
-2,
17,
-2,
17,
-1,
1078,
-2,
17,
-1,
1079,
-2,
17,
-2,
30,
-1,
1080,
-2,
17,
