-1,
9601,
-2,
32,
-2,
17,
-1,
9602,
-2,
32,
-2,
17,
-1,
9603,
-2,
32,
-2,
31,
-1,
9604,
-2,
32,
-2,
31,
-1,
9605,
-2,
32,
-2,
31,
-1,
9606,
-2,
32,
-2,
31,
-1,
9607,
-2,
32,
-2,
31,
-1,
9608,
-2,
32,
-2,
31,
-1,
9609,
-2,
32,
-2,
31,
-1,
9610,
-2,
32,
-2,
31,
-1,
9611,
-2,
32,
-2,
31,
-1,
9612,
-2,
32,
-2,
31,
-1,
9613,
-2,
32,
-2,
31,
-1,
9614,
-2,
32,
-2,
31,
-1,
9615,
-2,
32,
-2,
31,
-1,
9616,
-2,
32,
-2,
31,
-1,
9617,
-2,
32,
-2,
17,
-1,
9618,
-2,
32,
-2,
17,
-1,
9619,
-2,
32,
-2,
17,
-1,
9620,
-2,
32,
-2,
17,
-1,
9621,
-2,
32,
-2,
17,
-1,
9622,
-2,
32,
-2,
17,
-1,
9623,
-2,
32,
-2,
17,
-1,
9624,
-2,
32,
-2,
17,
-1,
9625,
-2,
32,
-2,
17,
-1,
9626,
-2,
32,
-2,
17,
-1,
9627,
-2,
32,
-2,
17,
-1,
9628,
-2,
32,
-2,
17,
-1,
9629,
-2,
32,
-2,
17,
-1,
9630,
-2,
32,
-2,
17,
-1,
9631,
-2,
32,
-2,
17,
-1,
9632,
-2,
32,
-2,
17,
-1,
9633,
-2,
32,
-2,
17,
-1,
9634,
-2,
32,
-2,
17,
-1,
9635,
-2,
32,
-2,
17,
-1,
9636,
-2,
32,
-2,
17,
-1,
9637,
-2,
32,
-2,
17,
-1,
9638,
-2,
32,
-2,
17,
-1,
9639,
-2,
32,
-2,
17,
-1,
9640,
-2,
32,
-2,
17,
-1,
9641,
-2,
32,
-2,
17,
-1,
9642,
-2,
32,
-2,
17,
-1,
9643,
-2,
32,
-2,
17,
-1,
9644,
-2,
32,
-2,
17,
-1,
9645,
-2,
32,
-2,
17,
-1,
9646,
-2,
32,
-2,
17,
-1,
9647,
-2,
32,
-2,
17,
-1,
9648,
-2,
32,
-2,
17,
-1,
9649,
-2,
32,
-2,
17,
-1,
9650,
-2,
32,
-2,
17,
-1,
9651,
-2,
32,
-2,
17,
-1,
9652,
-2,
32,
-2,
17,
-1,
9653,
-2,
32,
-2,
17,
-1,
9654,
-2,
32,
-2,
17,
-1,
9655,
-2,
32,
-2,
17,
-1,
9656,
-2,
32,
-2,
17,
-1,
9657,
-2,
32,
-2,
17,
-1,
9658,
-2,
32,
-2,
17,
-1,
9659,
-2,
32,
-2,
17,
-1,
9660,
-2,
32,
-2,
17,
-1,
9661,
-2,
32,
-2,
17,
-1,
9662,
-2,
17,
-2,
17,
-1,
9663,
-2,
17,
-2,
17,
-1,
9664,
-2,
17,
-2,
17,
-1,
9665,
-2,
17,
-2,
17,
-1,
9666,
-2,
17,
-2,
17,
-1,
9667,
-2,
32,
-2,
17,
-1,
9668,
-2,
32,
-2,
17,
-1,
9669,
-2,
32,
-2,
17,
-1,
9670,
-2,
32,
-2,
17,
-1,
9671,
-2,
32,
-2,
17,
-1,
9672,
-2,
32,
-2,
17,
-1,
9673,
-2,
32,
-2,
17,
-1,
9674,
-2,
32,
-2,
17,
-1,
9675,
-2,
32,
-2,
17,
-1,
9676,
-2,
32,
-2,
17,
-1,
9677,
-2,
32,
-2,
17,
-1,
9678,
-2,
32,
-2,
17,
-1,
9679,
-2,
32,
-2,
17,
-1,
9680,
-2,
32,
-2,
17,
-1,
9681,
-2,
32,
-2,
17,
-1,
9682,
-2,
32,
-2,
17,
-1,
9683,
-2,
32,
-2,
17,
-1,
9684,
-2,
32,
-2,
17,
-1,
9685,
-2,
32,
-2,
17,
-1,
9686,
-2,
32,
-2,
17,
-1,
9687,
-2,
32,
-2,
17,
-1,
9688,
-2,
32,
-2,
17,
-1,
9689,
-2,
32,
-2,
17,
-1,
9690,
-2,
32,
-2,
17,
-1,
9691,
-2,
32,
-2,
17,
-1,
9692,
-2,
32,
-2,
17,
-1,
9693,
-2,
32,
-2,
17,
-1,
9694,
-2,
32,
-2,
17,
-1,
9695,
-2,
32,
-2,
17,
-1,
9696,
-2,
32,
-2,
17,
-1,
9697,
-2,
32,
-2,
17,
-1,
9698,
-2,
32,
-2,
17,
-1,
9699,
-2,
32,
-2,
17,
-1,
9700,
-2,
32,
-2,
17,
-1,
9701,
-2,
32,
-2,
17,
-1,
9702,
-2,
32,
-2,
17,
-1,
9703,
-2,
32,
-2,
17,
-1,
9704,
-2,
32,
-2,
17,
-1,
9705,
-2,
32,
-2,
17,
-1,
9706,
-2,
32,
-2,
17,
-1,
9707,
-2,
32,
-2,
17,
-1,
9708,
-2,
32,
-2,
17,
-1,
9709,
-2,
32,
-2,
17,
-1,
9710,
-2,
32,
-2,
17,
-1,
9711,
-2,
32,
-2,
17,
-1,
9712,
-2,
32,
-2,
17,
-1,
9713,
-2,
32,
-2,
17,
-1,
9714,
-2,
32,
-2,
17,
-1,
9715,
-2,
32,
-2,
17,
-1,
9716,
-2,
32,
-2,
17,
-1,
9717,
-2,
32,
-2,
17,
-1,
9718,
-2,
32,
-2,
17,
-1,
9719,
-2,
32,
-2,
17,
-1,
9720,
-2,
32,
-2,
17,
