-1,
9721,
-2,
32,
-2,
17,
-1,
9722,
-2,
32,
-2,
17,
-1,
9723,
-2,
32,
-2,
31,
-1,
9724,
-2,
32,
-2,
31,
-1,
9725,
-2,
32,
-2,
31,
-1,
9726,
-2,
32,
-2,
31,
-1,
9727,
-2,
32,
-2,
31,
-1,
9728,
-2,
32,
-2,
31,
-1,
9729,
-2,
32,
-2,
31,
-1,
9730,
-2,
32,
-2,
31,
-1,
9731,
-2,
32,
-2,
31,
-1,
9732,
-2,
32,
-2,
31,
-1,
9733,
-2,
32,
-2,
31,
-1,
9734,
-2,
32,
-2,
31,
-1,
9735,
-2,
32,
-2,
31,
-1,
9736,
-2,
32,
-2,
31,
-1,
9737,
-2,
32,
-2,
17,
-1,
9738,
-2,
32,
-2,
17,
-1,
9739,
-2,
32,
-2,
17,
-1,
9740,
-2,
32,
-2,
17,
-1,
9741,
-2,
32,
-2,
17,
-1,
9742,
-2,
32,
-2,
17,
-1,
9743,
-2,
32,
-2,
17,
-1,
9744,
-2,
32,
-2,
17,
-1,
9745,
-2,
32,
-2,
17,
-1,
9746,
-2,
32,
-2,
17,
-1,
9747,
-2,
32,
-2,
17,
-1,
9748,
-2,
32,
-2,
17,
-1,
9749,
-2,
32,
-2,
17,
-1,
9750,
-2,
32,
-2,
17,
-1,
9751,
-2,
30,
-2,
17,
-1,
9752,
-2,
30,
-2,
17,
-1,
9753,
-2,
30,
-2,
17,
-1,
9754,
-2,
30,
-2,
17,
-1,
9755,
-2,
30,
-2,
17,
-1,
9756,
-2,
30,
-2,
17,
-1,
9757,
-2,
30,
-2,
17,
-1,
9758,
-2,
30,
-2,
17,
-1,
9759,
-2,
32,
-2,
17,
-1,
9760,
-2,
32,
-2,
17,
-1,
9761,
-2,
32,
-2,
17,
-1,
9762,
-2,
32,
-2,
17,
-1,
9763,
-2,
32,
-2,
17,
-1,
9764,
-2,
32,
-2,
17,
-1,
9765,
-2,
32,
-2,
17,
-1,
9766,
-2,
32,
-2,
17,
-1,
9767,
-2,
32,
-2,
17,
-1,
9768,
-2,
32,
-2,
17,
-1,
9769,
-2,
32,
-2,
17,
-1,
9770,
-2,
32,
-2,
17,
-1,
9771,
-2,
32,
-2,
17,
-1,
9772,
-2,
32,
-2,
17,
-1,
9773,
-2,
32,
-2,
17,
-1,
9774,
-2,
32,
-2,
17,
-1,
9775,
-2,
32,
-2,
17,
-1,
9776,
-2,
32,
-2,
17,
-1,
9777,
-2,
32,
-2,
17,
-1,
9778,
-2,
32,
-2,
17,
-1,
9779,
-2,
32,
-2,
17,
-1,
9780,
-2,
32,
-2,
17,
-1,
9781,
-2,
32,
-2,
17,
-1,
9782,
-2,
17,
-2,
17,
-1,
9783,
-2,
17,
-2,
17,
-1,
9784,
-2,
17,
-2,
17,
-1,
9785,
-2,
31,
-2,
17,
-1,
9786,
-2,
31,
-2,
17,
-1,
9787,
-2,
31,
-2,
17,
-1,
9788,
-2,
31,
-2,
17,
-1,
9789,
-2,
31,
-2,
17,
-1,
9790,
-2,
31,
-2,
17,
-1,
9791,
-2,
31,
-2,
17,
-1,
9792,
-2,
31,
-2,
17,
-1,
9793,
-2,
31,
-2,
17,
-1,
9794,
-2,
31,
-2,
17,
-1,
9795,
-2,
31,
-2,
17,
-1,
9796,
-2,
31,
-2,
17,
-1,
9797,
-2,
31,
-2,
17,
-1,
9798,
-2,
31,
-2,
17,
-1,
9799,
-2,
31,
-2,
17,
-1,
9800,
-2,
31,
-2,
17,
-1,
9801,
-2,
31,
-2,
17,
-1,
9802,
-2,
31,
-2,
17,
-1,
9803,
-2,
31,
-2,
17,
-1,
9804,
-2,
31,
-2,
17,
-1,
9805,
-2,
31,
-2,
17,
-1,
9806,
-2,
31,
-2,
17,
-1,
9807,
-2,
31,
-2,
17,
-1,
9808,
-2,
31,
-2,
17,
-1,
9809,
-2,
31,
-2,
17,
-1,
9810,
-2,
31,
-2,
17,
-1,
9811,
-2,
31,
-2,
17,
-1,
9812,
-2,
31,
-2,
17,
-1,
9813,
-2,
31,
-2,
17,
-1,
9814,
-2,
31,
-2,
17,
-1,
9815,
-2,
31,
-2,
17,
-1,
9816,
-2,
31,
-2,
17,
-1,
9817,
-2,
31,
-2,
17,
-1,
9818,
-2,
31,
-2,
17,
-1,
9819,
-2,
31,
-2,
17,
-1,
9820,
-2,
31,
-2,
17,
-1,
9821,
-2,
31,
-2,
17,
-1,
9822,
-2,
31,
-2,
17,
-1,
9823,
-2,
31,
-2,
17,
-1,
9824,
-2,
31,
-2,
17,
-1,
9825,
-2,
31,
-2,
17,
-1,
9826,
-2,
31,
-2,
17,
-1,
9827,
-2,
31,
-2,
17,
-1,
9828,
-2,
31,
-2,
17,
-1,
9829,
-2,
31,
-2,
17,
-1,
9830,
-2,
31,
-2,
17,
-1,
9831,
-2,
31,
-2,
17,
-1,
9832,
-2,
31,
-2,
17,
-1,
9833,
-2,
31,
-2,
17,
-1,
9834,
-2,
31,
-2,
17,
-1,
9835,
-2,
31,
-2,
17,
-1,
9836,
-2,
31,
-2,
17,
-1,
9837,
-2,
31,
-2,
17,
-1,
9838,
-2,
31,
-2,
17,
-1,
9839,
-2,
31,
-2,
17,
-1,
9840,
-2,
31,
-2,
17,
