-1,
9841,
-2,
31,
-2,
17,
-1,
9842,
-2,
31,
-2,
17,
-1,
9843,
-2,
31,
-2,
31,
-1,
9844,
-2,
31,
-2,
31,
-1,
9845,
-2,
31,
-2,
31,
-1,
9846,
-2,
31,
-2,
31,
-1,
9847,
-2,
31,
-2,
31,
-1,
9848,
-2,
31,
-2,
31,
-1,
9849,
-2,
31,
-2,
31,
-1,
9850,
-2,
32,
-2,
31,
-1,
9851,
-2,
32,
-2,
31,
-1,
9852,
-2,
32,
-2,
31,
-1,
9853,
-2,
32,
-2,
31,
-1,
9854,
-2,
32,
-2,
31,
-1,
9855,
-2,
32,
-2,
31,
-1,
9856,
-2,
32,
-2,
31,
-1,
9857,
-2,
32,
-2,
31,
-1,
9858,
-2,
32,
-2,
31,
-1,
9859,
-2,
32,
-2,
31,
-1,
9860,
-2,
32,
-2,
31,
-1,
9861,
-2,
32,
-2,
31,
-1,
9862,
-2,
32,
-2,
31,
-1,
9863,
-2,
32,
-2,
31,
-1,
9864,
-2,
32,
-2,
31,
-1,
9865,
-2,
32,
-2,
31,
-1,
9866,
-2,
32,
-2,
31,
-1,
9867,
-2,
32,
-2,
31,
-1,
9868,
-2,
32,
-2,
17,
-1,
9869,
-2,
32,
-2,
17,
-1,
9870,
-2,
32,
-2,
17,
-1,
9871,
-2,
32,
-2,
17,
-1,
9872,
-2,
32,
-2,
17,
-1,
9873,
-2,
32,
-2,
17,
-1,
9874,
-2,
32,
-2,
17,
-1,
9875,
-2,
32,
-2,
17,
-1,
9876,
-2,
32,
-2,
17,
-1,
9877,
-2,
32,
-2,
17,
-1,
9878,
-2,
32,
-2,
17,
-1,
9879,
-2,
32,
-2,
17,
-1,
9880,
-2,
32,
-2,
17,
-1,
9881,
-2,
32,
-2,
17,
-1,
9882,
-2,
32,
-2,
17,
-1,
9883,
-2,
32,
-2,
17,
-1,
9884,
-2,
32,
-2,
17,
-1,
9885,
-2,
32,
-2,
17,
-1,
9886,
-2,
32,
-2,
17,
-1,
9887,
-2,
32,
-2,
17,
-1,
9888,
-2,
32,
-2,
17,
-1,
9889,
-2,
32,
-2,
17,
-1,
9890,
-2,
32,
-2,
17,
-1,
9891,
-2,
32,
-2,
17,
-1,
9892,
-2,
32,
-2,
17,
-1,
9893,
-2,
32,
-2,
17,
-1,
9894,
-2,
32,
-2,
17,
-1,
9895,
-2,
32,
-2,
17,
-1,
9896,
-2,
32,
-2,
17,
-1,
9897,
-2,
32,
-2,
17,
-1,
9898,
-2,
32,
-2,
17,
-1,
9899,
-2,
32,
-2,
17,
-1,
9900,
-2,
32,
-2,
17,
-1,
9901,
-2,
32,
-2,
17,
-1,
9902,
-2,
32,
-2,
17,
-1,
9903,
-2,
32,
-2,
17,
-1,
9904,
-2,
32,
-2,
17,
-1,
9905,
-2,
32,
-2,
17,
-1,
9906,
-2,
32,
-2,
17,
-1,
9907,
-2,
32,
-2,
17,
-1,
9908,
-2,
32,
-2,
17,
-1,
9909,
-2,
32,
-2,
17,
-1,
9910,
-2,
32,
-2,
17,
-1,
9911,
-2,
32,
-2,
17,
-1,
9912,
-2,
32,
-2,
17,
-1,
9913,
-2,
32,
-2,
17,
-1,
9914,
-2,
32,
-2,
17,
-1,
9915,
-2,
32,
-2,
17,
-1,
9916,
-2,
32,
-2,
17,
-1,
9917,
-2,
32,
-2,
17,
-1,
9918,
-2,
32,
-2,
17,
-1,
9919,
-2,
32,
-2,
17,
-1,
9920,
-2,
32,
-2,
17,
-1,
9921,
-2,
32,
-2,
17,
-1,
9922,
-2,
32,
-2,
17,
-1,
9923,
-2,
32,
-2,
17,
-1,
9924,
-2,
32,
-2,
17,
-1,
9925,
-2,
32,
-2,
17,
-1,
9926,
-2,
32,
-2,
17,
-1,
9927,
-2,
32,
-2,
17,
-1,
9928,
-2,
32,
-2,
17,
-1,
9929,
-2,
32,
-2,
17,
-1,
9930,
-2,
32,
-2,
17,
-1,
9931,
-2,
32,
-2,
17,
-1,
9932,
-2,
32,
-2,
17,
-1,
9933,
-2,
32,
-2,
17,
-1,
9934,
-2,
32,
-2,
17,
-1,
9935,
-2,
32,
-2,
17,
-1,
9936,
-2,
32,
-2,
17,
-1,
9937,
-2,
32,
-2,
17,
-1,
9938,
-2,
32,
-2,
17,
-1,
9939,
-2,
32,
-2,
17,
-1,
9940,
-2,
32,
-2,
17,
-1,
9941,
-2,
32,
-2,
17,
-1,
9942,
-2,
32,
-2,
17,
-1,
9943,
-2,
32,
-2,
17,
-1,
9944,
-2,
32,
-2,
17,
-1,
9945,
-2,
32,
-2,
17,
-1,
9946,
-2,
32,
-2,
17,
-1,
9947,
-2,
32,
-2,
17,
-1,
9948,
-2,
32,
-2,
17,
-1,
9949,
-2,
32,
-2,
17,
-1,
9950,
-2,
32,
-2,
17,
-1,
9951,
-2,
32,
-2,
17,
-1,
9952,
-2,
32,
-2,
17,
-1,
9953,
-2,
32,
-2,
17,
-1,
9954,
-2,
32,
-2,
17,
-1,
9955,
-2,
32,
-2,
17,
-1,
9956,
-2,
32,
-2,
17,
-1,
9957,
-2,
32,
-2,
17,
-1,
9958,
-2,
32,
-2,
17,
-1,
9959,
-2,
32,
-2,
17,
-1,
9960,
-2,
32,
-2,
17,
