-1,
9961,
-2,
32,
-2,
17,
-1,
9962,
-2,
32,
-2,
17,
-1,
9963,
-2,
32,
-2,
17,
-1,
9964,
-2,
32,
-2,
17,
-1,
9965,
-2,
32,
-2,
17,
-1,
9966,
-2,
32,
-2,
17,
-1,
9967,
-2,
32,
-2,
17,
-1,
9968,
-2,
32,
-2,
17,
-1,
9969,
-2,
32,
-2,
17,
-1,
9970,
-2,
32,
-2,
17,
-1,
9971,
-2,
32,
-2,
17,
-1,
9972,
-2,
32,
-2,
17,
-1,
9973,
-2,
32,
-2,
17,
-1,
9974,
-2,
32,
-2,
17,
-1,
9975,
-2,
32,
-2,
17,
-1,
9976,
-2,
32,
-2,
17,
-1,
9977,
-2,
17,
-2,
31,
-1,
9978,
-2,
17,
-2,
31,
-1,
9979,
-2,
17,
-2,
31,
-1,
9980,
-2,
17,
-2,
31,
-1,
9981,
-2,
17,
-2,
31,
-1,
9982,
-2,
17,
-2,
31,
-1,
9983,
-2,
17,
-2,
31,
-1,
9984,
-2,
17,
-2,
31,
-1,
9985,
-2,
17,
-2,
31,
-1,
9986,
-2,
17,
-2,
31,
-1,
9987,
-2,
17,
-2,
31,
-1,
9988,
-2,
17,
-2,
17,
-1,
9989,
-2,
17,
-2,
17,
-1,
9990,
-2,
17,
-2,
17,
-1,
9991,
-2,
17,
-2,
17,
-1,
9992,
-2,
17,
-2,
17,
-1,
9993,
-2,
32,
-2,
17,
-1,
9994,
-2,
32,
-2,
17,
-1,
9995,
-2,
32,
-2,
17,
-1,
9996,
-2,
32,
-2,
17,
-1,
9997,
-2,
32,
-2,
17,
-1,
9998,
-2,
32,
-2,
17,
-1,
9999,
-2,
32,
-2,
17,
-1,
10000,
-2,
32,
-2,
17,
-1,
10001,
-2,
32,
-2,
17,
-1,
10002,
-2,
32,
-2,
17,
-1,
10003,
-2,
32,
-2,
17,
-1,
10004,
-2,
32,
-2,
17,
-1,
10005,
-2,
32,
-2,
17,
-1,
10006,
-2,
32,
-2,
17,
-1,
10007,
-2,
32,
-2,
17,
-1,
10008,
-2,
32,
-2,
17,
-1,
10009,
-2,
32,
-2,
17,
-1,
10010,
-2,
32,
-2,
17,
-1,
10011,
-2,
32,
-2,
17,
-1,
10012,
-2,
32,
-2,
17,
-1,
10013,
-2,
17,
-2,
17,
-1,
10014,
-2,
17,
-2,
17,
-1,
10015,
-2,
17,
-2,
17,
-1,
10016,
-2,
17,
-2,
17,
-1,
10017,
-2,
17,
-2,
17,
-1,
10018,
-2,
17,
-2,
17,
-1,
10019,
-2,
17,
-2,
17,
-1,
10020,
-2,
17,
-2,
17,
-1,
10021,
-2,
17,
-2,
17,
-1,
10022,
-2,
17,
-2,
17,
-1,
10023,
-2,
17,
-2,
17,
-1,
10024,
-2,
17,
-2,
17,
-1,
10025,
-2,
17,
-2,
17,
-1,
10026,
-2,
17,
-2,
17,
-1,
10027,
-2,
17,
-2,
17,
-1,
10028,
-2,
17,
-2,
17,
-1,
10029,
-2,
32,
-2,
17,
-1,
10030,
-2,
32,
-2,
17,
-1,
10031,
-2,
32,
-2,
17,
-1,
10032,
-2,
32,
-2,
17,
-1,
10033,
-2,
32,
-2,
17,
-1,
10034,
-2,
32,
-2,
17,
-1,
10035,
-2,
32,
-2,
17,
-1,
10036,
-2,
32,
-2,
17,
-1,
10037,
-2,
32,
-2,
17,
-1,
10038,
-2,
32,
-2,
17,
-1,
10039,
-2,
32,
-2,
17,
-1,
10040,
-2,
32,
-2,
17,
-1,
10041,
-2,
32,
-2,
17,
-1,
10042,
-2,
32,
-2,
17,
-1,
10043,
-2,
32,
-2,
17,
-1,
10044,
-2,
32,
-2,
17,
-1,
10045,
-2,
32,
-2,
17,
-1,
10046,
-2,
32,
-2,
17,
-1,
10047,
-2,
32,
-2,
17,
-1,
10048,
-2,
32,
-2,
17,
-1,
10049,
-2,
32,
-2,
17,
-1,
10050,
-2,
32,
-2,
17,
-1,
10051,
-2,
32,
-2,
17,
-1,
10052,
-2,
32,
-2,
17,
-1,
10053,
-2,
32,
-2,
17,
-1,
10054,
-2,
32,
-2,
17,
-1,
10055,
-2,
32,
-2,
17,
-1,
10056,
-2,
32,
-2,
17,
-1,
10057,
-2,
32,
-2,
17,
-1,
10058,
-2,
32,
-2,
17,
-1,
10059,
-2,
32,
-2,
17,
-1,
10060,
-2,
32,
-2,
17,
-1,
10061,
-2,
32,
-2,
17,
-1,
10062,
-2,
32,
-2,
17,
-1,
10063,
-2,
32,
-2,
17,
-1,
10064,
-2,
32,
-2,
17,
-1,
10065,
-2,
32,
-2,
17,
-1,
10066,
-2,
32,
-2,
17,
-1,
10067,
-2,
32,
-2,
17,
-1,
10068,
-2,
32,
-2,
17,
-1,
10069,
-2,
32,
-2,
17,
-1,
10070,
-2,
32,
-2,
17,
-1,
10071,
-2,
32,
-2,
17,
-1,
10072,
-2,
32,
-2,
17,
-1,
10073,
-2,
32,
-2,
17,
-1,
10074,
-2,
32,
-2,
17,
-1,
10075,
-2,
32,
-2,
17,
-1,
10076,
-2,
32,
-2,
17,
-1,
10077,
-2,
32,
-2,
17,
-1,
10078,
-2,
32,
-2,
17,
-1,
10079,
-2,
32,
-2,
17,
-1,
10080,
-2,
32,
-2,
17,
