-1,
10081,
-2,
32,
-2,
17,
-1,
10082,
-2,
32,
-2,
17,
-1,
10083,
-2,
32,
-2,
17,
-1,
10084,
-2,
32,
-2,
17,
-1,
10085,
-2,
32,
-2,
17,
-1,
10086,
-2,
32,
-2,
17,
-1,
10087,
-2,
32,
-2,
17,
-1,
10088,
-2,
32,
-2,
17,
-1,
10089,
-2,
32,
-2,
17,
-1,
10090,
-2,
32,
-2,
17,
-1,
10091,
-2,
32,
-2,
17,
-1,
10092,
-2,
32,
-2,
17,
-1,
10093,
-2,
32,
-2,
17,
-1,
10094,
-2,
32,
-2,
17,
-1,
10095,
-2,
32,
-2,
17,
-1,
10096,
-2,
32,
-2,
17,
-1,
10097,
-2,
32,
-2,
31,
-1,
10098,
-2,
32,
-2,
31,
-1,
10099,
-2,
32,
-2,
31,
-1,
10100,
-2,
32,
-2,
31,
-1,
10101,
-2,
32,
-2,
31,
-1,
10102,
-2,
32,
-2,
31,
-1,
10103,
-2,
32,
-2,
31,
-1,
10104,
-2,
32,
-2,
31,
-1,
10105,
-2,
32,
-2,
31,
-1,
10106,
-2,
32,
-2,
31,
-1,
10107,
-2,
32,
-2,
31,
-1,
10108,
-2,
32,
-2,
17,
-1,
10109,
-2,
32,
-2,
17,
-1,
10110,
-2,
32,
-2,
17,
-1,
10111,
-2,
32,
-2,
17,
-1,
10112,
-2,
32,
-2,
17,
-1,
10113,
-2,
32,
-2,
17,
-1,
10114,
-2,
32,
-2,
17,
-1,
10115,
-2,
32,
-2,
17,
-1,
10116,
-2,
32,
-2,
17,
-1,
10117,
-2,
32,
-2,
17,
-1,
10118,
-2,
32,
-2,
17,
-1,
10119,
-2,
32,
-2,
17,
-1,
10120,
-2,
32,
-2,
17,
-1,
10121,
-2,
32,
-2,
17,
-1,
10122,
-2,
32,
-2,
17,
-1,
10123,
-2,
32,
-2,
17,
-1,
10124,
-2,
32,
-2,
17,
-1,
10125,
-2,
32,
-2,
17,
-1,
10126,
-2,
32,
-2,
17,
-1,
10127,
-2,
32,
-2,
17,
-1,
10128,
-2,
32,
-2,
17,
-1,
10129,
-2,
32,
-2,
17,
-1,
10130,
-2,
32,
-2,
17,
-1,
10131,
-2,
32,
-2,
17,
-1,
10132,
-2,
32,
-2,
17,
-1,
10133,
-2,
32,
-2,
17,
-1,
10134,
-2,
32,
-2,
17,
-1,
10135,
-2,
32,
-2,
17,
-1,
10136,
-2,
32,
-2,
17,
-1,
10137,
-2,
32,
-2,
17,
-1,
10138,
-2,
32,
-2,
17,
-1,
10139,
-2,
32,
-2,
17,
-1,
10140,
-2,
32,
-2,
17,
-1,
10141,
-2,
32,
-2,
17,
-1,
10142,
-2,
32,
-2,
17,
-1,
10143,
-2,
32,
-2,
17,
-1,
10144,
-2,
32,
-2,
17,
-1,
10145,
-2,
32,
-2,
17,
-1,
10146,
-2,
32,
-2,
17,
-1,
10147,
-2,
32,
-2,
17,
-1,
10148,
-2,
32,
-2,
17,
-1,
10149,
-2,
32,
-2,
17,
-1,
10150,
-2,
32,
-2,
17,
-1,
10151,
-2,
32,
-2,
17,
-1,
10152,
-2,
32,
-2,
17,
-1,
10153,
-2,
32,
-2,
17,
-1,
10154,
-2,
32,
-2,
17,
-1,
10155,
-2,
32,
-2,
17,
-1,
10156,
-2,
32,
-2,
17,
-1,
10157,
-2,
32,
-2,
17,
-1,
10158,
-2,
32,
-2,
17,
-1,
10159,
-2,
32,
-2,
17,
-1,
10160,
-2,
32,
-2,
17,
-1,
10161,
-2,
32,
-2,
17,
-1,
10162,
-2,
32,
-2,
17,
-1,
10163,
-2,
32,
-2,
17,
-1,
10164,
-2,
32,
-2,
17,
-1,
10165,
-2,
32,
-2,
17,
-1,
10166,
-2,
32,
-2,
17,
-1,
10167,
-2,
32,
-2,
17,
-1,
10168,
-2,
32,
-2,
17,
-1,
10169,
-2,
32,
-2,
17,
-1,
10170,
-2,
32,
-2,
17,
-1,
10171,
-2,
32,
-2,
17,
-1,
10172,
-2,
32,
-2,
17,
-1,
10173,
-2,
32,
-2,
17,
-1,
10174,
-2,
32,
-2,
17,
-1,
10175,
-2,
32,
-2,
17,
-1,
10176,
-2,
32,
-2,
17,
-1,
10177,
-2,
32,
-2,
17,
-1,
10178,
-2,
32,
-2,
17,
-1,
10179,
-2,
32,
-2,
17,
-1,
10180,
-2,
32,
-2,
17,
-1,
10181,
-2,
32,
-2,
17,
-1,
10182,
-2,
32,
-2,
17,
-1,
10183,
-2,
32,
-2,
17,
-1,
10184,
-2,
32,
-2,
17,
-1,
10185,
-2,
32,
-2,
17,
-1,
10186,
-2,
30,
-2,
17,
-1,
10187,
-2,
30,
-2,
17,
-1,
10188,
-2,
30,
-2,
17,
-1,
10189,
-2,
30,
-2,
17,
-1,
10190,
-2,
30,
-2,
17,
-1,
10191,
-2,
30,
-2,
17,
-1,
10192,
-2,
30,
-2,
17,
-1,
10193,
-2,
30,
-2,
17,
-1,
10194,
-2,
30,
-2,
17,
-1,
10195,
-2,
30,
-2,
17,
-1,
10196,
-2,
30,
-2,
17,
-1,
10197,
-2,
30,
-2,
17,
-1,
10198,
-2,
30,
-2,
17,
-1,
10199,
-2,
30,
-2,
17,
-1,
10200,
-2,
30,
-2,
17,
