-1,
10201,
-2,
30,
-2,
17,
-1,
10202,
-2,
30,
-2,
17,
-1,
10203,
-2,
30,
-2,
17,
-1,
10204,
-2,
30,
-2,
17,
-1,
10205,
-2,
30,
-2,
17,
-1,
10206,
-2,
30,
-2,
17,
-1,
10207,
-2,
32,
-2,
17,
-1,
10208,
-2,
32,
-2,
17,
-1,
10209,
-2,
32,
-2,
17,
-1,
10210,
-2,
32,
-2,
17,
-1,
10211,
-2,
32,
-2,
17,
-1,
10212,
-2,
32,
-2,
17,
-1,
10213,
-2,
32,
-2,
17,
-1,
10214,
-2,
32,
-2,
17,
-1,
10215,
-2,
32,
-2,
17,
-1,
10216,
-2,
32,
-2,
17,
-1,
10217,
-2,
32,
-2,
31,
-1,
10218,
-2,
32,
-2,
31,
-1,
10219,
-2,
32,
-2,
31,
-1,
10220,
-2,
32,
-2,
31,
-1,
10221,
-2,
32,
-2,
31,
-1,
10222,
-2,
32,
-2,
31,
-1,
10223,
-2,
32,
-2,
31,
-1,
10224,
-2,
30,
-2,
31,
-1,
10225,
-2,
30,
-2,
31,
-1,
10226,
-2,
30,
-2,
31,
-1,
10227,
-2,
30,
-2,
31,
-1,
10228,
-2,
30,
-2,
17,
-1,
10229,
-2,
30,
-2,
17,
-1,
10230,
-2,
30,
-2,
17,
-1,
10231,
-2,
30,
-2,
17,
-1,
10232,
-2,
30,
-2,
17,
-1,
10233,
-2,
30,
-2,
17,
-1,
10234,
-2,
30,
-2,
17,
-1,
10235,
-2,
30,
-2,
17,
-1,
10236,
-2,
32,
-2,
17,
-1,
10237,
-2,
32,
-2,
17,
-1,
10238,
-2,
32,
-2,
17,
-1,
10239,
-2,
32,
-2,
17,
-1,
10240,
-2,
32,
-2,
17,
-1,
10241,
-2,
32,
-2,
17,
-1,
10242,
-2,
32,
-2,
17,
-1,
10243,
-2,
32,
-2,
17,
-1,
10244,
-2,
32,
-2,
17,
-1,
10245,
-2,
32,
-2,
17,
-1,
10246,
-2,
32,
-2,
17,
-1,
10247,
-2,
31,
-2,
17,
-1,
10248,
-2,
31,
-2,
17,
-1,
10249,
-2,
31,
-2,
17,
-1,
10250,
-2,
31,
-2,
17,
-1,
10251,
-2,
31,
-2,
17,
-1,
10252,
-2,
31,
-2,
17,
-1,
10253,
-2,
31,
-2,
17,
-1,
10254,
-2,
31,
-2,
17,
-1,
10255,
-2,
31,
-2,
17,
-1,
10256,
-2,
31,
-2,
17,
-1,
10257,
-2,
31,
-2,
17,
-1,
10258,
-2,
31,
-2,
17,
-1,
10259,
-2,
31,
-2,
17,
-1,
10260,
-2,
31,
-2,
17,
-1,
10261,
-2,
31,
-2,
17,
-1,
10262,
-2,
31,
-2,
17,
-1,
10263,
-2,
31,
-2,
17,
-1,
10264,
-2,
31,
-2,
17,
-1,
10265,
-2,
31,
-2,
17,
-1,
10266,
-2,
31,
-2,
17,
-1,
10267,
-2,
31,
-2,
17,
-1,
10268,
-2,
31,
-2,
17,
-1,
10269,
-2,
31,
-2,
17,
-1,
10270,
-2,
31,
-2,
17,
-1,
10271,
-2,
31,
-2,
17,
-1,
10272,
-2,
31,
-2,
17,
-1,
10273,
-2,
31,
-2,
17,
-1,
10274,
-2,
31,
-2,
17,
-1,
10275,
-2,
31,
-2,
17,
-1,
10276,
-2,
31,
-2,
17,
-1,
10277,
-2,
31,
-2,
17,
-1,
10278,
-2,
31,
-2,
17,
-1,
10279,
-2,
31,
-2,
17,
-1,
10280,
-2,
31,
-2,
17,
-1,
10281,
-2,
31,
-2,
17,
-1,
10282,
-2,
31,
-2,
17,
-1,
10283,
-2,
31,
-2,
17,
-1,
10284,
-2,
31,
-2,
17,
-1,
10285,
-2,
31,
-2,
17,
-1,
10286,
-2,
31,
-2,
17,
-1,
10287,
-2,
31,
-2,
17,
-1,
10288,
-2,
31,
-2,
17,
-1,
10289,
-2,
31,
-2,
17,
-1,
10290,
-2,
31,
-2,
17,
-1,
10291,
-2,
31,
-2,
17,
-1,
10292,
-2,
31,
-2,
17,
-1,
10293,
-2,
31,
-2,
17,
-1,
10294,
-2,
31,
-2,
17,
-1,
10295,
-2,
31,
-2,
17,
-1,
10296,
-2,
31,
-2,
17,
-1,
10297,
-2,
31,
-2,
17,
-1,
10298,
-2,
31,
-2,
17,
-1,
10299,
-2,
31,
-2,
17,
-1,
10300,
-2,
31,
-2,
17,
-1,
10301,
-2,
31,
-2,
17,
-1,
10302,
-2,
31,
-2,
17,
-1,
10303,
-2,
31,
-2,
17,
-1,
10304,
-2,
31,
-2,
17,
-1,
10305,
-2,
31,
-2,
17,
-1,
10306,
-2,
31,
-2,
17,
-1,
10307,
-2,
31,
-2,
17,
-1,
10308,
-2,
31,
-2,
17,
-1,
10309,
-2,
31,
-2,
17,
-1,
10310,
-2,
31,
-2,
17,
-1,
10311,
-2,
31,
-2,
17,
-1,
10312,
-2,
31,
-2,
17,
-1,
10313,
-2,
31,
-2,
17,
-1,
10314,
-2,
31,
-2,
17,
-1,
10315,
-2,
31,
-2,
17,
-1,
10316,
-2,
31,
-2,
17,
-1,
10317,
-2,
31,
-2,
17,
-1,
10318,
-2,
31,
-2,
17,
-1,
10319,
-2,
31,
-2,
17,
-1,
10320,
-2,
31,
-2,
17,
