-1,
10321,
-2,
31,
-2,
17,
-1,
10322,
-2,
32,
-2,
31,
-1,
10323,
-2,
32,
-2,
31,
-1,
10324,
-2,
32,
-2,
31,
-1,
10325,
-2,
32,
-2,
31,
-1,
10326,
-2,
32,
-2,
31,
-1,
10327,
-2,
32,
-2,
17,
-1,
10328,
-2,
32,
-2,
17,
-1,
10329,
-2,
32,
-2,
17,
-1,
10330,
-2,
32,
-2,
17,
-1,
10331,
-2,
32,
-2,
17,
-1,
10332,
-2,
32,
-2,
17,
-1,
10333,
-2,
32,
-2,
17,
-1,
10334,
-2,
32,
-2,
17,
-1,
10335,
-2,
32,
-2,
17,
-1,
10336,
-2,
32,
-2,
17,
-1,
10337,
-2,
32,
-2,
31,
-1,
10338,
-2,
32,
-2,
31,
-1,
10339,
-2,
32,
-2,
31,
-1,
10340,
-2,
32,
-2,
31,
-1,
10341,
-2,
32,
-2,
31,
-1,
10342,
-2,
32,
-2,
31,
-1,
10343,
-2,
32,
-2,
31,
-1,
10344,
-2,
32,
-2,
31,
-1,
10345,
-2,
32,
-2,
31,
-1,
10346,
-2,
32,
-2,
31,
-1,
10347,
-2,
32,
-2,
31,
-1,
10348,
-2,
32,
-2,
17,
-1,
10349,
-2,
32,
-2,
17,
-1,
10350,
-2,
32,
-2,
17,
-1,
10351,
-2,
32,
-2,
17,
-1,
10352,
-2,
32,
-2,
17,
-1,
10353,
-2,
32,
-2,
17,
-1,
10354,
-2,
32,
-2,
31,
-1,
10355,
-2,
32,
-2,
31,
-1,
10356,
-2,
32,
-2,
31,
-1,
10357,
-2,
32,
-2,
31,
-1,
10358,
-2,
32,
-2,
31,
-1,
10359,
-2,
32,
-2,
31,
-1,
10360,
-2,
32,
-2,
31,
-1,
10361,
-2,
32,
-2,
31,
-1,
10362,
-2,
32,
-2,
31,
-1,
10363,
-2,
32,
-2,
31,
-1,
10364,
-2,
32,
-2,
31,
-1,
10365,
-2,
32,
-2,
31,
-1,
10366,
-2,
32,
-2,
17,
-1,
10367,
-2,
32,
-2,
17,
-1,
10368,
-2,
32,
-2,
17,
-1,
10369,
-2,
32,
-2,
17,
-1,
10370,
-2,
32,
-2,
17,
-1,
10371,
-2,
32,
-2,
17,
-1,
10372,
-2,
32,
-2,
17,
-1,
10373,
-2,
32,
-2,
17,
-1,
10374,
-2,
32,
-2,
17,
-1,
10375,
-2,
32,
-2,
17,
-1,
10376,
-2,
32,
-2,
17,
-1,
10377,
-2,
32,
-2,
17,
-1,
10378,
-2,
32,
-2,
17,
-1,
10379,
-2,
32,
-2,
17,
-1,
10380,
-2,
32,
-2,
17,
-1,
10381,
-2,
32,
-2,
17,
-1,
10382,
-2,
32,
-2,
17,
-1,
10383,
-2,
32,
-2,
17,
-1,
10384,
-2,
32,
-2,
17,
-1,
10385,
-2,
32,
-2,
17,
-1,
10386,
-2,
32,
-2,
17,
-1,
10387,
-2,
32,
-2,
17,
-1,
10388,
-2,
32,
-2,
17,
-1,
10389,
-2,
32,
-2,
17,
-1,
10390,
-2,
32,
-2,
17,
-1,
10391,
-2,
32,
-2,
17,
-1,
10392,
-2,
32,
-2,
17,
-1,
10393,
-2,
32,
-2,
17,
-1,
10394,
-2,
32,
-2,
17,
-1,
10395,
-2,
32,
-2,
17,
-1,
10396,
-2,
32,
-2,
17,
-1,
10397,
-2,
32,
-2,
17,
-1,
10398,
-2,
32,
-2,
17,
-1,
10399,
-2,
32,
-2,
17,
-1,
10400,
-2,
32,
-2,
17,
-1,
10401,
-2,
32,
-2,
17,
-1,
10402,
-2,
32,
-2,
17,
-1,
10403,
-2,
32,
-2,
17,
-1,
10404,
-2,
32,
-2,
17,
-1,
10405,
-2,
32,
-2,
17,
-1,
10406,
-2,
32,
-2,
17,
-1,
10407,
-2,
32,
-2,
17,
-1,
10408,
-2,
32,
-2,
17,
-1,
10409,
-2,
32,
-2,
17,
-1,
10410,
-2,
32,
-2,
17,
-1,
10411,
-2,
32,
-2,
17,
-1,
10412,
-2,
32,
-2,
17,
-1,
10413,
-2,
32,
-2,
17,
-1,
10414,
-2,
32,
-2,
17,
-1,
10415,
-2,
32,
-2,
17,
-1,
10416,
-2,
32,
-2,
17,
-1,
10417,
-2,
32,
-2,
17,
-1,
10418,
-2,
32,
-2,
17,
-1,
10419,
-2,
32,
-2,
17,
-1,
10420,
-2,
32,
-2,
17,
-1,
10421,
-2,
32,
-2,
17,
-1,
10422,
-2,
32,
-2,
17,
-1,
10423,
-2,
32,
-2,
17,
-1,
10424,
-2,
32,
-2,
17,
-1,
10425,
-2,
32,
-2,
17,
-1,
10426,
-2,
32,
-2,
17,
-1,
10427,
-2,
32,
-2,
17,
-1,
10428,
-2,
32,
-2,
17,
-1,
10429,
-2,
32,
-2,
17,
-1,
10430,
-2,
32,
-2,
17,
-1,
10431,
-2,
32,
-2,
17,
-1,
10432,
-2,
32,
-2,
17,
-1,
10433,
-2,
32,
-2,
17,
-1,
10434,
-2,
32,
-2,
17,
-1,
10435,
-2,
32,
-2,
17,
-1,
10436,
-2,
32,
-2,
17,
-1,
10437,
-2,
32,
-2,
17,
-1,
10438,
-2,
32,
-2,
17,
-1,
10439,
-2,
32,
-2,
17,
-1,
10440,
-2,
32,
-2,
17,
