-1,
10441,
-2,
32,
-2,
17,
-1,
10442,
-2,
32,
-2,
17,
-1,
10443,
-2,
32,
-2,
17,
-1,
10444,
-2,
32,
-2,
17,
-1,
10445,
-2,
32,
-2,
17,
-1,
10446,
-2,
32,
-2,
17,
-1,
10447,
-2,
32,
-2,
17,
-1,
10448,
-2,
32,
-2,
17,
-1,
10449,
-2,
32,
-2,
17,
-1,
10450,
-2,
32,
-2,
17,
-1,
10451,
-2,
32,
-2,
17,
-1,
10452,
-2,
32,
-2,
17,
-1,
10453,
-2,
32,
-2,
17,
-1,
10454,
-2,
32,
-2,
17,
-1,
10455,
-2,
32,
-2,
17,
-1,
10456,
-2,
32,
-2,
17,
-1,
10457,
-2,
32,
-2,
17,
-1,
10458,
-2,
32,
-2,
17,
-1,
10459,
-2,
32,
-2,
17,
-1,
10460,
-2,
32,
-2,
17,
-1,
10461,
-2,
32,
-2,
17,
-1,
10462,
-2,
32,
-2,
17,
-1,
10463,
-2,
32,
-2,
17,
-1,
10464,
-2,
32,
-2,
17,
-1,
10465,
-2,
32,
-2,
17,
-1,
10466,
-2,
32,
-2,
17,
-1,
10467,
-2,
32,
-2,
17,
-1,
10468,
-2,
32,
-2,
17,
-1,
10469,
-2,
32,
-2,
17,
-1,
10470,
-2,
32,
-2,
17,
-1,
10471,
-2,
32,
-2,
17,
-1,
10472,
-2,
32,
-2,
17,
-1,
10473,
-2,
32,
-2,
17,
-1,
10474,
-2,
32,
-2,
17,
-1,
10475,
-2,
32,
-2,
17,
-1,
10476,
-2,
32,
-2,
17,
-1,
10477,
-2,
32,
-2,
17,
-1,
10478,
-2,
32,
-2,
17,
-1,
10479,
-2,
32,
-2,
17,
-1,
10480,
-2,
32,
-2,
17,
-1,
10481,
-2,
32,
-2,
17,
-1,
10482,
-2,
32,
-2,
17,
-1,
10483,
-2,
32,
-2,
17,
-1,
10484,
-2,
32,
-2,
17,
-1,
10485,
-2,
32,
-2,
17,
-1,
10486,
-2,
32,
-2,
17,
-1,
10487,
-2,
32,
-2,
17,
-1,
10488,
-2,
32,
-2,
17,
-1,
10489,
-2,
32,
-2,
17,
-1,
10490,
-2,
32,
-2,
17,
-1,
10491,
-2,
32,
-2,
17,
-1,
10492,
-2,
32,
-2,
17,
-1,
10493,
-2,
32,
-2,
17,
-1,
10494,
-2,
32,
-2,
17,
-1,
10495,
-2,
32,
-2,
17,
-1,
10496,
-2,
32,
-2,
17,
-1,
10497,
-2,
32,
-2,
17,
-1,
10498,
-2,
32,
-2,
17,
-1,
10499,
-2,
32,
-2,
17,
-1,
10500,
-2,
32,
-2,
17,
-1,
10501,
-2,
32,
-2,
17,
-1,
10502,
-2,
32,
-2,
17,
-1,
10503,
-2,
32,
-2,
17,
-1,
10504,
-2,
32,
-2,
17,
-1,
10505,
-2,
32,
-2,
17,
-1,
10506,
-2,
32,
-2,
17,
-1,
10507,
-2,
32,
-2,
17,
-1,
10508,
-2,
32,
-2,
17,
-1,
10509,
-2,
32,
-2,
17,
-1,
10510,
-2,
32,
-2,
17,
-1,
10511,
-2,
32,
-2,
17,
-1,
10512,
-2,
32,
-2,
17,
-1,
10513,
-2,
32,
-2,
17,
-1,
10514,
-2,
32,
-2,
17,
-1,
10515,
-2,
32,
-2,
17,
-1,
10516,
-2,
32,
-2,
17,
-1,
10517,
-2,
32,
-2,
17,
-1,
10518,
-2,
32,
-2,
17,
-1,
10519,
-2,
32,
-2,
17,
-1,
10520,
-2,
32,
-2,
17,
-1,
10521,
-2,
32,
-2,
17,
-1,
10522,
-2,
32,
-2,
17,
-1,
10523,
-2,
32,
-2,
17,
-1,
10524,
-2,
32,
-2,
17,
-1,
10525,
-2,
32,
-2,
17,
-1,
10526,
-2,
32,
-2,
17,
-1,
10527,
-2,
32,
-2,
17,
-1,
10528,
-2,
32,
-2,
17,
-1,
10529,
-2,
32,
-2,
17,
-1,
10530,
-2,
32,
-2,
17,
-1,
10531,
-2,
32,
-2,
17,
-1,
10532,
-2,
32,
-2,
17,
-1,
10533,
-2,
32,
-2,
17,
-1,
10534,
-2,
32,
-2,
17,
-1,
10535,
-2,
32,
-2,
17,
-1,
10536,
-2,
32,
-2,
17,
-1,
10537,
-2,
32,
-2,
17,
-1,
10538,
-2,
32,
-2,
17,
-1,
10539,
-2,
32,
-2,
31,
-1,
10540,
-2,
32,
-2,
31,
-1,
10541,
-2,
32,
-2,
31,
-1,
10542,
-2,
32,
-2,
31,
-1,
10543,
-2,
32,
-2,
31,
-1,
10544,
-2,
31,
-2,
17,
-1,
10545,
-2,
31,
-2,
17,
-1,
10546,
-2,
31,
-2,
17,
-1,
10547,
-2,
31,
-2,
17,
-1,
10548,
-2,
31,
-2,
17,
-1,
10549,
-2,
31,
-2,
17,
-1,
10550,
-2,
31,
-2,
17,
-1,
10551,
-2,
31,
-2,
17,
-1,
10552,
-2,
31,
-2,
17,
-1,
10553,
-2,
31,
-2,
17,
-1,
10554,
-2,
31,
-2,
17,
-1,
10555,
-2,
31,
-2,
17,
-1,
10556,
-2,
31,
-2,
17,
-1,
10557,
-2,
31,
-2,
17,
-1,
10558,
-2,
31,
-2,
17,
-1,
10559,
-2,
31,
-2,
17,
-1,
10560,
-2,
31,
-2,
17,
