-1,
10561,
-2,
31,
-2,
17,
-1,
10562,
-2,
31,
-2,
17,
-1,
10563,
-2,
31,
-2,
17,
-1,
10564,
-2,
31,
-2,
17,
-1,
10565,
-2,
31,
-2,
17,
-1,
10566,
-2,
31,
-2,
17,
-1,
10567,
-2,
31,
-2,
17,
-1,
10568,
-2,
31,
-2,
17,
-1,
10569,
-2,
31,
-2,
17,
-1,
10570,
-2,
31,
-2,
17,
-1,
10571,
-2,
31,
-2,
17,
-1,
10572,
-2,
31,
-2,
17,
-1,
10573,
-2,
31,
-2,
17,
-1,
10574,
-2,
31,
-2,
17,
-1,
10575,
-2,
31,
-2,
17,
-1,
10576,
-2,
31,
-2,
17,
-1,
10577,
-2,
31,
-2,
17,
-1,
10578,
-2,
31,
-2,
17,
-1,
10579,
-2,
31,
-2,
17,
-1,
10580,
-2,
31,
-2,
17,
-1,
10581,
-2,
31,
-2,
17,
-1,
10582,
-2,
31,
-2,
17,
-1,
10583,
-2,
31,
-2,
17,
-1,
10584,
-2,
31,
-2,
17,
-1,
10585,
-2,
31,
-2,
17,
-1,
10586,
-2,
31,
-2,
17,
-1,
10587,
-2,
31,
-2,
17,
-1,
10588,
-2,
31,
-2,
17,
-1,
10589,
-2,
30,
-2,
31,
-1,
10590,
-2,
30,
-2,
31,
-1,
10591,
-2,
30,
-2,
31,
-1,
10592,
-2,
30,
-2,
31,
-1,
10593,
-2,
30,
-2,
31,
-1,
10594,
-2,
30,
-2,
31,
-1,
10595,
-2,
30,
-2,
31,
-1,
10596,
-2,
30,
-2,
17,
-1,
10597,
-2,
30,
-2,
17,
-1,
10598,
-2,
30,
-2,
17,
-1,
10599,
-2,
30,
-2,
31,
-1,
10600,
-2,
30,
-2,
31,
-1,
10601,
-2,
30,
-2,
31,
-1,
10602,
-2,
30,
-2,
31,
-1,
10603,
-2,
30,
-2,
31,
-1,
10604,
-2,
30,
-2,
31,
-1,
10605,
-2,
30,
-2,
31,
-1,
10606,
-2,
30,
-2,
31,
-1,
10607,
-2,
30,
-2,
31,
-1,
10608,
-2,
30,
-2,
31,
-1,
10609,
-2,
30,
-2,
31,
-1,
10610,
-2,
30,
-2,
17,
-1,
10611,
-2,
30,
-2,
17,
-1,
10612,
-2,
30,
-2,
17,
-1,
10613,
-2,
30,
-2,
17,
-1,
10614,
-2,
30,
-2,
17,
-1,
10615,
-2,
30,
-2,
17,
-1,
10616,
-2,
30,
-2,
17,
-1,
10617,
-2,
30,
-2,
17,
-1,
10618,
-2,
30,
-2,
17,
-1,
10619,
-2,
30,
-2,
17,
-1,
10620,
-2,
30,
-2,
17,
-1,
10621,
-2,
30,
-2,
17,
-1,
10622,
-2,
30,
-2,
17,
-1,
10623,
-2,
30,
-2,
17,
-1,
10624,
-2,
30,
-2,
17,
-1,
10625,
-2,
30,
-2,
17,
-1,
10626,
-2,
30,
-2,
17,
-1,
10627,
-2,
30,
-2,
17,
-1,
10628,
-2,
30,
-2,
17,
-1,
10629,
-2,
30,
-2,
17,
-1,
10630,
-2,
30,
-2,
17,
-1,
10631,
-2,
30,
-2,
17,
-1,
10632,
-2,
30,
-2,
17,
-1,
10633,
-2,
30,
-2,
17,
-1,
10634,
-2,
30,
-2,
17,
-1,
10635,
-2,
30,
-2,
17,
-1,
10636,
-2,
30,
-2,
17,
-1,
10637,
-2,
30,
-2,
17,
-1,
10638,
-2,
30,
-2,
17,
-1,
10639,
-2,
30,
-2,
17,
-1,
10640,
-2,
30,
-2,
17,
-1,
10641,
-2,
30,
-2,
17,
-1,
10642,
-2,
30,
-2,
17,
-1,
10643,
-2,
30,
-2,
17,
-1,
10644,
-2,
30,
-2,
17,
-1,
10645,
-2,
30,
-2,
17,
-1,
10646,
-2,
30,
-2,
17,
-1,
10647,
-2,
30,
-2,
17,
-1,
10648,
-2,
30,
-2,
17,
-1,
10649,
-2,
30,
-2,
17,
-1,
10650,
-2,
30,
-2,
17,
-1,
10651,
-2,
30,
-2,
17,
-1,
10652,
-2,
30,
-2,
17,
-1,
10653,
-2,
30,
-2,
17,
-1,
10654,
-2,
30,
-2,
17,
-1,
10655,
-2,
30,
-2,
17,
-1,
10656,
-2,
30,
-2,
17,
-1,
10657,
-2,
30,
-2,
17,
-1,
10658,
-2,
30,
-2,
17,
-1,
10659,
-2,
30,
-2,
31,
-1,
10660,
-2,
30,
-2,
31,
-1,
10661,
-2,
30,
-2,
31,
-1,
10662,
-2,
30,
-2,
31,
-1,
10663,
-2,
30,
-2,
31,
-1,
10664,
-2,
30,
-2,
17,
-1,
10665,
-2,
30,
-2,
17,
-1,
10666,
-2,
30,
-2,
17,
-1,
10667,
-2,
30,
-2,
17,
-1,
10668,
-2,
30,
-2,
17,
-1,
10669,
-2,
30,
-2,
17,
-1,
10670,
-2,
30,
-2,
17,
-1,
10671,
-2,
30,
-2,
17,
-1,
10672,
-2,
30,
-2,
17,
-1,
10673,
-2,
30,
-2,
17,
-1,
10674,
-2,
30,
-2,
17,
-1,
10675,
-2,
30,
-2,
17,
-1,
10676,
-2,
30,
-2,
17,
-1,
10677,
-2,
30,
-2,
17,
-1,
10678,
-2,
30,
-2,
17,
-1,
10679,
-2,
30,
-2,
17,
-1,
10680,
-2,
30,
-2,
17,
