-1,
10681,
-2,
30,
-2,
17,
-1,
10682,
-2,
30,
-2,
17,
-1,
10683,
-2,
30,
-2,
17,
-1,
10684,
-2,
30,
-2,
17,
-1,
10685,
-2,
30,
-2,
17,
-1,
10686,
-2,
30,
-2,
17,
-1,
10687,
-2,
30,
-2,
17,
-1,
10688,
-2,
30,
-2,
17,
-1,
10689,
-2,
30,
-2,
17,
-1,
10690,
-2,
30,
-2,
17,
-1,
10691,
-2,
30,
-2,
17,
-1,
10692,
-2,
30,
-2,
17,
-1,
10693,
-2,
30,
-2,
17,
-1,
10694,
-2,
30,
-2,
17,
-1,
10695,
-2,
30,
-2,
17,
-1,
10696,
-2,
30,
-2,
17,
-1,
10697,
-2,
30,
-2,
17,
-1,
10698,
-2,
30,
-2,
17,
-1,
10699,
-2,
30,
-2,
17,
-1,
10700,
-2,
30,
-2,
17,
-1,
10701,
-2,
30,
-2,
17,
-1,
10702,
-2,
30,
-2,
17,
-1,
10703,
-2,
30,
-2,
17,
-1,
10704,
-2,
30,
-2,
17,
-1,
10705,
-2,
30,
-2,
17,
-1,
10706,
-2,
30,
-2,
17,
-1,
10707,
-2,
30,
-2,
17,
-1,
10708,
-2,
30,
-2,
17,
-1,
10709,
-2,
30,
-2,
31,
-1,
10710,
-2,
30,
-2,
31,
-1,
10711,
-2,
30,
-2,
31,
-1,
10712,
-2,
30,
-2,
31,
-1,
10713,
-2,
30,
-2,
31,
-1,
10714,
-2,
30,
-2,
31,
-1,
10715,
-2,
30,
-2,
31,
-1,
10716,
-2,
30,
-2,
17,
-1,
10717,
-2,
30,
-2,
17,
-1,
10718,
-2,
30,
-2,
17,
-1,
10719,
-2,
30,
-2,
17,
-1,
10720,
-2,
30,
-2,
17,
-1,
10721,
-2,
30,
-2,
17,
-1,
10722,
-2,
30,
-2,
17,
-1,
10723,
-2,
30,
-2,
17,
-1,
10724,
-2,
30,
-2,
17,
-1,
10725,
-2,
30,
-2,
17,
-1,
10726,
-2,
30,
-2,
17,
-1,
10727,
-2,
30,
-2,
17,
-1,
10728,
-2,
30,
-2,
17,
-1,
10729,
-2,
30,
-2,
17,
-1,
10730,
-2,
30,
-2,
17,
-1,
10731,
-2,
30,
-2,
17,
-1,
10732,
-2,
30,
-2,
17,
-1,
10733,
-2,
30,
-2,
17,
-1,
10734,
-2,
30,
-2,
17,
-1,
10735,
-2,
30,
-2,
17,
-1,
10736,
-2,
30,
-2,
17,
-1,
10737,
-2,
30,
-2,
17,
-1,
10738,
-2,
30,
-2,
17,
-1,
10739,
-2,
30,
-2,
17,
-1,
10740,
-2,
30,
-2,
17,
-1,
10741,
-2,
30,
-2,
17,
-1,
10742,
-2,
30,
-2,
17,
-1,
10743,
-2,
30,
-2,
17,
-1,
10744,
-2,
30,
-2,
17,
-1,
10745,
-2,
30,
-2,
17,
-1,
10746,
-2,
30,
-2,
17,
-1,
10747,
-2,
30,
-2,
17,
-1,
10748,
-2,
30,
-2,
17,
-1,
10749,
-2,
30,
-2,
17,
-1,
10750,
-2,
30,
-2,
17,
-1,
10751,
-2,
30,
-2,
17,
-1,
10752,
-2,
30,
-2,
17,
-1,
10753,
-2,
30,
-2,
17,
-1,
10754,
-2,
30,
-2,
17,
-1,
10755,
-2,
30,
-2,
17,
-1,
10756,
-2,
17,
-2,
17,
-1,
10757,
-2,
17,
-2,
17,
-1,
10758,
-2,
17,
-2,
17,
-1,
10759,
-2,
17,
-2,
17,
-1,
10760,
-2,
17,
-2,
17,
-1,
10761,
-2,
17,
-2,
17,
-1,
10762,
-2,
17,
-2,
17,
-1,
10763,
-2,
17,
-2,
17,
-1,
10764,
-2,
17,
-2,
17,
-1,
10765,
-2,
17,
-2,
17,
-1,
10766,
-2,
17,
-2,
17,
-1,
10767,
-2,
17,
-2,
17,
-1,
10768,
-2,
17,
-2,
17,
-1,
10769,
-2,
17,
-2,
17,
-1,
10770,
-2,
30,
-2,
17,
-1,
10771,
-2,
30,
-2,
17,
-1,
10772,
-2,
30,
-2,
17,
-1,
10773,
-2,
30,
-2,
17,
-1,
10774,
-2,
30,
-2,
17,
-1,
10775,
-2,
30,
-2,
17,
-1,
10776,
-2,
30,
-2,
17,
-1,
10777,
-2,
30,
-2,
17,
-1,
10778,
-2,
30,
-2,
17,
-1,
10779,
-2,
30,
-2,
31,
-1,
10780,
-2,
30,
-2,
31,
-1,
10781,
-2,
30,
-2,
31,
-1,
10782,
-2,
30,
-2,
31,
-1,
10783,
-2,
30,
-2,
31,
-1,
10784,
-2,
30,
-2,
17,
-1,
10785,
-2,
30,
-2,
17,
-1,
10786,
-2,
30,
-2,
17,
-1,
10787,
-2,
30,
-2,
17,
-1,
10788,
-2,
30,
-2,
17,
-1,
10789,
-2,
30,
-2,
17,
-1,
10790,
-2,
30,
-2,
17,
-1,
10791,
-2,
30,
-2,
17,
-1,
10792,
-2,
30,
-2,
17,
-1,
10793,
-2,
30,
-2,
17,
-1,
10794,
-2,
30,
-2,
17,
-1,
10795,
-2,
30,
-2,
17,
-1,
10796,
-2,
30,
-2,
17,
-1,
10797,
-2,
30,
-2,
17,
-1,
10798,
-2,
30,
-2,
17,
-1,
10799,
-2,
30,
-2,
17,
-1,
10800,
-2,
30,
-2,
17,
