-1,
10801,
-2,
30,
-2,
17,
-1,
10802,
-2,
30,
-2,
17,
-1,
10803,
-2,
30,
-2,
17,
-1,
10804,
-2,
30,
-2,
17,
-1,
10805,
-2,
30,
-2,
17,
-1,
10806,
-2,
30,
-2,
17,
-1,
10807,
-2,
30,
-2,
17,
-1,
10808,
-2,
30,
-2,
17,
-1,
10809,
-2,
30,
-2,
17,
-1,
10810,
-2,
30,
-2,
17,
-1,
10811,
-2,
30,
-2,
17,
-1,
10812,
-2,
30,
-2,
17,
-1,
10813,
-2,
30,
-2,
17,
-1,
10814,
-2,
30,
-2,
17,
-1,
10815,
-2,
30,
-2,
17,
-1,
10816,
-2,
30,
-2,
17,
-1,
10817,
-2,
30,
-2,
17,
-1,
10818,
-2,
30,
-2,
17,
-1,
10819,
-2,
30,
-2,
17,
-1,
10820,
-2,
30,
-2,
17,
-1,
10821,
-2,
30,
-2,
17,
-1,
10822,
-2,
30,
-2,
17,
-1,
10823,
-2,
30,
-2,
17,
-1,
10824,
-2,
30,
-2,
17,
-1,
10825,
-2,
30,
-2,
17,
-1,
10826,
-2,
30,
-2,
17,
-1,
10827,
-2,
30,
-2,
17,
-1,
10828,
-2,
30,
-2,
17,
-1,
10829,
-2,
30,
-2,
31,
-1,
10830,
-2,
30,
-2,
31,
-1,
10831,
-2,
30,
-2,
31,
-1,
10832,
-2,
30,
-2,
31,
-1,
10833,
-2,
30,
-2,
31,
-1,
10834,
-2,
30,
-2,
31,
-1,
10835,
-2,
30,
-2,
31,
-1,
10836,
-2,
30,
-2,
17,
-1,
10837,
-2,
30,
-2,
17,
-1,
10838,
-2,
30,
-2,
17,
-1,
10839,
-2,
30,
-2,
17,
-1,
10840,
-2,
30,
-2,
17,
-1,
10841,
-2,
30,
-2,
17,
-1,
10842,
-2,
30,
-2,
17,
-1,
10843,
-2,
30,
-2,
17,
-1,
10844,
-2,
30,
-2,
17,
-1,
10845,
-2,
30,
-2,
17,
-1,
10846,
-2,
30,
-2,
17,
-1,
10847,
-2,
30,
-2,
17,
-1,
10848,
-2,
30,
-2,
17,
-1,
10849,
-2,
30,
-2,
17,
-1,
10850,
-2,
30,
-2,
17,
-1,
10851,
-2,
30,
-2,
17,
-1,
10852,
-2,
30,
-2,
31,
-1,
10853,
-2,
30,
-2,
31,
-1,
10854,
-2,
30,
-2,
31,
-1,
10855,
-2,
30,
-2,
31,
-1,
10856,
-2,
30,
-2,
31,
-1,
10857,
-2,
30,
-2,
31,
-1,
10858,
-2,
30,
-2,
31,
-1,
10859,
-2,
30,
-2,
31,
-1,
10860,
-2,
30,
-2,
31,
-1,
10861,
-2,
30,
-2,
31,
-1,
10862,
-2,
30,
-2,
31,
-1,
10863,
-2,
30,
-2,
31,
-1,
10864,
-2,
31,
-2,
17,
-1,
10865,
-2,
31,
-2,
17,
-1,
10866,
-2,
31,
-2,
17,
-1,
10867,
-2,
31,
-2,
17,
-1,
10868,
-2,
31,
-2,
17,
-1,
10869,
-2,
31,
-2,
17,
-1,
10870,
-2,
31,
-2,
17,
-1,
10871,
-2,
31,
-2,
17,
-1,
10872,
-2,
31,
-2,
17,
-1,
10873,
-2,
31,
-2,
17,
-1,
10874,
-2,
31,
-2,
17,
-1,
10875,
-2,
31,
-2,
17,
-1,
10876,
-2,
31,
-2,
17,
-1,
10877,
-2,
31,
-2,
17,
-1,
10878,
-2,
31,
-2,
17,
-1,
10879,
-2,
31,
-2,
17,
-1,
10880,
-2,
31,
-2,
17,
-1,
10881,
-2,
31,
-2,
17,
-1,
10882,
-2,
31,
-2,
17,
-1,
10883,
-2,
31,
-2,
17,
-1,
10884,
-2,
31,
-2,
17,
-1,
10885,
-2,
31,
-2,
17,
-1,
10886,
-2,
31,
-2,
17,
-1,
10887,
-2,
31,
-2,
17,
-1,
10888,
-2,
31,
-2,
17,
-1,
10889,
-2,
31,
-2,
17,
-1,
10890,
-2,
31,
-2,
17,
-1,
10891,
-2,
31,
-2,
17,
-1,
10892,
-2,
31,
-2,
17,
-1,
10893,
-2,
31,
-2,
17,
-1,
10894,
-2,
31,
-2,
17,
-1,
10895,
-2,
31,
-2,
17,
-1,
10896,
-2,
31,
-2,
17,
-1,
10897,
-2,
31,
-2,
17,
-1,
10898,
-2,
31,
-2,
17,
-1,
10899,
-2,
31,
-2,
31,
-1,
10900,
-2,
31,
-2,
31,
-1,
10901,
-2,
31,
-2,
31,
-1,
10902,
-2,
31,
-2,
31,
-1,
10903,
-2,
31,
-2,
31,
-1,
10904,
-2,
31,
-2,
17,
-1,
10905,
-2,
32,
-2,
31,
-1,
10906,
-2,
32,
-2,
31,
-1,
10907,
-2,
32,
-2,
31,
-1,
10908,
-2,
32,
-2,
31,
-1,
10909,
-2,
32,
-2,
31,
-1,
10910,
-2,
32,
-2,
31,
-1,
10911,
-2,
32,
-2,
31,
-1,
10912,
-2,
32,
-2,
31,
-1,
10913,
-2,
32,
-2,
31,
-1,
10914,
-2,
32,
-2,
31,
-1,
10915,
-2,
32,
-2,
31,
-1,
10916,
-2,
32,
-2,
31,
-1,
10917,
-2,
32,
-2,
31,
-1,
10918,
-2,
32,
-2,
31,
-1,
10919,
-2,
32,
-2,
31,
-1,
10920,
-2,
32,
-2,
31,
