-1,
10921,
-2,
32,
-2,
31,
-1,
10922,
-2,
32,
-2,
31,
-1,
10923,
-2,
32,
-2,
31,
-1,
10924,
-2,
32,
-2,
31,
-1,
10925,
-2,
32,
-2,
31,
-1,
10926,
-2,
32,
-2,
31,
-1,
10927,
-2,
32,
-2,
31,
-1,
10928,
-2,
32,
-2,
31,
-1,
10929,
-2,
32,
-2,
31,
-1,
10930,
-2,
32,
-2,
31,
-1,
10931,
-2,
32,
-2,
31,
-1,
10932,
-2,
32,
-2,
31,
-1,
10933,
-2,
32,
-2,
31,
-1,
10934,
-2,
32,
-2,
17,
-1,
10935,
-2,
32,
-2,
17,
-1,
10936,
-2,
32,
-2,
17,
-1,
10937,
-2,
32,
-2,
17,
-1,
10938,
-2,
32,
-2,
17,
-1,
10939,
-2,
32,
-2,
17,
-1,
10940,
-2,
32,
-2,
17,
-1,
10941,
-2,
32,
-2,
17,
-1,
10942,
-2,
32,
-2,
17,
-1,
10943,
-2,
32,
-2,
17,
-1,
10944,
-2,
32,
-2,
17,
-1,
10945,
-2,
32,
-2,
17,
-1,
10946,
-2,
32,
-2,
17,
-1,
10947,
-2,
32,
-2,
17,
-1,
10948,
-2,
32,
-2,
17,
-1,
10949,
-2,
32,
-2,
31,
-1,
10950,
-2,
32,
-2,
31,
-1,
10951,
-2,
32,
-2,
31,
-1,
10952,
-2,
32,
-2,
31,
-1,
10953,
-2,
30,
-2,
31,
-1,
10954,
-2,
30,
-2,
31,
-1,
10955,
-2,
30,
-2,
31,
-1,
10956,
-2,
30,
-2,
17,
-1,
10957,
-2,
30,
-2,
17,
-1,
10958,
-2,
30,
-2,
17,
-1,
10959,
-2,
30,
-2,
17,
-1,
10960,
-2,
30,
-2,
17,
-1,
10961,
-2,
30,
-2,
17,
-1,
10962,
-2,
30,
-2,
17,
-1,
10963,
-2,
30,
-2,
17,
-1,
10964,
-2,
30,
-2,
17,
-1,
10965,
-2,
30,
-2,
17,
-1,
10966,
-2,
30,
-2,
17,
-1,
10967,
-2,
30,
-2,
17,
-1,
10968,
-2,
30,
-2,
17,
-1,
10969,
-2,
30,
-2,
17,
-1,
10970,
-2,
30,
-2,
17,
-1,
10971,
-2,
30,
-2,
17,
-1,
10972,
-2,
30,
-2,
31,
-1,
10973,
-2,
30,
-2,
31,
-1,
10974,
-2,
30,
-2,
31,
-1,
10975,
-2,
30,
-2,
31,
-1,
10976,
-2,
30,
-2,
31,
-1,
10977,
-2,
30,
-2,
31,
-1,
10978,
-2,
30,
-2,
31,
-1,
10979,
-2,
30,
-2,
31,
-1,
10980,
-2,
30,
-2,
31,
-1,
10981,
-2,
30,
-2,
31,
-1,
10982,
-2,
30,
-2,
31,
-1,
10983,
-2,
30,
-2,
31,
-1,
10984,
-2,
30,
-2,
17,
-1,
10985,
-2,
30,
-2,
17,
-1,
10986,
-2,
30,
-2,
17,
-1,
10987,
-2,
30,
-2,
17,
-1,
10988,
-2,
30,
-2,
17,
-1,
10989,
-2,
30,
-2,
17,
-1,
10990,
-2,
30,
-2,
17,
-1,
10991,
-2,
30,
-2,
17,
-1,
10992,
-2,
30,
-2,
17,
-1,
10993,
-2,
30,
-2,
17,
-1,
10994,
-2,
30,
-2,
17,
-1,
10995,
-2,
30,
-2,
17,
-1,
10996,
-2,
30,
-2,
17,
-1,
10997,
-2,
30,
-2,
17,
-1,
10998,
-2,
30,
-2,
17,
-1,
10999,
-2,
30,
-2,
17,
-1,
11000,
-2,
30,
-2,
17,
-1,
11001,
-2,
30,
-2,
17,
-1,
11002,
-2,
30,
-2,
17,
-1,
11003,
-2,
30,
-2,
17,
-1,
11004,
-2,
30,
-2,
17,
-1,
11005,
-2,
30,
-2,
17,
-1,
11006,
-2,
30,
-2,
17,
-1,
11007,
-2,
30,
-2,
17,
-1,
11008,
-2,
30,
-2,
17,
-1,
11009,
-2,
30,
-2,
17,
-1,
11010,
-2,
30,
-2,
17,
-1,
11011,
-2,
30,
-2,
17,
-1,
11012,
-2,
30,
-2,
17,
-1,
11013,
-2,
30,
-2,
17,
-1,
11014,
-2,
30,
-2,
17,
-1,
11015,
-2,
30,
-2,
17,
-1,
11016,
-2,
30,
-2,
17,
-1,
11017,
-2,
30,
-2,
17,
-1,
11018,
-2,
30,
-2,
17,
-1,
11019,
-2,
30,
-2,
31,
-1,
11020,
-2,
30,
-2,
31,
-1,
11021,
-2,
30,
-2,
31,
-1,
11022,
-2,
30,
-2,
31,
-1,
11023,
-2,
30,
-2,
31,
-1,
11024,
-2,
30,
-2,
17,
-1,
11025,
-2,
30,
-2,
31,
-1,
11026,
-2,
30,
-2,
31,
-1,
11027,
-2,
30,
-2,
31,
-1,
11028,
-2,
30,
-2,
31,
-1,
11029,
-2,
30,
-2,
31,
-1,
11030,
-2,
30,
-2,
31,
-1,
11031,
-2,
30,
-2,
31,
-1,
11032,
-2,
30,
-2,
31,
-1,
11033,
-2,
30,
-2,
31,
-1,
11034,
-2,
30,
-2,
31,
-1,
11035,
-2,
30,
-2,
31,
-1,
11036,
-2,
30,
-2,
31,
-1,
11037,
-2,
30,
-2,
31,
-1,
11038,
-2,
30,
-2,
31,
-1,
11039,
-2,
30,
-2,
31,
-1,
11040,
-2,
30,
-2,
31,
