-1,
11041,
-2,
30,
-2,
31,
-1,
11042,
-2,
30,
-2,
31,
-1,
11043,
-2,
30,
-2,
31,
-1,
11044,
-2,
30,
-2,
31,
-1,
11045,
-2,
30,
-2,
31,
-1,
11046,
-2,
30,
-2,
31,
-1,
11047,
-2,
30,
-2,
31,
-1,
11048,
-2,
30,
-2,
31,
-1,
11049,
-2,
30,
-2,
31,
-1,
11050,
-2,
30,
-2,
31,
-1,
11051,
-2,
30,
-2,
31,
-1,
11052,
-2,
30,
-2,
31,
-1,
11053,
-2,
30,
-2,
31,
-1,
11054,
-2,
30,
-2,
17,
-1,
11055,
-2,
30,
-2,
17,
-1,
11056,
-2,
30,
-2,
17,
-1,
11057,
-2,
30,
-2,
17,
-1,
11058,
-2,
30,
-2,
17,
-1,
11059,
-2,
30,
-2,
17,
-1,
11060,
-2,
30,
-2,
17,
-1,
11061,
-2,
30,
-2,
17,
-1,
11062,
-2,
30,
-2,
17,
-1,
11063,
-2,
30,
-2,
17,
-1,
11064,
-2,
30,
-2,
17,
-1,
11065,
-2,
30,
-2,
17,
-1,
11066,
-2,
30,
-2,
17,
-1,
11067,
-2,
30,
-2,
17,
-1,
11068,
-2,
30,
-2,
17,
-1,
11069,
-2,
30,
-2,
31,
-1,
11070,
-2,
30,
-2,
31,
-1,
11071,
-2,
30,
-2,
31,
-1,
11072,
-2,
30,
-2,
31,
-1,
11073,
-2,
30,
-2,
31,
-1,
11074,
-2,
30,
-2,
31,
-1,
11075,
-2,
30,
-2,
31,
-1,
11076,
-2,
30,
-2,
17,
-1,
11077,
-2,
30,
-2,
17,
-1,
11078,
-2,
30,
-2,
17,
-1,
11079,
-2,
30,
-2,
17,
-1,
11080,
-2,
30,
-2,
17,
-1,
11081,
-2,
30,
-2,
17,
-1,
11082,
-2,
30,
-2,
17,
-1,
11083,
-2,
30,
-2,
17,
-1,
11084,
-2,
30,
-2,
17,
-1,
11085,
-2,
30,
-2,
17,
-1,
11086,
-2,
30,
-2,
17,
-1,
11087,
-2,
30,
-2,
17,
-1,
11088,
-2,
30,
-2,
17,
-1,
11089,
-2,
30,
-2,
17,
-1,
11090,
-2,
30,
-2,
17,
-1,
11091,
-2,
30,
-2,
17,
-1,
11092,
-2,
30,
-2,
17,
-1,
11093,
-2,
30,
-2,
17,
-1,
11094,
-2,
30,
-2,
17,
-1,
11095,
-2,
30,
-2,
17,
-1,
11096,
-2,
30,
-2,
17,
-1,
11097,
-2,
30,
-2,
17,
-1,
11098,
-2,
30,
-2,
17,
-1,
11099,
-2,
30,
-2,
17,
-1,
11100,
-2,
30,
-2,
17,
-1,
11101,
-2,
17,
-2,
31,
-1,
11102,
-2,
17,
-2,
31,
-1,
11103,
-2,
17,
-2,
31,
-1,
11104,
-2,
17,
-2,
17,
-1,
11105,
-2,
17,
-2,
17,
-1,
11106,
-2,
17,
-2,
17,
-1,
11107,
-2,
17,
-2,
17,
-1,
11108,
-2,
17,
-2,
17,
-1,
11109,
-2,
17,
-2,
17,
-1,
11110,
-2,
17,
-2,
17,
-1,
11111,
-2,
17,
-2,
17,
-1,
11112,
-2,
17,
-2,
17,
-1,
11113,
-2,
17,
-2,
17,
-1,
11114,
-2,
17,
-2,
17,
-1,
11115,
-2,
17,
-2,
17,
-1,
11116,
-2,
17,
-2,
17,
-1,
11117,
-2,
17,
-2,
17,
-1,
11118,
-2,
17,
-2,
17,
-1,
11119,
-2,
17,
-2,
17,
-1,
11120,
-2,
17,
-2,
17,
-1,
11121,
-2,
17,
-2,
17,
-1,
11122,
-2,
17,
-2,
17,
-1,
11123,
-2,
17,
-2,
17,
-1,
11124,
-2,
17,
-2,
17,
-1,
11125,
-2,
17,
-2,
17,
-1,
11126,
-2,
17,
-2,
17,
-1,
11127,
-2,
17,
-2,
17,
-1,
11128,
-2,
17,
-2,
17,
-1,
11129,
-2,
17,
-2,
17,
-1,
11130,
-2,
17,
-2,
17,
-1,
11131,
-2,
17,
-2,
17,
-1,
11132,
-2,
17,
-2,
17,
-1,
11133,
-2,
17,
-2,
17,
-1,
11134,
-2,
17,
-2,
17,
-1,
11135,
-2,
17,
-2,
17,
-1,
11136,
-2,
17,
-2,
17,
-1,
11137,
-2,
17,
-2,
17,
-1,
11138,
-2,
17,
-2,
17,
-1,
11139,
-2,
17,
-2,
31,
-1,
11140,
-2,
17,
-2,
31,
-1,
11141,
-2,
17,
-2,
31,
-1,
11142,
-2,
17,
-2,
31,
-1,
11143,
-2,
17,
-2,
31,
-1,
11144,
-2,
17,
-2,
17,
-1,
11145,
-2,
17,
-2,
31,
-1,
11146,
-2,
17,
-2,
31,
-1,
11147,
-2,
17,
-2,
31,
-1,
11148,
-2,
17,
-2,
31,
-1,
11149,
-2,
17,
-2,
31,
-1,
11150,
-2,
17,
-2,
31,
-1,
11151,
-2,
17,
-2,
31,
-1,
11152,
-2,
17,
-2,
31,
-1,
11153,
-2,
17,
-2,
31,
-1,
11154,
-2,
17,
-2,
31,
-1,
11155,
-2,
17,
-2,
31,
-1,
11156,
-2,
17,
-2,
31,
-1,
11157,
-2,
17,
-2,
31,
-1,
11158,
-2,
17,
-2,
31,
-1,
11159,
-2,
17,
-2,
31,
-1,
11160,
-2,
17,
-2,
31,
