-1,
11161,
-2,
17,
-2,
31,
-1,
11162,
-2,
17,
-2,
31,
-1,
11163,
-2,
17,
-2,
31,
-1,
11164,
-2,
17,
-2,
31,
-1,
11165,
-2,
17,
-2,
31,
-1,
11166,
-2,
17,
-2,
31,
-1,
11167,
-2,
30,
-2,
31,
-1,
11168,
-2,
30,
-2,
31,
-1,
11169,
-2,
30,
-2,
31,
-1,
11170,
-2,
30,
-2,
31,
-1,
11171,
-2,
30,
-2,
31,
-1,
11172,
-2,
30,
-2,
31,
-1,
11173,
-2,
30,
-2,
31,
-1,
11174,
-2,
30,
-2,
17,
-1,
11175,
-2,
30,
-2,
17,
-1,
11176,
-2,
30,
-2,
17,
-1,
11177,
-2,
30,
-2,
17,
-1,
11178,
-2,
30,
-2,
17,
-1,
11179,
-2,
30,
-2,
17,
-1,
11180,
-2,
30,
-2,
17,
-1,
11181,
-2,
30,
-2,
17,
-1,
11182,
-2,
30,
-2,
17,
-1,
11183,
-2,
30,
-2,
17,
-1,
11184,
-2,
30,
-2,
17,
-1,
11185,
-2,
30,
-2,
17,
-1,
11186,
-2,
30,
-2,
17,
-1,
11187,
-2,
30,
-2,
17,
-1,
11188,
-2,
30,
-2,
17,
-1,
11189,
-2,
30,
-2,
31,
-1,
11190,
-2,
30,
-2,
31,
-1,
11191,
-2,
30,
-2,
31,
-1,
11192,
-2,
30,
-2,
31,
-1,
11193,
-2,
30,
-2,
31,
-1,
11194,
-2,
30,
-2,
31,
-1,
11195,
-2,
30,
-2,
31,
-1,
11196,
-2,
30,
-2,
17,
-1,
11197,
-2,
30,
-2,
17,
-1,
11198,
-2,
30,
-2,
17,
-1,
11199,
-2,
30,
-2,
17,
-1,
11200,
-2,
30,
-2,
17,
-1,
11201,
-2,
30,
-2,
17,
-1,
11202,
-2,
30,
-2,
17,
-1,
11203,
-2,
30,
-2,
17,
-1,
11204,
-2,
30,
-2,
17,
-1,
11205,
-2,
30,
-2,
17,
-1,
11206,
-2,
30,
-2,
17,
-1,
11207,
-2,
30,
-2,
17,
-1,
11208,
-2,
30,
-2,
17,
-1,
11209,
-2,
30,
-2,
17,
-1,
11210,
-2,
30,
-2,
17,
-1,
11211,
-2,
30,
-2,
17,
-1,
11212,
-2,
30,
-2,
17,
-1,
11213,
-2,
30,
-2,
17,
-1,
11214,
-2,
30,
-2,
17,
-1,
11215,
-2,
30,
-2,
17,
-1,
11216,
-2,
30,
-2,
17,
-1,
11217,
-2,
30,
-2,
17,
-1,
11218,
-2,
30,
-2,
17,
-1,
11219,
-2,
30,
-2,
17,
-1,
11220,
-2,
30,
-2,
17,
-1,
11221,
-2,
30,
-2,
31,
-1,
11222,
-2,
30,
-2,
31,
-1,
11223,
-2,
30,
-2,
31,
-1,
11224,
-2,
30,
-2,
17,
-1,
11225,
-2,
30,
-2,
17,
-1,
11226,
-2,
30,
-2,
17,
-1,
11227,
-2,
30,
-2,
17,
-1,
11228,
-2,
30,
-2,
17,
-1,
11229,
-2,
30,
-2,
17,
-1,
11230,
-2,
30,
-2,
17,
-1,
11231,
-2,
30,
-2,
17,
-1,
11232,
-2,
30,
-2,
17,
-1,
11233,
-2,
30,
-2,
17,
-1,
11234,
-2,
30,
-2,
17,
-1,
11235,
-2,
30,
-2,
17,
-1,
11236,
-2,
30,
-2,
17,
-1,
11237,
-2,
30,
-2,
31,
-1,
11238,
-2,
30,
-2,
31,
-1,
11239,
-2,
30,
-2,
31,
-1,
11240,
-2,
30,
-2,
31,
-1,
11241,
-2,
30,
-2,
31,
-1,
11242,
-2,
30,
-2,
31,
-1,
11243,
-2,
30,
-2,
31,
-1,
11244,
-2,
30,
-2,
31,
-1,
11245,
-2,
30,
-2,
31,
-1,
11246,
-2,
30,
-2,
31,
-1,
11247,
-2,
30,
-2,
31,
-1,
11248,
-2,
30,
-2,
31,
-1,
11249,
-2,
30,
-2,
31,
-1,
11250,
-2,
30,
-2,
31,
-1,
11251,
-2,
30,
-2,
31,
-1,
11252,
-2,
30,
-2,
31,
-1,
11253,
-2,
31,
-2,
17,
-1,
11254,
-2,
31,
-2,
17,
-1,
11255,
-2,
31,
-2,
17,
-1,
11256,
-2,
31,
-2,
17,
-1,
11257,
-2,
31,
-2,
17,
-1,
11258,
-2,
31,
-2,
17,
-1,
11259,
-2,
31,
-2,
31,
-1,
11260,
-2,
31,
-2,
31,
-1,
11261,
-2,
31,
-2,
31,
-1,
11262,
-2,
31,
-2,
31,
-1,
11263,
-2,
31,
-2,
31,
-1,
11264,
-2,
31,
-2,
17,
-1,
11265,
-2,
31,
-2,
31,
-1,
11266,
-2,
31,
-2,
31,
-1,
11267,
-2,
31,
-2,
31,
-1,
11268,
-2,
31,
-2,
31,
-1,
11269,
-2,
31,
-2,
31,
-1,
11270,
-2,
31,
-2,
31,
-1,
11271,
-2,
31,
-2,
31,
-1,
11272,
-2,
32,
-2,
31,
-1,
11273,
-2,
32,
-2,
31,
-1,
11274,
-2,
32,
-2,
31,
-1,
11275,
-2,
32,
-2,
31,
-1,
11276,
-2,
32,
-2,
31,
-1,
11277,
-2,
32,
-2,
31,
-1,
11278,
-2,
32,
-2,
31,
-1,
11279,
-2,
32,
-2,
31,
-1,
11280,
-2,
32,
-2,
31,
