-1,
11281,
-2,
32,
-2,
31,
-1,
11282,
-2,
32,
-2,
31,
-1,
11283,
-2,
32,
-2,
31,
-1,
11284,
-2,
32,
-2,
31,
-1,
11285,
-2,
32,
-2,
31,
-1,
11286,
-2,
32,
-2,
31,
-1,
11287,
-2,
32,
-2,
31,
-1,
11288,
-2,
32,
-2,
31,
-1,
11289,
-2,
32,
-2,
31,
-1,
11290,
-2,
32,
-2,
31,
-1,
11291,
-2,
32,
-2,
31,
-1,
11292,
-2,
32,
-2,
31,
-1,
11293,
-2,
32,
-2,
31,
-1,
11294,
-2,
32,
-2,
31,
-1,
11295,
-2,
32,
-2,
31,
-1,
11296,
-2,
32,
-2,
31,
-1,
11297,
-2,
32,
-2,
31,
-1,
11298,
-2,
32,
-2,
31,
-1,
11299,
-2,
32,
-2,
31,
-1,
11300,
-2,
32,
-2,
31,
-1,
11301,
-2,
32,
-2,
31,
-1,
11302,
-2,
32,
-2,
31,
-1,
11303,
-2,
32,
-2,
31,
-1,
11304,
-2,
32,
-2,
31,
-1,
11305,
-2,
32,
-2,
31,
-1,
11306,
-2,
32,
-2,
31,
-1,
11307,
-2,
32,
-2,
31,
-1,
11308,
-2,
32,
-2,
31,
-1,
11309,
-2,
32,
-2,
31,
-1,
11310,
-2,
32,
-2,
31,
-1,
11311,
-2,
32,
-2,
31,
-1,
11312,
-2,
32,
-2,
31,
-1,
11313,
-2,
32,
-2,
31,
-1,
11314,
-2,
32,
-2,
31,
-1,
11315,
-2,
32,
-2,
31,
-1,
11316,
-2,
32,
-2,
31,
-1,
11317,
-2,
32,
-2,
31,
-1,
11318,
-2,
32,
-2,
31,
-1,
11319,
-2,
32,
-2,
31,
-1,
11320,
-2,
32,
-2,
31,
-1,
11321,
-2,
32,
-2,
31,
-1,
11322,
-2,
32,
-2,
31,
-1,
11323,
-2,
32,
-2,
31,
-1,
11324,
-2,
32,
-2,
31,
-1,
11325,
-2,
32,
-2,
31,
-1,
11326,
-2,
32,
-2,
31,
-1,
11327,
-2,
31,
-2,
17,
-1,
11328,
-2,
31,
-2,
17,
-1,
11329,
-2,
30,
-2,
31,
-1,
11330,
-2,
30,
-2,
31,
-1,
11331,
-2,
30,
-2,
31,
-1,
11332,
-2,
30,
-2,
31,
-1,
11333,
-2,
30,
-2,
31,
-1,
11334,
-2,
30,
-2,
31,
-1,
11335,
-2,
30,
-2,
31,
-1,
11336,
-2,
30,
-2,
31,
-1,
11337,
-2,
30,
-2,
31,
-1,
11338,
-2,
30,
-2,
17,
-1,
11339,
-2,
30,
-2,
17,
-1,
11340,
-2,
30,
-2,
17,
-1,
11341,
-2,
30,
-2,
31,
-1,
11342,
-2,
30,
-2,
31,
-1,
11343,
-2,
30,
-2,
31,
-1,
11344,
-2,
30,
-2,
17,
-1,
11345,
-2,
30,
-2,
17,
-1,
11346,
-2,
30,
-2,
17,
-1,
11347,
-2,
30,
-2,
17,
-1,
11348,
-2,
30,
-2,
17,
-1,
11349,
-2,
30,
-2,
17,
-1,
11350,
-2,
30,
-2,
17,
-1,
11351,
-2,
30,
-2,
17,
-1,
11352,
-2,
30,
-2,
17,
-1,
11353,
-2,
30,
-2,
17,
-1,
11354,
-2,
30,
-2,
17,
-1,
11355,
-2,
30,
-2,
17,
-1,
11356,
-2,
30,
-2,
17,
-1,
11357,
-2,
30,
-2,
31,
-1,
11358,
-2,
30,
-2,
31,
-1,
11359,
-2,
30,
-2,
31,
-1,
11360,
-2,
30,
-2,
31,
-1,
11361,
-2,
30,
-2,
31,
-1,
11362,
-2,
30,
-2,
31,
-1,
11363,
-2,
30,
-2,
31,
-1,
11364,
-2,
30,
-2,
31,
-1,
11365,
-2,
30,
-2,
31,
-1,
11366,
-2,
30,
-2,
31,
-1,
11367,
-2,
30,
-2,
31,
-1,
11368,
-2,
30,
-2,
31,
-1,
11369,
-2,
30,
-2,
31,
-1,
11370,
-2,
30,
-2,
31,
-1,
11371,
-2,
30,
-2,
31,
-1,
11372,
-2,
30,
-2,
31,
-1,
11373,
-2,
30,
-2,
17,
-1,
11374,
-2,
30,
-2,
17,
-1,
11375,
-2,
30,
-2,
17,
-1,
11376,
-2,
30,
-2,
17,
-1,
11377,
-2,
30,
-2,
17,
-1,
11378,
-2,
30,
-2,
17,
-1,
11379,
-2,
30,
-2,
31,
-1,
11380,
-2,
30,
-2,
31,
-1,
11381,
-2,
30,
-2,
31,
-1,
11382,
-2,
30,
-2,
31,
-1,
11383,
-2,
30,
-2,
31,
-1,
11384,
-2,
30,
-2,
17,
-1,
11385,
-2,
30,
-2,
31,
-1,
11386,
-2,
30,
-2,
31,
-1,
11387,
-2,
30,
-2,
31,
-1,
11388,
-2,
30,
-2,
31,
-1,
11389,
-2,
30,
-2,
31,
-1,
11390,
-2,
30,
-2,
31,
-1,
11391,
-2,
30,
-2,
31,
-1,
11392,
-2,
30,
-2,
31,
-1,
11393,
-2,
30,
-2,
31,
-1,
11394,
-2,
30,
-2,
31,
-1,
11395,
-2,
30,
-2,
31,
-1,
11396,
-2,
30,
-2,
31,
-1,
11397,
-2,
30,
-2,
31,
-1,
11398,
-2,
30,
-2,
31,
-1,
11399,
-2,
30,
-2,
31,
-1,
11400,
-2,
30,
-2,
31,
