-1,
11401,
-2,
30,
-2,
31,
-1,
11402,
-2,
30,
-2,
31,
-1,
11403,
-2,
30,
-2,
31,
-1,
11404,
-2,
30,
-2,
31,
-1,
11405,
-2,
30,
-2,
31,
-1,
11406,
-2,
30,
-2,
31,
-1,
11407,
-2,
30,
-2,
31,
-1,
11408,
-2,
30,
-2,
31,
-1,
11409,
-2,
30,
-2,
31,
-1,
11410,
-2,
30,
-2,
31,
-1,
11411,
-2,
30,
-2,
31,
-1,
11412,
-2,
30,
-2,
31,
-1,
11413,
-2,
30,
-2,
31,
-1,
11414,
-2,
30,
-2,
31,
-1,
11415,
-2,
30,
-2,
31,
-1,
11416,
-2,
30,
-2,
31,
-1,
11417,
-2,
30,
-2,
31,
-1,
11418,
-2,
30,
-2,
31,
-1,
11419,
-2,
30,
-2,
31,
-1,
11420,
-2,
30,
-2,
31,
-1,
11421,
-2,
30,
-2,
31,
-1,
11422,
-2,
30,
-2,
31,
-1,
11423,
-2,
30,
-2,
31,
-1,
11424,
-2,
30,
-2,
31,
-1,
11425,
-2,
30,
-2,
31,
-1,
11426,
-2,
30,
-2,
31,
-1,
11427,
-2,
30,
-2,
31,
-1,
11428,
-2,
30,
-2,
31,
-1,
11429,
-2,
30,
-2,
31,
-1,
11430,
-2,
30,
-2,
31,
-1,
11431,
-2,
30,
-2,
31,
-1,
11432,
-2,
30,
-2,
31,
-1,
11433,
-2,
30,
-2,
31,
-1,
11434,
-2,
30,
-2,
31,
-1,
11435,
-2,
30,
-2,
31,
-1,
11436,
-2,
30,
-2,
31,
-1,
11437,
-2,
30,
-2,
31,
-1,
11438,
-2,
30,
-2,
31,
-1,
11439,
-2,
30,
-2,
31,
-1,
11440,
-2,
30,
-2,
31,
-1,
11441,
-2,
30,
-2,
31,
-1,
11442,
-2,
30,
-2,
31,
-1,
11443,
-2,
30,
-2,
17,
-1,
11444,
-2,
30,
-2,
17,
-1,
11445,
-2,
30,
-2,
17,
-1,
11446,
-2,
30,
-2,
17,
-1,
11447,
-2,
30,
-2,
17,
-1,
11448,
-2,
30,
-2,
17,
-1,
11449,
-2,
30,
-2,
17,
-1,
11450,
-2,
30,
-2,
17,
-1,
11451,
-2,
30,
-2,
17,
-1,
11452,
-2,
30,
-2,
17,
-1,
11453,
-2,
30,
-2,
17,
-1,
11454,
-2,
30,
-2,
17,
-1,
11455,
-2,
30,
-2,
17,
-1,
11456,
-2,
30,
-2,
17,
-1,
11457,
-2,
30,
-2,
17,
-1,
11458,
-2,
30,
-2,
17,
-1,
11459,
-2,
30,
-2,
17,
-1,
11460,
-2,
30,
-2,
17,
-1,
11461,
-2,
30,
-2,
17,
-1,
11462,
-2,
30,
-2,
17,
-1,
11463,
-2,
30,
-2,
17,
-1,
11464,
-2,
30,
-2,
17,
-1,
11465,
-2,
30,
-2,
17,
-1,
11466,
-2,
30,
-2,
17,
-1,
11467,
-2,
30,
-2,
17,
-1,
11468,
-2,
30,
-2,
17,
-1,
11469,
-2,
30,
-2,
17,
-1,
11470,
-2,
30,
-2,
17,
-1,
11471,
-2,
30,
-2,
17,
-1,
11472,
-2,
30,
-2,
17,
-1,
11473,
-2,
30,
-2,
17,
-1,
11474,
-2,
30,
-2,
17,
-1,
11475,
-2,
30,
-2,
17,
-1,
11476,
-2,
30,
-2,
17,
-1,
11477,
-2,
30,
-2,
31,
-1,
11478,
-2,
30,
-2,
31,
-1,
11479,
-2,
30,
-2,
31,
-1,
11480,
-2,
30,
-2,
31,
-1,
11481,
-2,
30,
-2,
31,
-1,
11482,
-2,
30,
-2,
31,
-1,
11483,
-2,
30,
-2,
31,
-1,
11484,
-2,
30,
-2,
31,
-1,
11485,
-2,
30,
-2,
31,
-1,
11486,
-2,
30,
-2,
31,
-1,
11487,
-2,
30,
-2,
31,
-1,
11488,
-2,
30,
-2,
31,
-1,
11489,
-2,
30,
-2,
31,
-1,
11490,
-2,
30,
-2,
31,
-1,
11491,
-2,
30,
-2,
31,
-1,
11492,
-2,
30,
-2,
31,
-1,
11493,
-2,
30,
-2,
17,
-1,
11494,
-2,
30,
-2,
17,
-1,
11495,
-2,
30,
-2,
17,
-1,
11496,
-2,
30,
-2,
17,
-1,
11497,
-2,
30,
-2,
17,
-1,
11498,
-2,
30,
-2,
17,
-1,
11499,
-2,
30,
-2,
17,
-1,
11500,
-2,
30,
-2,
17,
-1,
11501,
-2,
30,
-2,
17,
-1,
11502,
-2,
30,
-2,
17,
-1,
11503,
-2,
30,
-2,
17,
-1,
11504,
-2,
30,
-2,
17,
-1,
11505,
-2,
17,
-2,
31,
-1,
11506,
-2,
17,
-2,
31,
-1,
11507,
-2,
17,
-2,
31,
-1,
11508,
-2,
17,
-2,
31,
-1,
11509,
-2,
17,
-2,
31,
-1,
11510,
-2,
17,
-2,
31,
-1,
11511,
-2,
17,
-2,
31,
-1,
11512,
-2,
17,
-2,
31,
-1,
11513,
-2,
17,
-2,
31,
-1,
11514,
-2,
17,
-2,
31,
-1,
11515,
-2,
17,
-2,
31,
-1,
11516,
-2,
17,
-2,
31,
-1,
11517,
-2,
17,
-2,
31,
-1,
11518,
-2,
17,
-2,
31,
-1,
11519,
-2,
17,
-2,
31,
-1,
11520,
-2,
17,
-2,
31,
