-1,
11521,
-2,
17,
-2,
31,
-1,
11522,
-2,
17,
-2,
31,
-1,
11523,
-2,
17,
-2,
31,
-1,
11524,
-2,
17,
-2,
31,
-1,
11525,
-2,
17,
-2,
31,
-1,
11526,
-2,
17,
-2,
31,
-1,
11527,
-2,
17,
-2,
31,
-1,
11528,
-2,
17,
-2,
31,
-1,
11529,
-2,
17,
-2,
31,
-1,
11530,
-2,
17,
-2,
31,
-1,
11531,
-2,
17,
-2,
31,
-1,
11532,
-2,
17,
-2,
31,
-1,
11533,
-2,
17,
-2,
31,
-1,
11534,
-2,
17,
-2,
31,
-1,
11535,
-2,
17,
-2,
31,
-1,
11536,
-2,
17,
-2,
31,
-1,
11537,
-2,
17,
-2,
31,
-1,
11538,
-2,
17,
-2,
31,
-1,
11539,
-2,
17,
-2,
31,
-1,
11540,
-2,
17,
-2,
31,
-1,
11541,
-2,
17,
-2,
31,
-1,
11542,
-2,
17,
-2,
31,
-1,
11543,
-2,
17,
-2,
31,
-1,
11544,
-2,
17,
-2,
31,
-1,
11545,
-2,
17,
-2,
31,
-1,
11546,
-2,
17,
-2,
31,
-1,
11547,
-2,
17,
-2,
31,
-1,
11548,
-2,
17,
-2,
31,
-1,
11549,
-2,
17,
-2,
31,
-1,
11550,
-2,
17,
-2,
31,
-1,
11551,
-2,
17,
-2,
31,
-1,
11552,
-2,
17,
-2,
31,
-1,
11553,
-2,
17,
-2,
31,
-1,
11554,
-2,
17,
-2,
31,
-1,
11555,
-2,
30,
-2,
17,
-1,
11556,
-2,
30,
-2,
17,
-1,
11557,
-2,
30,
-2,
17,
-1,
11558,
-2,
30,
-2,
31,
-1,
11559,
-2,
30,
-2,
31,
-1,
11560,
-2,
30,
-2,
31,
-1,
11561,
-2,
30,
-2,
31,
-1,
11562,
-2,
30,
-2,
31,
-1,
11563,
-2,
30,
-2,
17,
-1,
11564,
-2,
30,
-2,
17,
-1,
11565,
-2,
30,
-2,
17,
-1,
11566,
-2,
30,
-2,
17,
-1,
11567,
-2,
30,
-2,
17,
-1,
11568,
-2,
30,
-2,
17,
-1,
11569,
-2,
30,
-2,
17,
-1,
11570,
-2,
30,
-2,
17,
-1,
11571,
-2,
30,
-2,
17,
-1,
11572,
-2,
30,
-2,
17,
-1,
11573,
-2,
30,
-2,
17,
-1,
11574,
-2,
30,
-2,
17,
-1,
11575,
-2,
30,
-2,
17,
-1,
11576,
-2,
30,
-2,
17,
-1,
11577,
-2,
30,
-2,
17,
-1,
11578,
-2,
30,
-2,
17,
-1,
11579,
-2,
30,
-2,
17,
-1,
11580,
-2,
30,
-2,
17,
-1,
11581,
-2,
30,
-2,
17,
-1,
11582,
-2,
30,
-2,
17,
-1,
11583,
-2,
30,
-2,
17,
-1,
11584,
-2,
30,
-2,
17,
-1,
11585,
-2,
30,
-2,
17,
-1,
11586,
-2,
30,
-2,
17,
-1,
11587,
-2,
30,
-2,
17,
-1,
11588,
-2,
30,
-2,
17,
-1,
11589,
-2,
30,
-2,
17,
-1,
11590,
-2,
30,
-2,
17,
-1,
11591,
-2,
30,
-2,
17,
-1,
11592,
-2,
30,
-2,
17,
-1,
11593,
-2,
30,
-2,
17,
-1,
11594,
-2,
30,
-2,
17,
-1,
11595,
-2,
30,
-2,
17,
-1,
11596,
-2,
30,
-2,
17,
-1,
11597,
-2,
30,
-2,
31,
-1,
11598,
-2,
30,
-2,
31,
-1,
11599,
-2,
30,
-2,
31,
-1,
11600,
-2,
30,
-2,
31,
-1,
11601,
-2,
30,
-2,
31,
-1,
11602,
-2,
30,
-2,
31,
-1,
11603,
-2,
30,
-2,
31,
-1,
11604,
-2,
30,
-2,
31,
-1,
11605,
-2,
30,
-2,
31,
-1,
11606,
-2,
30,
-2,
31,
-1,
11607,
-2,
30,
-2,
31,
-1,
11608,
-2,
30,
-2,
31,
-1,
11609,
-2,
30,
-2,
31,
-1,
11610,
-2,
30,
-2,
31,
-1,
11611,
-2,
30,
-2,
31,
-1,
11612,
-2,
30,
-2,
31,
-1,
11613,
-2,
30,
-2,
17,
-1,
11614,
-2,
30,
-2,
17,
-1,
11615,
-2,
30,
-2,
17,
-1,
11616,
-2,
30,
-2,
17,
-1,
11617,
-2,
30,
-2,
17,
-1,
11618,
-2,
30,
-2,
17,
-1,
11619,
-2,
30,
-2,
17,
-1,
11620,
-2,
30,
-2,
17,
-1,
11621,
-2,
30,
-2,
17,
-1,
11622,
-2,
30,
-2,
17,
-1,
11623,
-2,
30,
-2,
17,
-1,
11624,
-2,
30,
-2,
17,
-1,
11625,
-2,
30,
-2,
31,
-1,
11626,
-2,
30,
-2,
31,
-1,
11627,
-2,
30,
-2,
31,
-1,
11628,
-2,
30,
-2,
31,
-1,
11629,
-2,
30,
-2,
31,
-1,
11630,
-2,
30,
-2,
31,
-1,
11631,
-2,
30,
-2,
31,
-1,
11632,
-2,
30,
-2,
31,
-1,
11633,
-2,
30,
-2,
31,
-1,
11634,
-2,
30,
-2,
31,
-1,
11635,
-2,
17,
-2,
31,
-1,
11636,
-2,
17,
-2,
31,
-1,
11637,
-2,
17,
-2,
31,
-1,
11638,
-2,
17,
-2,
31,
-1,
11639,
-2,
31,
-2,
31,
-1,
11640,
-2,
31,
-2,
31,
