-1,
11641,
-2,
31,
-2,
31,
-1,
11642,
-2,
31,
-2,
31,
-1,
11643,
-2,
31,
-2,
31,
-1,
11644,
-2,
31,
-2,
31,
-1,
11645,
-2,
31,
-2,
31,
-1,
11646,
-2,
31,
-2,
31,
-1,
11647,
-2,
31,
-2,
31,
-1,
11648,
-2,
31,
-2,
31,
-1,
11649,
-2,
31,
-2,
31,
-1,
11650,
-2,
31,
-2,
31,
-1,
11651,
-2,
31,
-2,
31,
-1,
11652,
-2,
31,
-2,
31,
-1,
11653,
-2,
31,
-2,
31,
-1,
11654,
-2,
31,
-2,
31,
-1,
11655,
-2,
31,
-2,
31,
-1,
11656,
-2,
31,
-2,
31,
-1,
11657,
-2,
31,
-2,
31,
-1,
11658,
-2,
31,
-2,
31,
-1,
11659,
-2,
31,
-2,
31,
-1,
11660,
-2,
31,
-2,
31,
-1,
11661,
-2,
31,
-2,
31,
-1,
11662,
-2,
31,
-2,
31,
-1,
11663,
-2,
31,
-2,
31,
-1,
11664,
-2,
31,
-2,
31,
-1,
11665,
-2,
31,
-2,
31,
-1,
11666,
-2,
31,
-2,
31,
-1,
11667,
-2,
31,
-2,
31,
-1,
11668,
-2,
31,
-2,
31,
-1,
11669,
-2,
31,
-2,
31,
-1,
11670,
-2,
31,
-2,
31,
-1,
11671,
-2,
31,
-2,
31,
-1,
11672,
-2,
31,
-2,
31,
-1,
11673,
-2,
31,
-2,
31,
-1,
11674,
-2,
31,
-2,
31,
-1,
11675,
-2,
31,
-2,
17,
-1,
11676,
-2,
31,
-2,
17,
-1,
11677,
-2,
31,
-2,
17,
-1,
11678,
-2,
31,
-2,
31,
-1,
11679,
-2,
31,
-2,
31,
-1,
11680,
-2,
31,
-2,
31,
-1,
11681,
-2,
31,
-2,
31,
-1,
11682,
-2,
31,
-2,
31,
-1,
11683,
-2,
31,
-2,
17,
-1,
11684,
-2,
31,
-2,
17,
-1,
11685,
-2,
31,
-2,
17,
-1,
11686,
-2,
31,
-2,
17,
-1,
11687,
-2,
31,
-2,
17,
-1,
11688,
-2,
31,
-2,
17,
-1,
11689,
-2,
31,
-2,
17,
-1,
11690,
-2,
31,
-2,
17,
-1,
11691,
-2,
31,
-2,
17,
-1,
11692,
-2,
31,
-2,
17,
-1,
11693,
-2,
31,
-2,
17,
-1,
11694,
-2,
31,
-2,
17,
-1,
11695,
-2,
31,
-2,
17,
-1,
11696,
-2,
31,
-2,
17,
-1,
11697,
-2,
31,
-2,
17,
-1,
11698,
-2,
31,
-2,
17,
-1,
11699,
-2,
31,
-2,
17,
-1,
11700,
-2,
31,
-2,
17,
-1,
11701,
-2,
31,
-2,
17,
-1,
11702,
-2,
31,
-2,
17,
-1,
11703,
-2,
30,
-2,
31,
-1,
11704,
-2,
30,
-2,
31,
-1,
11705,
-2,
30,
-2,
31,
-1,
11706,
-2,
30,
-2,
31,
-1,
11707,
-2,
30,
-2,
17,
-1,
11708,
-2,
30,
-2,
17,
-1,
11709,
-2,
30,
-2,
17,
-1,
11710,
-2,
30,
-2,
17,
-1,
11711,
-2,
30,
-2,
17,
-1,
11712,
-2,
30,
-2,
17,
-1,
11713,
-2,
30,
-2,
17,
-1,
11714,
-2,
30,
-2,
17,
-1,
11715,
-2,
30,
-2,
17,
-1,
11716,
-2,
30,
-2,
17,
-1,
11717,
-2,
30,
-2,
31,
-1,
11718,
-2,
30,
-2,
31,
-1,
11719,
-2,
30,
-2,
31,
-1,
11720,
-2,
30,
-2,
31,
-1,
11721,
-2,
30,
-2,
31,
-1,
11722,
-2,
30,
-2,
31,
-1,
11723,
-2,
30,
-2,
31,
-1,
11724,
-2,
30,
-2,
31,
-1,
11725,
-2,
30,
-2,
31,
-1,
11726,
-2,
30,
-2,
31,
-1,
11727,
-2,
30,
-2,
31,
-1,
11728,
-2,
30,
-2,
31,
-1,
11729,
-2,
30,
-2,
31,
-1,
11730,
-2,
30,
-2,
31,
-1,
11731,
-2,
30,
-2,
31,
-1,
11732,
-2,
30,
-2,
31,
-1,
11733,
-2,
30,
-2,
17,
-1,
11734,
-2,
30,
-2,
17,
-1,
11735,
-2,
30,
-2,
17,
-1,
11736,
-2,
30,
-2,
17,
-1,
11737,
-2,
30,
-2,
17,
-1,
11738,
-2,
30,
-2,
17,
-1,
11739,
-2,
30,
-2,
17,
-1,
11740,
-2,
30,
-2,
17,
-1,
11741,
-2,
30,
-2,
17,
-1,
11742,
-2,
30,
-2,
17,
-1,
11743,
-2,
30,
-2,
17,
-1,
11744,
-2,
30,
-2,
17,
-1,
11745,
-2,
30,
-2,
17,
-1,
11746,
-2,
30,
-2,
17,
-1,
11747,
-2,
30,
-2,
17,
-1,
11748,
-2,
30,
-2,
17,
-1,
11749,
-2,
30,
-2,
17,
-1,
11750,
-2,
30,
-2,
17,
-1,
11751,
-2,
30,
-2,
17,
-1,
11752,
-2,
30,
-2,
17,
-1,
11753,
-2,
30,
-2,
17,
-1,
11754,
-2,
30,
-2,
17,
-1,
11755,
-2,
30,
-2,
17,
-1,
11756,
-2,
30,
-2,
17,
-1,
11757,
-2,
30,
-2,
17,
-1,
11758,
-2,
30,
-2,
17,
-1,
11759,
-2,
30,
-2,
17,
-1,
11760,
-2,
30,
-2,
17,
