-1,
11761,
-2,
30,
-2,
17,
-1,
11762,
-2,
30,
-2,
17,
-1,
11763,
-2,
30,
-2,
17,
-1,
11764,
-2,
30,
-2,
17,
-1,
11765,
-2,
30,
-2,
17,
-1,
11766,
-2,
30,
-2,
17,
-1,
11767,
-2,
30,
-2,
17,
-1,
11768,
-2,
30,
-2,
17,
-1,
11769,
-2,
30,
-2,
17,
-1,
11770,
-2,
30,
-2,
17,
-1,
11771,
-2,
30,
-2,
17,
-1,
11772,
-2,
30,
-2,
17,
-1,
11773,
-2,
30,
-2,
17,
-1,
11774,
-2,
30,
-2,
17,
-1,
11775,
-2,
30,
-2,
17,
-1,
11776,
-2,
30,
-2,
17,
-1,
11777,
-2,
30,
-2,
17,
-1,
11778,
-2,
30,
-2,
17,
-1,
11779,
-2,
17,
-2,
31,
-1,
11780,
-2,
17,
-2,
31,
-1,
11781,
-2,
17,
-2,
31,
-1,
11782,
-2,
17,
-2,
31,
-1,
11783,
-2,
17,
-2,
31,
-1,
11784,
-2,
17,
-2,
31,
-1,
11785,
-2,
17,
-2,
31,
-1,
11786,
-2,
17,
-2,
31,
-1,
11787,
-2,
17,
-2,
31,
-1,
11788,
-2,
17,
-2,
31,
-1,
11789,
-2,
30,
-2,
17,
-1,
11790,
-2,
30,
-2,
17,
-1,
11791,
-2,
30,
-2,
17,
-1,
11792,
-2,
30,
-2,
17,
-1,
11793,
-2,
30,
-2,
17,
-1,
11794,
-2,
30,
-2,
17,
-1,
11795,
-2,
30,
-2,
17,
-1,
11796,
-2,
30,
-2,
17,
-1,
11797,
-2,
30,
-2,
17,
-1,
11798,
-2,
30,
-2,
17,
-1,
11799,
-2,
30,
-2,
17,
-1,
11800,
-2,
30,
-2,
17,
-1,
11801,
-2,
30,
-2,
17,
-1,
11802,
-2,
30,
-2,
17,
-1,
11803,
-2,
30,
-2,
17,
-1,
11804,
-2,
30,
-2,
17,
-1,
11805,
-2,
30,
-2,
17,
-1,
11806,
-2,
30,
-2,
17,
-1,
11807,
-2,
30,
-2,
17,
-1,
11808,
-2,
30,
-2,
17,
-1,
11809,
-2,
30,
-2,
17,
-1,
11810,
-2,
30,
-2,
17,
-1,
11811,
-2,
30,
-2,
17,
-1,
11812,
-2,
30,
-2,
17,
-1,
11813,
-2,
30,
-2,
17,
-1,
11814,
-2,
30,
-2,
17,
-1,
11815,
-2,
30,
-2,
17,
-1,
11816,
-2,
30,
-2,
17,
-1,
11817,
-2,
30,
-2,
17,
-1,
11818,
-2,
30,
-2,
17,
-1,
11819,
-2,
30,
-2,
17,
-1,
11820,
-2,
30,
-2,
17,
-1,
11821,
-2,
30,
-2,
17,
-1,
11822,
-2,
30,
-2,
17,
-1,
11823,
-2,
30,
-2,
31,
-1,
11824,
-2,
30,
-2,
31,
-1,
11825,
-2,
30,
-2,
31,
-1,
11826,
-2,
30,
-2,
31,
-1,
11827,
-2,
30,
-2,
17,
-1,
11828,
-2,
30,
-2,
17,
-1,
11829,
-2,
30,
-2,
17,
-1,
11830,
-2,
30,
-2,
17,
-1,
11831,
-2,
30,
-2,
17,
-1,
11832,
-2,
30,
-2,
17,
-1,
11833,
-2,
30,
-2,
17,
-1,
11834,
-2,
30,
-2,
17,
-1,
11835,
-2,
30,
-2,
17,
-1,
11836,
-2,
30,
-2,
17,
-1,
11837,
-2,
30,
-2,
31,
-1,
11838,
-2,
30,
-2,
31,
-1,
11839,
-2,
30,
-2,
31,
-1,
11840,
-2,
30,
-2,
31,
-1,
11841,
-2,
30,
-2,
31,
-1,
11842,
-2,
30,
-2,
31,
-1,
11843,
-2,
30,
-2,
31,
-1,
11844,
-2,
30,
-2,
31,
-1,
11845,
-2,
30,
-2,
31,
-1,
11846,
-2,
30,
-2,
31,
-1,
11847,
-2,
30,
-2,
17,
-1,
11848,
-2,
30,
-2,
17,
-1,
11849,
-2,
30,
-2,
17,
-1,
11850,
-2,
30,
-2,
17,
-1,
11851,
-2,
30,
-2,
17,
-1,
11852,
-2,
30,
-2,
17,
-1,
11853,
-2,
30,
-2,
17,
-1,
11854,
-2,
30,
-2,
17,
-1,
11855,
-2,
30,
-2,
17,
-1,
11856,
-2,
30,
-2,
17,
-1,
11857,
-2,
30,
-2,
17,
-1,
11858,
-2,
30,
-2,
17,
-1,
11859,
-2,
30,
-2,
17,
-1,
11860,
-2,
30,
-2,
17,
-1,
11861,
-2,
30,
-2,
17,
-1,
11862,
-2,
30,
-2,
17,
-1,
11863,
-2,
30,
-2,
17,
-1,
11864,
-2,
30,
-2,
17,
-1,
11865,
-2,
30,
-2,
17,
-1,
11866,
-2,
30,
-2,
17,
-1,
11867,
-2,
30,
-2,
17,
-1,
11868,
-2,
30,
-2,
17,
-1,
11869,
-2,
30,
-2,
17,
-1,
11870,
-2,
30,
-2,
17,
-1,
11871,
-2,
30,
-2,
17,
-1,
11872,
-2,
30,
-2,
17,
-1,
11873,
-2,
30,
-2,
17,
-1,
11874,
-2,
30,
-2,
17,
-1,
11875,
-2,
30,
-2,
17,
-1,
11876,
-2,
30,
-2,
17,
-1,
11877,
-2,
30,
-2,
17,
-1,
11878,
-2,
30,
-2,
17,
-1,
11879,
-2,
30,
-2,
17,
-1,
11880,
-2,
30,
-2,
17,
