-1,
11881,
-2,
30,
-2,
17,
-1,
11882,
-2,
30,
-2,
17,
-1,
11883,
-2,
30,
-2,
17,
-1,
11884,
-2,
30,
-2,
17,
-1,
11885,
-2,
30,
-2,
17,
-1,
11886,
-2,
30,
-2,
17,
-1,
11887,
-2,
30,
-2,
17,
-1,
11888,
-2,
30,
-2,
17,
-1,
11889,
-2,
30,
-2,
17,
-1,
11890,
-2,
30,
-2,
17,
-1,
11891,
-2,
30,
-2,
17,
-1,
11892,
-2,
30,
-2,
17,
-1,
11893,
-2,
30,
-2,
17,
-1,
11894,
-2,
30,
-2,
17,
-1,
11895,
-2,
30,
-2,
17,
-1,
11896,
-2,
30,
-2,
17,
-1,
11897,
-2,
30,
-2,
17,
-1,
11898,
-2,
30,
-2,
17,
-1,
11899,
-2,
30,
-2,
31,
-1,
11900,
-2,
30,
-2,
31,
-1,
11901,
-2,
30,
-2,
31,
-1,
11902,
-2,
30,
-2,
31,
-1,
11903,
-2,
30,
-2,
31,
-1,
11904,
-2,
30,
-2,
31,
-1,
11905,
-2,
30,
-2,
31,
-1,
11906,
-2,
30,
-2,
31,
-1,
11907,
-2,
30,
-2,
31,
-1,
11908,
-2,
30,
-2,
31,
-1,
11909,
-2,
30,
-2,
31,
-1,
11910,
-2,
30,
-2,
31,
-1,
11911,
-2,
30,
-2,
31,
-1,
11912,
-2,
30,
-2,
31,
-1,
11913,
-2,
30,
-2,
31,
-1,
11914,
-2,
31,
-2,
17,
-1,
11915,
-2,
31,
-2,
17,
-1,
11916,
-2,
31,
-2,
17,
-1,
11917,
-2,
31,
-2,
17,
-1,
11918,
-2,
31,
-2,
17,
-1,
11919,
-2,
31,
-2,
17,
-1,
11920,
-2,
31,
-2,
17,
-1,
11921,
-2,
31,
-2,
17,
-1,
11922,
-2,
31,
-2,
17,
-1,
11923,
-2,
31,
-2,
17,
-1,
11924,
-2,
31,
-2,
17,
-1,
11925,
-2,
31,
-2,
17,
-1,
11926,
-2,
31,
-2,
17,
-1,
11927,
-2,
31,
-2,
17,
-1,
11928,
-2,
31,
-2,
17,
-1,
11929,
-2,
31,
-2,
17,
-1,
11930,
-2,
31,
-2,
17,
-1,
11931,
-2,
31,
-2,
17,
-1,
11932,
-2,
31,
-2,
17,
-1,
11933,
-2,
31,
-2,
17,
-1,
11934,
-2,
31,
-2,
17,
-1,
11935,
-2,
31,
-2,
17,
-1,
11936,
-2,
31,
-2,
17,
-1,
11937,
-2,
31,
-2,
17,
-1,
11938,
-2,
31,
-2,
17,
-1,
11939,
-2,
31,
-2,
17,
-1,
11940,
-2,
31,
-2,
17,
-1,
11941,
-2,
31,
-2,
17,
-1,
11942,
-2,
31,
-2,
17,
-1,
11943,
-2,
31,
-2,
31,
-1,
11944,
-2,
31,
-2,
31,
-1,
11945,
-2,
31,
-2,
31,
-1,
11946,
-2,
31,
-2,
31,
-1,
11947,
-2,
31,
-2,
17,
-1,
11948,
-2,
31,
-2,
17,
-1,
11949,
-2,
31,
-2,
17,
-1,
11950,
-2,
31,
-2,
17,
-1,
11951,
-2,
31,
-2,
17,
-1,
11952,
-2,
31,
-2,
17,
-1,
11953,
-2,
31,
-2,
17,
-1,
11954,
-2,
31,
-2,
17,
-1,
11955,
-2,
31,
-2,
17,
-1,
11956,
-2,
31,
-2,
17,
-1,
11957,
-2,
31,
-2,
31,
-1,
11958,
-2,
31,
-2,
31,
-1,
11959,
-2,
31,
-2,
31,
-1,
11960,
-2,
31,
-2,
31,
-1,
11961,
-2,
31,
-2,
31,
-1,
11962,
-2,
31,
-2,
31,
-1,
11963,
-2,
31,
-2,
31,
-1,
11964,
-2,
31,
-2,
31,
-1,
11965,
-2,
31,
-2,
31,
-1,
11966,
-2,
31,
-2,
31,
-1,
11967,
-2,
31,
-2,
17,
-1,
11968,
-2,
31,
-2,
17,
-1,
11969,
-2,
31,
-2,
17,
-1,
11970,
-2,
31,
-2,
17,
-1,
11971,
-2,
31,
-2,
17,
-1,
11972,
-2,
31,
-2,
17,
-1,
11973,
-2,
31,
-2,
17,
-1,
11974,
-2,
31,
-2,
17,
-1,
11975,
-2,
31,
-2,
17,
-1,
11976,
-2,
31,
-2,
17,
-1,
11977,
-2,
31,
-2,
17,
-1,
11978,
-2,
31,
-2,
17,
-1,
11979,
-2,
30,
-2,
31,
-1,
11980,
-2,
30,
-2,
31,
-1,
11981,
-2,
30,
-2,
31,
-1,
11982,
-2,
30,
-2,
31,
-1,
11983,
-2,
30,
-2,
17,
-1,
11984,
-2,
30,
-2,
17,
-1,
11985,
-2,
30,
-2,
17,
-1,
11986,
-2,
30,
-2,
17,
-1,
11987,
-2,
30,
-2,
17,
-1,
11988,
-2,
30,
-2,
17,
-1,
11989,
-2,
30,
-2,
17,
-1,
11990,
-2,
30,
-2,
17,
-1,
11991,
-2,
30,
-2,
17,
-1,
11992,
-2,
30,
-2,
17,
-1,
11993,
-2,
30,
-2,
17,
-1,
11994,
-2,
30,
-2,
17,
-1,
11995,
-2,
30,
-2,
17,
-1,
11996,
-2,
30,
-2,
17,
-1,
11997,
-2,
30,
-2,
17,
-1,
11998,
-2,
30,
-2,
17,
-1,
11999,
-2,
30,
-2,
17,
-1,
12000,
-2,
30,
-2,
17,
