-1,
1201,
-2,
32,
-2,
31,
-1,
1202,
-2,
32,
-2,
31,
-1,
1203,
-2,
32,
-2,
31,
-1,
1204,
-2,
32,
-2,
31,
-1,
1205,
-2,
32,
-2,
31,
-1,
1206,
-2,
32,
-2,
31,
-1,
1207,
-2,
32,
-2,
31,
-1,
1208,
-2,
30,
-2,
31,
-1,
1209,
-2,
30,
-2,
31,
-1,
1210,
-2,
30,
-2,
31,
-1,
1211,
-2,
30,
-2,
31,
-1,
1212,
-2,
30,
-2,
31,
-1,
1213,
-2,
30,
-2,
31,
-1,
1214,
-2,
30,
-2,
31,
-1,
1215,
-2,
30,
-2,
31,
-1,
1216,
-2,
30,
-2,
31,
-1,
1217,
-2,
30,
-2,
31,
-1,
1218,
-2,
30,
-2,
31,
-1,
1219,
-2,
30,
-2,
31,
-1,
1220,
-2,
30,
-2,
31,
-1,
1221,
-2,
30,
-2,
31,
-1,
1222,
-2,
30,
-2,
31,
-1,
1223,
-2,
30,
-2,
31,
-1,
1224,
-2,
30,
-2,
31,
-1,
1225,
-2,
30,
-2,
31,
-1,
1226,
-2,
30,
-2,
17,
-1,
1227,
-2,
30,
-2,
31,
-1,
1228,
-2,
30,
-2,
31,
-1,
1229,
-2,
30,
-2,
31,
-1,
1230,
-2,
30,
-2,
31,
-1,
1231,
-2,
30,
-2,
31,
-1,
1232,
-2,
30,
-2,
31,
-1,
1233,
-2,
30,
-2,
31,
-1,
1234,
-2,
30,
-2,
31,
-1,
1235,
-2,
17,
-1,
1236,
-2,
30,
-1,
1237,
-2,
30,
-1,
1238,
-2,
30,
-1,
1239,
-2,
30,
-1,
1240,
-2,
30,
-1,
1241,
-2,
30,
-1,
1242,
-2,
30,
-1,
1243,
-2,
30,
-1,
1244,
-2,
30,
-1,
1245,
-2,
30,
-1,
1246,
-2,
30,
-1,
1247,
-2,
30,
-2,
17,
-1,
1248,
-2,
30,
-2,
17,
-1,
1249,
-2,
30,
-2,
17,
-1,
1250,
-2,
30,
-2,
17,
-1,
1251,
-2,
30,
-2,
17,
-1,
1252,
-2,
30,
-2,
17,
-1,
1253,
-2,
57,
-2,
30,
-2,
17,
-1,
1254,
-2,
30,
-2,
17,
-1,
1255,
-2,
30,
-2,
17,
-1,
1256,
-2,
17,
-1,
1257,
-2,
57,
-1,
1258,
-2,
32,
-1,
1259,
-2,
32,
-1,
1260,
-2,
32,
-1,
1261,
-2,
32,
-1,
1262,
-2,
32,
-1,
1263,
-2,
32,
-1,
1264,
-2,
32,
-1,
1265,
-2,
32,
-1,
1266,
-2,
32,
-1,
1267,
-2,
32,
-1,
1268,
-2,
32,
-1,
1269,
-2,
32,
-1,
1270,
-2,
32,
-1,
1271,
-2,
32,
-1,
1272,
-2,
32,
-1,
1273,
-2,
32,
-1,
1274,
-2,
32,
-1,
1275,
-2,
32,
-1,
1276,
-2,
32,
-1,
1277,
-2,
32,
-1,
1278,
-2,
32,
-1,
1279,
-2,
32,
-1,
1280,
-2,
32,
-1,
1281,
-2,
32,
-1,
1282,
-2,
32,
-1,
1283,
-2,
32,
-1,
1284,
-2,
32,
-1,
1285,
-2,
32,
-1,
1286,
-2,
32,
-1,
1287,
-2,
32,
-1,
1288,
-2,
32,
-1,
1289,
-2,
32,
-1,
1290,
-2,
32,
-1,
1291,
-2,
32,
-1,
1292,
-2,
32,
-1,
1293,
-2,
32,
-1,
1294,
-2,
32,
-1,
1295,
-2,
32,
-1,
1296,
-2,
32,
-1,
1297,
-2,
31,
-1,
1298,
-2,
31,
-1,
1299,
-2,
31,
-1,
1300,
-2,
31,
-1,
1301,
-2,
31,
-1,
1302,
-2,
31,
-1,
1303,
-2,
31,
-1,
1304,
-2,
31,
-1,
1305,
-2,
31,
-1,
1306,
-2,
31,
-1,
1307,
-2,
31,
-1,
1308,
-2,
31,
-1,
1309,
-2,
31,
-1,
1310,
-2,
31,
-1,
1311,
-2,
31,
-1,
1312,
-2,
31,
-1,
1313,
-2,
31,
-1,
1314,
-2,
31,
-1,
1315,
-2,
32,
-2,
31,
-1,
1316,
-2,
32,
-2,
31,
-1,
1317,
-2,
32,
-2,
31,
-1,
1318,
-2,
32,
-2,
31,
-1,
1319,
-2,
32,
-2,
31,
-1,
1320,
-2,
32,
-2,
31,
