-1,
1321,
-2,
32,
-2,
31,
-1,
1322,
-2,
32,
-2,
31,
-1,
1323,
-2,
32,
-2,
31,
-1,
1324,
-2,
32,
-2,
31,
-1,
1325,
-2,
32,
-2,
31,
-1,
1326,
-2,
32,
-2,
31,
-1,
1327,
-2,
32,
-2,
31,
-1,
1328,
-2,
30,
-2,
31,
-1,
1329,
-2,
30,
-2,
31,
-1,
1330,
-2,
30,
-2,
31,
-1,
1331,
-2,
30,
-2,
31,
-1,
1332,
-2,
30,
-2,
31,
-1,
1333,
-2,
30,
-2,
31,
-1,
1334,
-2,
30,
-2,
31,
-1,
1335,
-2,
17,
-2,
31,
-1,
1336,
-2,
17,
-2,
31,
-1,
1337,
-2,
17,
-2,
31,
-1,
1338,
-2,
17,
-2,
31,
-1,
1339,
-2,
17,
-2,
31,
-1,
1340,
-2,
17,
-2,
31,
-1,
1341,
-2,
17,
-2,
31,
-1,
1342,
-2,
17,
-2,
31,
-1,
1343,
-2,
17,
-2,
31,
-1,
1344,
-2,
17,
-2,
31,
-1,
1345,
-2,
17,
-2,
31,
-1,
1346,
-2,
30,
-2,
17,
-1,
1347,
-2,
30,
-2,
31,
-1,
1348,
-2,
30,
-2,
31,
-1,
1349,
-2,
30,
-2,
31,
-1,
1350,
-2,
30,
-2,
31,
-1,
1351,
-2,
30,
-2,
31,
-1,
1352,
-2,
30,
-2,
31,
-1,
1353,
-2,
30,
-2,
31,
-1,
1354,
-2,
30,
-2,
31,
-1,
1355,
-2,
17,
-1,
1356,
-2,
30,
-1,
1357,
-2,
30,
-1,
1358,
-2,
30,
-1,
1359,
-2,
30,
-1,
1360,
-2,
30,
-1,
1361,
-2,
30,
-1,
1362,
-2,
30,
-1,
1363,
-2,
30,
-1,
1364,
-2,
30,
-1,
1365,
-2,
30,
-1,
1366,
-2,
30,
-1,
1367,
-2,
30,
-2,
17,
-1,
1368,
-2,
17,
-2,
17,
-1,
1369,
-2,
17,
-2,
17,
-1,
1370,
-2,
17,
-2,
17,
-1,
1371,
-2,
17,
-2,
17,
-1,
1372,
-2,
17,
-2,
17,
-1,
1373,
-2,
17,
-2,
30,
-2,
17,
-1,
1374,
-2,
17,
-2,
17,
-1,
1375,
-2,
17,
-2,
17,
-1,
1376,
-2,
17,
-1,
1377,
-2,
17,
-1,
1378,
-2,
17,
-1,
1379,
-2,
17,
-1,
1380,
-2,
17,
-1,
1381,
-2,
17,
-1,
1382,
-2,
17,
-1,
1383,
-2,
17,
-1,
1384,
-2,
17,
-1,
1385,
-2,
17,
-1,
1386,
-2,
17,
-1,
1387,
-2,
17,
-1,
1388,
-2,
17,
-1,
1389,
-2,
17,
-1,
1390,
-2,
17,
-1,
1391,
-2,
17,
-1,
1392,
-2,
17,
-1,
1393,
-2,
17,
-1,
1394,
-2,
32,
-1,
1395,
-2,
32,
-1,
1396,
-2,
32,
-1,
1397,
-2,
32,
-1,
1398,
-2,
32,
-1,
1399,
-2,
32,
-1,
1400,
-2,
32,
-1,
1401,
-2,
32,
-1,
1402,
-2,
32,
-1,
1403,
-2,
32,
-1,
1404,
-2,
32,
-1,
1405,
-2,
32,
-1,
1406,
-2,
32,
-1,
1407,
-2,
31,
-1,
1408,
-2,
31,
-1,
1409,
-2,
31,
-1,
1410,
-2,
31,
-1,
1411,
-2,
31,
-1,
1412,
-2,
31,
-1,
1413,
-2,
31,
-1,
1414,
-2,
31,
-1,
1415,
-2,
31,
-1,
1416,
-2,
31,
-1,
1417,
-2,
31,
-1,
1418,
-2,
31,
-1,
1419,
-2,
31,
-1,
1420,
-2,
31,
-1,
1421,
-2,
31,
-1,
1422,
-2,
31,
-1,
1423,
-2,
31,
-1,
1424,
-2,
31,
-1,
1425,
-2,
31,
-1,
1426,
-2,
31,
-1,
1427,
-2,
31,
-1,
1428,
-2,
31,
-1,
1429,
-2,
31,
-1,
1430,
-2,
31,
-1,
1431,
-2,
31,
-1,
1432,
-2,
31,
-1,
1433,
-2,
31,
-1,
1434,
-2,
31,
-1,
1435,
-2,
32,
-2,
31,
-1,
1436,
-2,
32,
-2,
31,
-1,
1437,
-2,
32,
-2,
31,
-1,
1438,
-2,
32,
-2,
31,
-1,
1439,
-2,
32,
-2,
31,
-1,
1440,
-2,
32,
-2,
31,
