-1,
1561,
-2,
32,
-2,
31,
-1,
1562,
-2,
32,
-2,
31,
-1,
1563,
-2,
32,
-2,
31,
-1,
1564,
-2,
32,
-2,
31,
-1,
1565,
-2,
32,
-2,
31,
-1,
1566,
-2,
32,
-2,
31,
-1,
1567,
-2,
17,
-2,
31,
-1,
1568,
-2,
17,
-2,
31,
-1,
1569,
-2,
17,
-2,
31,
-1,
1570,
-2,
17,
-2,
31,
-1,
1571,
-2,
57,
-2,
17,
-1,
1572,
-2,
17,
-2,
31,
-1,
1573,
-2,
17,
-2,
31,
-1,
1574,
-2,
17,
-2,
31,
-1,
1575,
-2,
17,
-2,
31,
-1,
1576,
-2,
17,
-2,
31,
-1,
1577,
-2,
17,
-2,
31,
-1,
1578,
-2,
17,
-2,
31,
-1,
1579,
-2,
17,
-2,
31,
-1,
1580,
-2,
17,
-2,
31,
-1,
1581,
-2,
17,
-2,
31,
-1,
1582,
-2,
17,
-2,
31,
-1,
1583,
-2,
17,
-2,
31,
-1,
1584,
-2,
17,
-2,
31,
-1,
1585,
-2,
17,
-2,
31,
-1,
1586,
-2,
17,
-2,
17,
-1,
1587,
-2,
17,
-2,
31,
-1,
1588,
-2,
17,
-2,
31,
-1,
1589,
-2,
17,
-2,
31,
-1,
1590,
-2,
30,
-2,
31,
-1,
1591,
-2,
30,
-2,
31,
-1,
1592,
-2,
30,
-2,
31,
-1,
1593,
-2,
30,
-2,
31,
-1,
1594,
-2,
30,
-2,
31,
-1,
1595,
-2,
17,
-1,
1596,
-2,
30,
-1,
1597,
-2,
30,
-1,
1598,
-2,
31,
-1,
1599,
-2,
31,
-1,
1600,
-2,
31,
-1,
1601,
-2,
31,
-1,
1602,
-2,
31,
-1,
1603,
-2,
31,
-1,
1604,
-2,
31,
-1,
1605,
-2,
31,
-1,
1606,
-2,
31,
-1,
1607,
-2,
31,
-2,
17,
-1,
1608,
-2,
31,
-2,
17,
-1,
1609,
-2,
31,
-2,
17,
-1,
1610,
-2,
31,
-2,
17,
-1,
1611,
-2,
31,
-2,
17,
-1,
1612,
-2,
31,
-2,
17,
-1,
1613,
-2,
31,
-2,
30,
-2,
17,
-1,
1614,
-2,
31,
-2,
17,
-1,
1615,
-2,
31,
-2,
17,
-1,
1616,
-2,
31,
-1,
1617,
-2,
31,
-1,
1618,
-2,
31,
-1,
1619,
-2,
31,
-1,
1620,
-2,
31,
-1,
1621,
-2,
31,
-1,
1622,
-2,
31,
-1,
1623,
-2,
32,
-2,
31,
-1,
1624,
-2,
30,
-2,
17,
-1,
1625,
-2,
30,
-2,
17,
-1,
1626,
-2,
30,
-2,
17,
-1,
1627,
-2,
30,
-2,
17,
-1,
1628,
-2,
57,
-2,
30,
-2,
17,
-1,
1629,
-2,
30,
-2,
17,
-1,
1630,
-2,
30,
-2,
17,
-1,
1631,
-2,
30,
-2,
17,
-1,
1632,
-2,
30,
-2,
17,
-1,
1633,
-2,
30,
-2,
17,
-1,
1634,
-2,
30,
-2,
17,
-1,
1635,
-2,
30,
-2,
17,
-1,
1636,
-2,
30,
-2,
17,
-1,
1637,
-2,
30,
-1,
1638,
-2,
30,
-1,
1639,
-2,
30,
-1,
1640,
-2,
30,
-1,
1641,
-2,
30,
-1,
1642,
-2,
30,
-1,
1643,
-2,
30,
-1,
1644,
-2,
30,
-1,
1645,
-2,
30,
-1,
1646,
-2,
30,
-1,
1647,
-2,
30,
-1,
1648,
-2,
30,
-1,
1649,
-2,
30,
-1,
1650,
-2,
30,
-1,
1651,
-2,
30,
-1,
1652,
-2,
30,
-1,
1653,
-2,
30,
-1,
1654,
-2,
30,
-1,
1655,
-2,
30,
-2,
17,
-1,
1656,
-2,
30,
-2,
17,
-1,
1657,
-2,
30,
-2,
17,
-1,
1658,
-2,
30,
-2,
17,
-1,
1659,
-2,
30,
-1,
1660,
-2,
30,
-1,
1661,
-2,
30,
-1,
1662,
-2,
30,
-1,
1663,
-2,
30,
-1,
1664,
-2,
30,
-1,
1665,
-2,
30,
-1,
1666,
-2,
30,
-1,
1667,
-2,
30,
-1,
1668,
-2,
30,
-1,
1669,
-2,
30,
-2,
31,
-1,
1670,
-2,
30,
-2,
31,
-1,
1671,
-2,
31,
-1,
1672,
-2,
31,
-1,
1673,
-2,
31,
-1,
1674,
-2,
31,
-1,
1675,
-2,
31,
-2,
31,
-1,
1676,
-2,
31,
-2,
31,
-1,
1677,
-2,
31,
-2,
31,
-1,
1678,
-2,
31,
-2,
31,
-1,
1679,
-2,
31,
-2,
31,
-1,
1680,
-2,
31,
-2,
31,
