-1,
1921,
-2,
30,
-2,
31,
-1,
1922,
-2,
30,
-2,
31,
-1,
1923,
-2,
30,
-2,
31,
-1,
1924,
-2,
30,
-2,
31,
-1,
1925,
-2,
30,
-2,
31,
-1,
1926,
-2,
30,
-2,
31,
-1,
1927,
-2,
30,
-2,
31,
-1,
1928,
-2,
30,
-2,
31,
-1,
1929,
-2,
30,
-2,
31,
-1,
1930,
-2,
30,
-2,
31,
-1,
1931,
-2,
30,
-2,
17,
-1,
1932,
-2,
30,
-2,
31,
-1,
1933,
-2,
30,
-2,
31,
-1,
1934,
-2,
30,
-2,
31,
-1,
1935,
-2,
30,
-2,
31,
-1,
1936,
-2,
30,
-2,
31,
-1,
1937,
-2,
30,
-2,
31,
-1,
1938,
-2,
30,
-2,
31,
-1,
1939,
-2,
30,
-2,
31,
-1,
1940,
-2,
30,
-2,
31,
-1,
1941,
-2,
30,
-2,
31,
-1,
1942,
-2,
30,
-2,
31,
-1,
1943,
-2,
30,
-2,
31,
-1,
1944,
-2,
30,
-2,
31,
-1,
1945,
-2,
30,
-2,
31,
-1,
1946,
-2,
30,
-2,
17,
-1,
1947,
-2,
30,
-2,
31,
-1,
1948,
-2,
30,
-2,
31,
-1,
1949,
-2,
30,
-2,
31,
-1,
1950,
-2,
30,
-2,
31,
-1,
1951,
-2,
30,
-2,
31,
-1,
1952,
-2,
30,
-2,
31,
-1,
1953,
-2,
30,
-2,
31,
-1,
1954,
-2,
30,
-2,
31,
-1,
1955,
-2,
30,
-1,
1956,
-2,
30,
-1,
1957,
-2,
30,
-1,
1958,
-2,
30,
-1,
1959,
-2,
30,
-2,
17,
-1,
1960,
-2,
30,
-2,
17,
-1,
1961,
-2,
30,
-2,
17,
-1,
1962,
-2,
17,
-1,
1963,
-2,
17,
-1,
1964,
-2,
17,
-1,
1965,
-2,
17,
-1,
1966,
-2,
17,
-1,
1967,
-2,
17,
-2,
17,
-1,
1968,
-2,
17,
-2,
17,
-1,
1969,
-2,
17,
-2,
17,
-1,
1970,
-2,
17,
-2,
17,
-1,
1971,
-2,
17,
-2,
17,
-1,
1972,
-2,
17,
-2,
17,
-1,
1973,
-2,
17,
-2,
30,
-2,
17,
-1,
1974,
-2,
17,
-2,
17,
-1,
1975,
-2,
17,
-2,
17,
-1,
1976,
-2,
17,
-1,
1977,
-2,
17,
-1,
1978,
-2,
17,
-2,
17,
-1,
1979,
-2,
17,
-2,
17,
-1,
1980,
-2,
32,
-2,
17,
-1,
1981,
-2,
32,
-2,
17,
-1,
1982,
-2,
32,
-2,
17,
-1,
1983,
-2,
32,
-2,
17,
-1,
1984,
-2,
32,
-2,
17,
-1,
1985,
-2,
32,
-2,
17,
-1,
1986,
-2,
32,
-2,
17,
-1,
1987,
-2,
32,
-2,
17,
-1,
1988,
-2,
32,
-2,
17,
-2,
17,
-1,
1989,
-2,
32,
-2,
17,
-1,
1990,
-2,
32,
-2,
17,
-1,
1991,
-2,
32,
-2,
17,
-1,
1992,
-2,
32,
-2,
17,
-1,
1993,
-2,
32,
-2,
17,
-1,
1994,
-2,
32,
-2,
17,
-1,
1995,
-2,
32,
-2,
17,
-1,
1996,
-2,
32,
-2,
17,
-1,
1997,
-2,
32,
-1,
1998,
-2,
32,
-1,
1999,
-2,
32,
-1,
2000,
-2,
32,
-1,
2001,
-2,
32,
-1,
2002,
-2,
32,
-2,
31,
-1,
2003,
-2,
32,
-2,
31,
-1,
2004,
-2,
32,
-2,
31,
-1,
2005,
-2,
32,
-1,
2006,
-2,
32,
-1,
2007,
-2,
32,
-1,
2008,
-2,
32,
-1,
2009,
-2,
32,
-2,
31,
-1,
2010,
-2,
32,
-2,
31,
-1,
2011,
-2,
32,
-2,
31,
-1,
2012,
-2,
32,
-2,
31,
-1,
2013,
-2,
32,
-2,
31,
-1,
2014,
-2,
32,
-2,
31,
-1,
2015,
-2,
32,
-2,
31,
-1,
2016,
-2,
32,
-2,
31,
-1,
2017,
-2,
32,
-2,
31,
-1,
2018,
-2,
32,
-2,
31,
-1,
2019,
-2,
32,
-2,
31,
-1,
2020,
-2,
32,
-2,
31,
-1,
2021,
-2,
32,
-2,
31,
-1,
2022,
-2,
32,
-2,
31,
-1,
2023,
-2,
32,
-2,
31,
-1,
2024,
-2,
32,
-2,
31,
-1,
2025,
-2,
32,
-2,
31,
-1,
2026,
-2,
32,
-2,
31,
-1,
2027,
-2,
32,
-1,
2028,
-2,
32,
-1,
2029,
-2,
32,
-2,
31,
-1,
2030,
-2,
32,
-2,
31,
-1,
2031,
-2,
32,
-1,
2032,
-2,
32,
-1,
2033,
-2,
32,
-2,
31,
-1,
2034,
-2,
32,
-2,
31,
-1,
2035,
-2,
32,
-2,
31,
-1,
2036,
-2,
32,
-2,
17,
-1,
2037,
-2,
32,
-2,
17,
-1,
2038,
-2,
32,
-2,
17,
-1,
2039,
-2,
32,
-2,
17,
-1,
2040,
-2,
32,
-2,
17,
