-1,
2041,
-2,
32,
-2,
17,
-1,
2042,
-2,
32,
-2,
17,
-1,
2043,
-2,
17,
-2,
31,
-1,
2044,
-2,
17,
-2,
31,
-1,
2045,
-2,
17,
-2,
31,
-1,
2046,
-2,
17,
-2,
31,
-1,
2047,
-2,
17,
-2,
31,
-1,
2048,
-2,
17,
-2,
31,
-1,
2049,
-2,
17,
-2,
31,
-1,
2050,
-2,
17,
-2,
31,
-1,
2051,
-2,
17,
-2,
17,
-1,
2052,
-2,
17,
-2,
31,
-1,
2053,
-2,
17,
-2,
31,
-1,
2054,
-2,
17,
-2,
31,
-1,
2055,
-2,
17,
-2,
31,
-1,
2056,
-2,
17,
-2,
31,
-1,
2057,
-2,
17,
-2,
31,
-1,
2058,
-2,
17,
-2,
31,
-1,
2059,
-2,
17,
-2,
31,
-1,
2060,
-2,
17,
-2,
31,
-1,
2061,
-2,
17,
-2,
31,
-1,
2062,
-2,
17,
-2,
31,
-1,
2063,
-2,
17,
-2,
31,
-1,
2064,
-2,
17,
-2,
31,
-1,
2065,
-2,
17,
-2,
31,
-1,
2066,
-2,
30,
-2,
17,
-1,
2067,
-2,
30,
-2,
17,
-1,
2068,
-2,
30,
-2,
17,
-1,
2069,
-2,
30,
-2,
17,
-1,
2070,
-2,
30,
-2,
17,
-1,
2071,
-2,
30,
-2,
17,
-1,
2072,
-2,
30,
-2,
17,
-1,
2073,
-2,
30,
-2,
17,
-1,
2074,
-2,
30,
-2,
17,
-1,
2075,
-2,
30,
-2,
17,
-1,
2076,
-2,
30,
-2,
17,
-1,
2077,
-2,
30,
-2,
17,
-1,
2078,
-2,
30,
-2,
17,
-1,
2079,
-2,
30,
-2,
17,
-1,
2080,
-2,
30,
-2,
17,
-1,
2081,
-2,
30,
-2,
17,
-1,
2082,
-2,
30,
-1,
2083,
-2,
30,
-1,
2084,
-2,
30,
-1,
2085,
-2,
30,
-1,
2086,
-2,
30,
-1,
2087,
-2,
30,
-2,
17,
-1,
2088,
-2,
30,
-2,
17,
-1,
2089,
-2,
30,
-2,
17,
-1,
2090,
-2,
30,
-2,
17,
-1,
2091,
-2,
30,
-2,
17,
-1,
2092,
-2,
30,
-2,
17,
-1,
2093,
-2,
30,
-2,
30,
-2,
17,
-1,
2094,
-2,
30,
-2,
17,
-1,
2095,
-2,
30,
-2,
17,
-1,
2096,
-2,
30,
-1,
2097,
-2,
30,
-1,
2098,
-2,
30,
-2,
17,
-1,
2099,
-2,
30,
-2,
17,
-1,
2100,
-2,
30,
-2,
17,
-1,
2101,
-2,
30,
-2,
17,
-1,
2102,
-2,
30,
-2,
17,
-1,
2103,
-2,
30,
-2,
17,
-1,
2104,
-2,
30,
-2,
17,
-1,
2105,
-2,
30,
-2,
17,
-1,
2106,
-2,
30,
-2,
17,
-1,
2107,
-2,
30,
-2,
17,
-1,
2108,
-2,
30,
-2,
17,
-2,
17,
-1,
2109,
-2,
30,
-2,
31,
-1,
2110,
-2,
30,
-2,
31,
-1,
2111,
-2,
30,
-2,
31,
-1,
2112,
-2,
31,
-2,
17,
-1,
2113,
-2,
31,
-2,
17,
-1,
2114,
-2,
31,
-2,
17,
-1,
2115,
-2,
31,
-2,
17,
-1,
2116,
-2,
31,
-2,
17,
-1,
2117,
-2,
31,
-1,
2118,
-2,
31,
-1,
2119,
-2,
31,
-1,
2120,
-2,
31,
-1,
2121,
-2,
31,
-1,
2122,
-2,
31,
-2,
31,
-1,
2123,
-2,
31,
-2,
31,
-1,
2124,
-2,
31,
-2,
31,
-1,
2125,
-2,
31,
-1,
2126,
-2,
31,
-1,
2127,
-2,
31,
-1,
2128,
-2,
31,
-1,
2129,
-2,
31,
-2,
31,
-1,
2130,
-2,
31,
-2,
31,
-1,
2131,
-2,
31,
-2,
31,
-1,
2132,
-2,
32,
-2,
31,
-1,
2133,
-2,
32,
-2,
31,
-1,
2134,
-2,
32,
-2,
31,
-1,
2135,
-2,
32,
-2,
31,
-1,
2136,
-2,
32,
-2,
31,
-1,
2137,
-2,
32,
-2,
31,
-1,
2138,
-2,
32,
-2,
31,
-1,
2139,
-2,
32,
-2,
31,
-1,
2140,
-2,
32,
-2,
31,
-1,
2141,
-2,
32,
-2,
31,
-1,
2142,
-2,
32,
-2,
31,
-1,
2143,
-2,
32,
-2,
31,
-1,
2144,
-2,
32,
-2,
31,
-1,
2145,
-2,
32,
-2,
31,
-1,
2146,
-2,
32,
-2,
31,
-1,
2147,
-2,
32,
-1,
2148,
-2,
32,
-1,
2149,
-2,
32,
-2,
31,
-1,
2150,
-2,
32,
-2,
31,
-1,
2151,
-2,
32,
-1,
2152,
-2,
32,
-2,
17,
-1,
2153,
-2,
32,
-2,
17,
-1,
2154,
-2,
32,
-2,
17,
-1,
2155,
-2,
32,
-2,
17,
-1,
2156,
-2,
57,
-2,
32,
-2,
17,
-1,
2157,
-2,
32,
-2,
17,
-1,
2158,
-2,
32,
-2,
17,
-1,
2159,
-2,
32,
-2,
17,
-1,
2160,
-2,
32,
-2,
17,
