-1,
2161,
-2,
32,
-2,
17,
-1,
2162,
-2,
32,
-2,
17,
-1,
2163,
-2,
32,
-2,
17,
-1,
2164,
-2,
32,
-2,
17,
-1,
2165,
-2,
32,
-2,
17,
-1,
2166,
-2,
17,
-2,
31,
-1,
2167,
-2,
17,
-2,
31,
-1,
2168,
-2,
17,
-2,
31,
-1,
2169,
-2,
17,
-2,
31,
-1,
2170,
-2,
17,
-2,
31,
-1,
2171,
-2,
17,
-2,
17,
-1,
2172,
-2,
17,
-2,
31,
-1,
2173,
-2,
17,
-2,
31,
-1,
2174,
-2,
17,
-2,
31,
-1,
2175,
-2,
17,
-2,
31,
-1,
2176,
-2,
17,
-2,
31,
-1,
2177,
-2,
32,
-2,
17,
-1,
2178,
-2,
32,
-2,
17,
-1,
2179,
-2,
32,
-2,
17,
-1,
2180,
-2,
32,
-2,
17,
-1,
2181,
-2,
32,
-2,
17,
-1,
2182,
-2,
32,
-2,
31,
-1,
2183,
-2,
32,
-2,
31,
-1,
2184,
-2,
32,
-2,
31,
-1,
2185,
-2,
32,
-2,
31,
-1,
2186,
-2,
32,
-2,
17,
-1,
2187,
-2,
32,
-2,
17,
-1,
2188,
-2,
32,
-2,
17,
-1,
2189,
-2,
32,
-2,
17,
-1,
2190,
-2,
32,
-2,
17,
-1,
2191,
-2,
32,
-2,
31,
-1,
2192,
-2,
32,
-2,
31,
-1,
2193,
-2,
32,
-2,
31,
-1,
2194,
-2,
32,
-2,
31,
-1,
2195,
-2,
32,
-2,
31,
-1,
2196,
-2,
32,
-2,
31,
-1,
2197,
-2,
32,
-2,
31,
-1,
2198,
-2,
32,
-2,
31,
-1,
2199,
-2,
32,
-2,
31,
-1,
2200,
-2,
32,
-2,
31,
-1,
2201,
-2,
32,
-2,
31,
-1,
2202,
-2,
32,
-2,
31,
-1,
2203,
-2,
31,
-1,
2204,
-2,
31,
-1,
2205,
-2,
31,
-1,
2206,
-2,
31,
-1,
2207,
-2,
31,
-2,
17,
-1,
2208,
-2,
31,
-2,
17,
-1,
2209,
-2,
31,
-2,
17,
-1,
2210,
-2,
31,
-2,
17,
-1,
2211,
-2,
31,
-2,
17,
-1,
2212,
-2,
31,
-2,
17,
-1,
2213,
-2,
31,
-2,
30,
-2,
17,
-1,
2214,
-2,
31,
-2,
17,
-1,
2215,
-2,
31,
-2,
17,
-1,
2216,
-2,
31,
-1,
2217,
-2,
31,
-1,
2218,
-2,
31,
-2,
17,
-1,
2219,
-2,
31,
-2,
17,
-1,
2220,
-2,
31,
-2,
17,
-1,
2221,
-2,
31,
-2,
17,
-1,
2222,
-2,
31,
-2,
17,
-1,
2223,
-2,
31,
-2,
17,
-1,
2224,
-2,
31,
-2,
17,
-1,
2225,
-2,
31,
-2,
17,
-1,
2226,
-2,
31,
-2,
17,
-1,
2227,
-2,
31,
-2,
17,
-1,
2228,
-2,
31,
-2,
17,
-2,
17,
-1,
2229,
-2,
31,
-2,
31,
-1,
2230,
-2,
31,
-2,
31,
-1,
2231,
-2,
31,
-2,
31,
-1,
2232,
-2,
31,
-2,
17,
-1,
2233,
-2,
31,
-2,
17,
-1,
2234,
-2,
31,
-2,
17,
-1,
2235,
-2,
31,
-2,
17,
-1,
2236,
-2,
31,
-2,
17,
-1,
2237,
-2,
31,
-1,
2238,
-2,
31,
-1,
2239,
-2,
31,
-1,
2240,
-2,
31,
-1,
2241,
-2,
31,
-1,
2242,
-2,
31,
-2,
31,
-1,
2243,
-2,
31,
-2,
31,
-1,
2244,
-2,
31,
-2,
31,
-1,
2245,
-2,
31,
-1,
2246,
-2,
31,
-1,
2247,
-2,
31,
-1,
2248,
-2,
31,
-1,
2249,
-2,
31,
-2,
31,
-1,
2250,
-2,
31,
-2,
31,
-1,
2251,
-2,
31,
-2,
31,
-1,
2252,
-2,
32,
-2,
31,
-1,
2253,
-2,
32,
-2,
31,
-1,
2254,
-2,
32,
-2,
31,
-1,
2255,
-2,
32,
-2,
31,
-1,
2256,
-2,
32,
-2,
31,
-1,
2257,
-2,
32,
-2,
31,
-1,
2258,
-2,
32,
-2,
31,
-1,
2259,
-2,
32,
-2,
31,
-1,
2260,
-2,
32,
-2,
31,
-1,
2261,
-2,
32,
-2,
31,
-1,
2262,
-2,
32,
-2,
31,
-1,
2263,
-2,
32,
-2,
31,
-1,
2264,
-2,
32,
-2,
31,
-1,
2265,
-2,
32,
-2,
31,
-1,
2266,
-2,
32,
-2,
31,
-1,
2267,
-2,
32,
-1,
2268,
-2,
32,
-1,
2269,
-2,
32,
-2,
31,
-1,
2270,
-2,
32,
-2,
31,
-1,
2271,
-2,
32,
-1,
2272,
-2,
32,
-2,
17,
-1,
2273,
-2,
32,
-2,
17,
-1,
2274,
-2,
32,
-2,
17,
-1,
2275,
-2,
32,
-2,
17,
-1,
2276,
-2,
57,
-2,
32,
-2,
17,
-1,
2277,
-2,
32,
-2,
17,
-1,
2278,
-2,
32,
-2,
17,
-1,
2279,
-2,
32,
-2,
17,
-1,
2280,
-2,
32,
-2,
17,
