-1,
2281,
-2,
32,
-2,
17,
-1,
2282,
-2,
32,
-2,
17,
-1,
2283,
-2,
32,
-2,
17,
-1,
2284,
-2,
32,
-2,
17,
-1,
2285,
-2,
32,
-2,
17,
-1,
2286,
-2,
17,
-2,
31,
-1,
2287,
-2,
17,
-2,
31,
-1,
2288,
-2,
17,
-2,
31,
-1,
2289,
-2,
17,
-2,
31,
-1,
2290,
-2,
17,
-2,
31,
-1,
2291,
-2,
17,
-2,
17,
-1,
2292,
-2,
17,
-2,
31,
-1,
2293,
-2,
17,
-2,
31,
-1,
2294,
-2,
17,
-2,
31,
-1,
2295,
-2,
17,
-2,
31,
-1,
2296,
-2,
17,
-2,
31,
-1,
2297,
-2,
32,
-2,
17,
-1,
2298,
-2,
32,
-2,
17,
-1,
2299,
-2,
32,
-2,
17,
-1,
2300,
-2,
32,
-2,
17,
-1,
2301,
-2,
32,
-2,
17,
-1,
2302,
-2,
32,
-2,
31,
-1,
2303,
-2,
32,
-2,
31,
-1,
2304,
-2,
32,
-2,
31,
-1,
2305,
-2,
17,
-2,
31,
-1,
2306,
-2,
17,
-2,
17,
-1,
2307,
-2,
17,
-2,
17,
-1,
2308,
-2,
17,
-2,
17,
-1,
2309,
-2,
17,
-2,
17,
-1,
2310,
-2,
17,
-2,
17,
-1,
2311,
-2,
17,
-2,
31,
-1,
2312,
-2,
17,
-2,
31,
-1,
2313,
-2,
17,
-2,
31,
-1,
2314,
-2,
30,
-2,
17,
-1,
2315,
-2,
30,
-2,
17,
-1,
2316,
-2,
30,
-2,
17,
-1,
2317,
-2,
30,
-2,
17,
-1,
2318,
-2,
30,
-2,
17,
-1,
2319,
-2,
30,
-2,
31,
-1,
2320,
-2,
30,
-2,
31,
-1,
2321,
-2,
30,
-2,
31,
-1,
2322,
-2,
30,
-2,
31,
-1,
2323,
-2,
47,
-2,
30,
-1,
2324,
-2,
31,
-1,
2325,
-2,
31,
-1,
2326,
-2,
31,
-1,
2327,
-2,
31,
-2,
17,
-1,
2328,
-2,
31,
-2,
17,
-1,
2329,
-2,
31,
-2,
17,
-1,
2330,
-2,
31,
-2,
17,
-1,
2331,
-2,
31,
-2,
17,
-1,
2332,
-2,
31,
-2,
17,
-1,
2333,
-2,
31,
-2,
30,
-2,
17,
-1,
2334,
-2,
31,
-2,
17,
-1,
2335,
-2,
31,
-2,
17,
-1,
2336,
-2,
31,
-1,
2337,
-2,
31,
-1,
2338,
-2,
30,
-2,
17,
-1,
2339,
-2,
30,
-2,
17,
-1,
2340,
-2,
30,
-2,
17,
-1,
2341,
-2,
30,
-2,
17,
-1,
2342,
-2,
30,
-2,
17,
-1,
2343,
-2,
30,
-2,
17,
-1,
2344,
-2,
30,
-2,
17,
-1,
2345,
-2,
30,
-2,
17,
-1,
2346,
-2,
30,
-2,
17,
-1,
2347,
-2,
30,
-2,
31,
-1,
2348,
-2,
30,
-2,
31,
-2,
17,
-1,
2349,
-2,
30,
-2,
31,
-1,
2350,
-2,
30,
-2,
31,
-1,
2351,
-2,
30,
-2,
31,
-1,
2352,
-2,
30,
-2,
31,
-1,
2353,
-2,
30,
-2,
31,
-1,
2354,
-2,
30,
-2,
31,
-1,
2355,
-2,
30,
-2,
31,
-1,
2356,
-2,
30,
-2,
17,
-1,
2357,
-2,
30,
-1,
2358,
-2,
30,
-1,
2359,
-2,
30,
-1,
2360,
-2,
30,
-1,
2361,
-2,
31,
-1,
2362,
-2,
31,
-2,
31,
-1,
2363,
-2,
31,
-2,
31,
-1,
2364,
-2,
31,
-2,
31,
-1,
2365,
-2,
31,
-1,
2366,
-2,
31,
-1,
2367,
-2,
31,
-1,
2368,
-2,
31,
-1,
2369,
-2,
31,
-2,
31,
-1,
2370,
-2,
31,
-2,
31,
-1,
2371,
-2,
31,
-2,
31,
-1,
2372,
-2,
32,
-2,
31,
-1,
2373,
-2,
32,
-2,
31,
-1,
2374,
-2,
32,
-2,
31,
-1,
2375,
-2,
32,
-2,
31,
-1,
2376,
-2,
32,
-2,
31,
-1,
2377,
-2,
32,
-2,
31,
-1,
2378,
-2,
32,
-2,
31,
-1,
2379,
-2,
32,
-2,
31,
-1,
2380,
-2,
32,
-2,
31,
-1,
2381,
-2,
32,
-2,
31,
-1,
2382,
-2,
32,
-2,
31,
-1,
2383,
-2,
32,
-2,
31,
-1,
2384,
-2,
32,
-2,
31,
-1,
2385,
-2,
32,
-2,
31,
-1,
2386,
-2,
32,
-2,
31,
-1,
2387,
-2,
32,
-1,
2388,
-2,
32,
-1,
2389,
-2,
32,
-2,
31,
-1,
2390,
-2,
32,
-2,
31,
-1,
2391,
-2,
32,
-1,
2392,
-2,
32,
-2,
17,
-1,
2393,
-2,
32,
-2,
17,
-1,
2394,
-2,
32,
-2,
17,
-1,
2395,
-2,
32,
-2,
17,
-1,
2396,
-2,
57,
-2,
32,
-2,
17,
-1,
2397,
-2,
32,
-2,
17,
-1,
2398,
-2,
32,
-2,
17,
-1,
2399,
-2,
32,
-2,
17,
-1,
2400,
-2,
32,
-2,
17,
