-1,
241,
-2,
32,
-1,
242,
-2,
32,
-1,
243,
-2,
32,
-1,
244,
-2,
32,
-1,
245,
-2,
32,
-1,
246,
-2,
32,
-1,
247,
-2,
32,
-1,
248,
-2,
32,
-1,
249,
-2,
32,
-1,
250,
-1,
251,
-1,
252,
-1,
253,
-1,
254,
-1,
255,
-1,
256,
-1,
257,
-1,
258,
-1,
259,
-1,
260,
-1,
261,
-1,
262,
-1,
263,
-1,
264,
-1,
265,
-1,
266,
-1,
267,
-1,
268,
-1,
269,
-1,
270,
-1,
271,
-1,
272,
-1,
273,
-1,
274,
-1,
275,
-1,
276,
-2,
32,
-1,
277,
-2,
32,
-1,
278,
-2,
32,
-1,
279,
-2,
32,
-1,
280,
-2,
32,
-1,
281,
-2,
32,
-1,
282,
-2,
32,
-1,
283,
-2,
32,
-1,
284,
-2,
32,
-1,
285,
-2,
32,
-1,
286,
-2,
32,
-1,
287,
-2,
32,
-1,
288,
-2,
30,
-1,
289,
-2,
30,
-1,
290,
-2,
30,
-1,
291,
-2,
30,
-1,
292,
-2,
30,
-1,
293,
-2,
30,
-1,
294,
-2,
30,
-1,
295,
-2,
30,
-1,
296,
-2,
30,
-1,
297,
-2,
30,
-1,
298,
-2,
30,
-1,
299,
-2,
30,
-1,
300,
-2,
30,
-1,
301,
-2,
30,
-1,
302,
-2,
30,
-1,
303,
-2,
30,
-1,
304,
-2,
30,
-1,
305,
-2,
30,
-1,
306,
-2,
17,
-1,
307,
-2,
17,
-1,
308,
-2,
17,
-1,
309,
-2,
17,
-1,
310,
-2,
17,
-1,
311,
-2,
17,
-1,
312,
-2,
17,
-1,
313,
-2,
17,
-1,
314,
-2,
17,
-1,
315,
-2,
17,
-1,
316,
-2,
17,
-1,
317,
-2,
17,
-1,
318,
-2,
17,
-1,
319,
-2,
17,
-1,
320,
-2,
17,
-1,
321,
-2,
17,
-1,
322,
-2,
17,
-1,
323,
-2,
57,
-1,
324,
-2,
17,
-1,
325,
-2,
17,
-1,
326,
-2,
17,
-1,
327,
-1,
328,
-2,
17,
-1,
329,
-2,
17,
-1,
330,
-2,
17,
-1,
331,
-2,
17,
-1,
332,
-2,
17,
-1,
333,
-2,
17,
-1,
334,
-2,
17,
-1,
335,
-2,
17,
-1,
336,
-2,
17,
-1,
337,
-2,
17,
-1,
338,
-2,
17,
-1,
339,
-2,
17,
-1,
340,
-2,
17,
-1,
341,
-2,
17,
-1,
342,
-2,
17,
-1,
343,
-2,
17,
-1,
344,
-2,
17,
-1,
345,
-2,
17,
-1,
346,
-2,
17,
-1,
347,
-2,
17,
-1,
348,
-2,
17,
-1,
349,
-2,
17,
-1,
350,
-2,
17,
-1,
351,
-2,
17,
-1,
352,
-2,
17,
-1,
353,
-2,
17,
-1,
354,
-2,
17,
-1,
355,
-2,
17,
-1,
356,
-2,
17,
-1,
357,
-2,
17,
-1,
358,
-2,
17,
-2,
32,
-1,
359,
-2,
17,
-1,
360,
-2,
17,
