-1,
361,
-2,
31,
-1,
362,
-2,
31,
-1,
363,
-2,
31,
-1,
364,
-2,
31,
-1,
365,
-2,
31,
-1,
366,
-2,
31,
-1,
367,
-2,
31,
-1,
368,
-2,
31,
-1,
369,
-2,
31,
-1,
370,
-2,
31,
-1,
371,
-2,
31,
-1,
372,
-2,
31,
-1,
373,
-2,
31,
-1,
374,
-2,
31,
-1,
375,
-2,
31,
-1,
376,
-2,
31,
-1,
377,
-2,
31,
-1,
378,
-2,
31,
-1,
379,
-2,
30,
-2,
31,
-1,
380,
-2,
30,
-2,
31,
-1,
381,
-2,
30,
-2,
31,
-1,
382,
-2,
30,
-2,
31,
-1,
383,
-2,
30,
-2,
31,
-1,
384,
-2,
30,
-2,
31,
-1,
385,
-2,
30,
-2,
31,
-1,
386,
-2,
30,
-2,
31,
-1,
387,
-2,
30,
-2,
31,
-1,
388,
-2,
30,
-2,
31,
-1,
389,
-2,
30,
-2,
31,
-1,
390,
-2,
30,
-2,
31,
-1,
391,
-2,
30,
-2,
31,
-1,
392,
-2,
30,
-2,
31,
-1,
393,
-2,
30,
-2,
31,
-1,
394,
-2,
30,
-2,
31,
-1,
395,
-2,
30,
-1,
396,
-2,
30,
-1,
397,
-2,
30,
-1,
398,
-2,
30,
-1,
399,
-2,
30,
-1,
400,
-2,
30,
-1,
401,
-2,
30,
-1,
402,
-2,
30,
-1,
403,
-2,
30,
-1,
404,
-2,
30,
-1,
405,
-2,
32,
-1,
406,
-2,
32,
-1,
407,
-2,
32,
-1,
408,
-2,
30,
-1,
409,
-2,
30,
-1,
410,
-2,
30,
-1,
411,
-2,
30,
-1,
412,
-2,
30,
-1,
413,
-2,
30,
-1,
414,
-2,
30,
-1,
415,
-2,
30,
-1,
416,
-2,
30,
-1,
417,
-2,
30,
-1,
418,
-2,
30,
-1,
419,
-2,
30,
-1,
420,
-2,
17,
-1,
421,
-2,
17,
-1,
422,
-2,
17,
-1,
423,
-2,
17,
-1,
424,
-2,
17,
-1,
425,
-2,
17,
-1,
426,
-2,
17,
-1,
427,
-2,
17,
-1,
428,
-2,
17,
-1,
429,
-2,
17,
-1,
430,
-2,
17,
-1,
431,
-2,
17,
-1,
432,
-2,
17,
-1,
433,
-2,
17,
-1,
434,
-2,
17,
-1,
435,
-2,
17,
-1,
436,
-2,
17,
-1,
437,
-2,
17,
-1,
438,
-2,
17,
-1,
439,
-2,
17,
-1,
440,
-2,
17,
-1,
441,
-2,
17,
-1,
442,
-2,
17,
-1,
443,
-2,
57,
-1,
444,
-2,
17,
-1,
445,
-2,
17,
-1,
446,
-2,
17,
-1,
447,
-1,
448,
-2,
17,
-1,
449,
-2,
17,
-1,
450,
-2,
17,
-1,
451,
-2,
17,
-1,
452,
-2,
17,
-1,
453,
-2,
17,
-1,
454,
-2,
17,
-1,
455,
-2,
17,
-1,
456,
-2,
17,
-1,
457,
-2,
17,
-1,
458,
-2,
17,
-1,
459,
-2,
17,
-1,
460,
-2,
30,
-1,
461,
-2,
30,
-1,
462,
-2,
30,
-1,
463,
-2,
30,
-1,
464,
-2,
30,
-1,
465,
-2,
30,
-1,
466,
-2,
30,
-1,
467,
-2,
30,
-1,
468,
-2,
30,
-1,
469,
-2,
30,
-1,
470,
-2,
17,
-1,
471,
-2,
17,
-1,
472,
-2,
17,
-1,
473,
-2,
17,
-1,
474,
-2,
17,
-1,
475,
-2,
17,
-1,
476,
-2,
17,
-1,
477,
-2,
17,
-1,
478,
-2,
17,
-2,
32,
-1,
479,
-2,
17,
-1,
480,
-2,
17,
