-1,
481,
-2,
31,
-1,
482,
-2,
31,
-1,
483,
-2,
31,
-1,
484,
-2,
31,
-1,
485,
-2,
31,
-1,
486,
-2,
31,
-1,
487,
-2,
31,
-1,
488,
-2,
31,
-1,
489,
-2,
31,
-1,
490,
-2,
31,
-1,
491,
-2,
31,
-1,
492,
-2,
31,
-1,
493,
-2,
31,
-1,
494,
-2,
31,
-1,
495,
-2,
31,
-1,
496,
-2,
31,
-1,
497,
-2,
31,
-1,
498,
-2,
31,
-1,
499,
-2,
30,
-2,
31,
-1,
500,
-2,
30,
-2,
31,
-1,
501,
-2,
30,
-2,
31,
-1,
502,
-2,
30,
-2,
31,
-1,
503,
-2,
30,
-2,
31,
-1,
504,
-2,
30,
-2,
31,
-1,
505,
-2,
30,
-2,
31,
-1,
506,
-2,
30,
-2,
31,
-1,
507,
-2,
30,
-2,
31,
-1,
508,
-2,
30,
-2,
31,
-1,
509,
-2,
30,
-2,
31,
-1,
510,
-2,
30,
-2,
31,
-1,
511,
-2,
30,
-2,
31,
-1,
512,
-2,
30,
-2,
31,
-1,
513,
-2,
30,
-2,
31,
-1,
514,
-2,
30,
-2,
31,
-1,
515,
-2,
30,
-1,
516,
-2,
30,
-1,
517,
-2,
30,
-1,
518,
-2,
30,
-1,
519,
-2,
30,
-1,
520,
-2,
30,
-1,
521,
-2,
30,
-1,
522,
-2,
30,
-1,
523,
-2,
30,
-1,
524,
-2,
30,
-1,
525,
-2,
30,
-1,
526,
-2,
30,
-1,
527,
-2,
30,
-2,
17,
-1,
528,
-2,
30,
-2,
17,
-1,
529,
-2,
30,
-2,
17,
-1,
530,
-2,
30,
-2,
17,
-1,
531,
-2,
30,
-2,
17,
-1,
532,
-2,
30,
-2,
17,
-1,
533,
-2,
57,
-2,
30,
-2,
17,
-1,
534,
-2,
30,
-2,
17,
-1,
535,
-2,
30,
-2,
17,
-1,
536,
-2,
17,
-1,
537,
-2,
17,
-1,
538,
-2,
17,
-1,
539,
-2,
17,
-1,
540,
-2,
17,
-1,
541,
-2,
17,
-1,
542,
-2,
17,
-1,
543,
-2,
17,
-1,
544,
-2,
17,
-1,
545,
-2,
17,
-1,
546,
-2,
17,
-1,
547,
-2,
17,
-1,
548,
-2,
17,
-1,
549,
-2,
17,
-1,
550,
-2,
17,
-1,
551,
-2,
17,
-1,
552,
-2,
17,
-1,
553,
-2,
17,
-1,
554,
-2,
17,
-1,
555,
-2,
17,
-1,
556,
-2,
17,
-1,
557,
-2,
17,
-1,
558,
-2,
17,
-1,
559,
-2,
17,
-1,
560,
-2,
17,
-1,
561,
-2,
17,
-1,
562,
-2,
17,
-1,
563,
-2,
31,
-1,
564,
-2,
31,
-1,
565,
-2,
31,
-1,
566,
-2,
31,
-1,
567,
-2,
31,
-1,
568,
-2,
31,
-1,
569,
-2,
31,
-1,
570,
-2,
31,
-1,
571,
-2,
31,
-1,
572,
-2,
31,
-1,
573,
-2,
31,
-1,
574,
-2,
31,
-1,
575,
-2,
31,
-1,
576,
-2,
31,
-1,
577,
-2,
31,
-1,
578,
-2,
31,
-1,
579,
-2,
31,
-1,
580,
-2,
31,
-1,
581,
-2,
31,
-1,
582,
-2,
31,
-1,
583,
-2,
31,
-1,
584,
-2,
31,
-1,
585,
-2,
31,
-1,
586,
-2,
31,
-1,
587,
-2,
31,
-1,
588,
-2,
31,
-1,
589,
-2,
31,
-1,
590,
-2,
31,
-1,
591,
-2,
31,
-1,
592,
-2,
31,
-1,
593,
-2,
31,
-1,
594,
-2,
31,
-1,
595,
-2,
30,
-1,
596,
-2,
30,
-1,
597,
-2,
30,
-1,
598,
-2,
30,
-2,
32,
-1,
599,
-2,
30,
-1,
600,
-2,
30,
