-1,
721,
-2,
17,
-1,
722,
-2,
17,
-1,
723,
-2,
17,
-1,
724,
-2,
30,
-2,
17,
-1,
725,
-2,
30,
-2,
17,
-1,
726,
-2,
30,
-2,
17,
-1,
727,
-2,
30,
-2,
17,
-1,
728,
-2,
30,
-2,
17,
-1,
729,
-2,
30,
-2,
17,
-1,
730,
-2,
30,
-2,
17,
-1,
731,
-2,
30,
-1,
732,
-2,
30,
-1,
733,
-2,
30,
-1,
734,
-2,
30,
-1,
735,
-2,
30,
-1,
736,
-2,
30,
-1,
737,
-2,
30,
-1,
738,
-2,
30,
-1,
739,
-2,
30,
-2,
31,
-1,
740,
-2,
30,
-2,
31,
-1,
741,
-2,
30,
-2,
31,
-1,
742,
-2,
30,
-2,
31,
-1,
743,
-2,
30,
-2,
31,
-1,
744,
-2,
30,
-2,
31,
-1,
745,
-2,
30,
-2,
31,
-1,
746,
-2,
30,
-2,
17,
-1,
747,
-2,
17,
-2,
31,
-1,
748,
-2,
17,
-2,
31,
-1,
749,
-2,
30,
-2,
31,
-1,
750,
-2,
30,
-2,
31,
-1,
751,
-2,
30,
-2,
31,
-1,
752,
-2,
30,
-2,
31,
-1,
753,
-2,
30,
-2,
31,
-1,
754,
-2,
17,
-2,
31,
-1,
755,
-2,
17,
-1,
756,
-2,
30,
-1,
757,
-2,
30,
-1,
758,
-2,
30,
-1,
759,
-2,
30,
-1,
760,
-2,
30,
-1,
761,
-2,
30,
-1,
762,
-2,
30,
-1,
763,
-2,
30,
-1,
764,
-2,
30,
-1,
765,
-2,
30,
-1,
766,
-2,
30,
-1,
767,
-2,
30,
-2,
17,
-1,
768,
-2,
30,
-2,
17,
-1,
769,
-2,
30,
-2,
17,
-1,
770,
-2,
30,
-2,
17,
-1,
771,
-2,
30,
-2,
17,
-1,
772,
-2,
30,
-2,
17,
-1,
773,
-2,
57,
-2,
30,
-2,
17,
-1,
774,
-2,
30,
-2,
17,
-1,
775,
-2,
30,
-2,
17,
-1,
776,
-2,
17,
-1,
777,
-2,
57,
-1,
778,
-2,
17,
-1,
779,
-2,
17,
-1,
780,
-2,
17,
-1,
781,
-2,
17,
-1,
782,
-2,
17,
-1,
783,
-2,
17,
-1,
784,
-2,
17,
-1,
785,
-2,
17,
-1,
786,
-2,
17,
-1,
787,
-2,
17,
-1,
788,
-2,
17,
-1,
789,
-2,
17,
-1,
790,
-2,
17,
-1,
791,
-2,
17,
-1,
792,
-2,
17,
-1,
793,
-2,
17,
-1,
794,
-2,
17,
-1,
795,
-2,
17,
-1,
796,
-2,
17,
-1,
797,
-2,
17,
-1,
798,
-2,
17,
-1,
799,
-2,
17,
-1,
800,
-2,
17,
-1,
801,
-2,
17,
-1,
802,
-2,
17,
-1,
803,
-2,
31,
-1,
804,
-2,
31,
-1,
805,
-2,
31,
-1,
806,
-2,
31,
-1,
807,
-2,
31,
-1,
808,
-2,
31,
-1,
809,
-2,
31,
-1,
810,
-2,
31,
-1,
811,
-2,
31,
-1,
812,
-2,
31,
-1,
813,
-2,
31,
-1,
814,
-2,
31,
-1,
815,
-2,
31,
-1,
816,
-2,
31,
-1,
817,
-2,
31,
-1,
818,
-2,
31,
-1,
819,
-2,
31,
-1,
820,
-2,
31,
-1,
821,
-2,
31,
-1,
822,
-2,
31,
-1,
823,
-2,
31,
-1,
824,
-2,
31,
-1,
825,
-2,
31,
-1,
826,
-2,
31,
-1,
827,
-2,
31,
-1,
828,
-2,
31,
-1,
829,
-2,
31,
-1,
830,
-2,
31,
-1,
831,
-2,
31,
-1,
832,
-2,
31,
-1,
833,
-2,
31,
-1,
834,
-2,
31,
-1,
835,
-2,
32,
-2,
31,
-1,
836,
-2,
32,
-2,
31,
-1,
837,
-2,
32,
-2,
31,
-1,
838,
-2,
32,
-2,
31,
-1,
839,
-2,
32,
-2,
31,
-1,
840,
-2,
32,
-2,
31,
