-1,
1081,
-2,
32,
-2,
31,
-1,
1082,
-2,
32,
-2,
31,
-1,
1083,
-2,
32,
-2,
31,
-1,
1084,
-2,
32,
-2,
31,
-1,
1085,
-2,
32,
-2,
31,
-1,
1086,
-2,
32,
-2,
31,
-1,
1087,
-2,
32,
-2,
31,
-1,
1088,
-2,
30,
-2,
31,
-1,
1089,
-2,
30,
-2,
31,
-1,
1090,
-2,
30,
-2,
31,
-1,
1091,
-2,
30,
-2,
31,
-1,
1092,
-2,
30,
-2,
31,
-1,
1093,
-2,
30,
-2,
31,
-1,
1094,
-2,
30,
-2,
31,
-1,
1095,
-2,
30,
-2,
31,
-1,
1096,
-2,
30,
-2,
31,
-1,
1097,
-2,
30,
-2,
31,
-1,
1098,
-2,
30,
-2,
31,
-1,
1099,
-2,
30,
-2,
31,
-1,
1100,
-2,
30,
-2,
31,
-1,
1101,
-2,
30,
-2,
31,
-1,
1102,
-2,
30,
-2,
31,
-1,
1103,
-2,
30,
-2,
31,
-1,
1104,
-2,
30,
-2,
31,
-1,
1105,
-2,
30,
-2,
31,
-1,
1106,
-2,
30,
-2,
17,
-1,
1107,
-2,
30,
-2,
31,
-1,
1108,
-2,
30,
-2,
31,
-1,
1109,
-2,
30,
-2,
31,
-1,
1110,
-2,
30,
-2,
31,
-1,
1111,
-2,
30,
-2,
31,
-1,
1112,
-2,
30,
-2,
31,
-1,
1113,
-2,
30,
-2,
31,
-1,
1114,
-2,
30,
-2,
31,
-1,
1115,
-2,
17,
-1,
1116,
-2,
30,
-1,
1117,
-2,
30,
-1,
1118,
-2,
30,
-1,
1119,
-2,
30,
-1,
1120,
-2,
30,
-1,
1121,
-2,
30,
-1,
1122,
-2,
30,
-1,
1123,
-2,
30,
-1,
1124,
-2,
30,
-1,
1125,
-2,
30,
-1,
1126,
-2,
30,
-1,
1127,
-2,
30,
-2,
17,
-1,
1128,
-2,
30,
-2,
17,
-1,
1129,
-2,
30,
-2,
17,
-1,
1130,
-2,
30,
-2,
17,
-1,
1131,
-2,
30,
-2,
17,
-1,
1132,
-2,
30,
-2,
17,
-1,
1133,
-2,
57,
-2,
30,
-2,
17,
-1,
1134,
-2,
30,
-2,
17,
-1,
1135,
-2,
30,
-2,
17,
-1,
1136,
-2,
17,
-1,
1137,
-2,
57,
-1,
1138,
-2,
32,
-1,
1139,
-2,
32,
-1,
1140,
-2,
32,
-1,
1141,
-2,
32,
-1,
1142,
-2,
32,
-1,
1143,
-2,
32,
-1,
1144,
-2,
32,
-1,
1145,
-2,
32,
-1,
1146,
-2,
32,
-1,
1147,
-2,
32,
-1,
1148,
-2,
32,
-1,
1149,
-2,
32,
-1,
1150,
-2,
32,
-1,
1151,
-2,
32,
-1,
1152,
-2,
32,
-1,
1153,
-2,
32,
-1,
1154,
-2,
17,
-1,
1155,
-2,
17,
-1,
1156,
-2,
17,
-1,
1157,
-2,
17,
-1,
1158,
-2,
17,
-1,
1159,
-2,
17,
-1,
1160,
-2,
17,
-1,
1161,
-2,
17,
-1,
1162,
-2,
17,
-1,
1163,
-2,
17,
-1,
1164,
-2,
31,
-1,
1165,
-2,
31,
-1,
1166,
-2,
31,
-1,
1167,
-2,
31,
-1,
1168,
-2,
31,
-1,
1169,
-2,
31,
-1,
1170,
-2,
31,
-1,
1171,
-2,
31,
-1,
1172,
-2,
31,
-1,
1173,
-2,
31,
-1,
1174,
-2,
31,
-1,
1175,
-2,
31,
-1,
1176,
-2,
31,
-1,
1177,
-2,
31,
-1,
1178,
-2,
31,
-1,
1179,
-2,
31,
-1,
1180,
-2,
31,
-1,
1181,
-2,
31,
-1,
1182,
-2,
31,
-1,
1183,
-2,
31,
-1,
1184,
-2,
31,
-1,
1185,
-2,
31,
-1,
1186,
-2,
31,
-1,
1187,
-2,
31,
-1,
1188,
-2,
31,
-1,
1189,
-2,
31,
-1,
1190,
-2,
31,
-1,
1191,
-2,
31,
-1,
1192,
-2,
31,
-1,
1193,
-2,
31,
-1,
1194,
-2,
31,
-1,
1195,
-2,
32,
-2,
31,
-1,
1196,
-2,
32,
-2,
31,
-1,
1197,
-2,
32,
-2,
31,
-1,
1198,
-2,
32,
-2,
31,
-1,
1199,
-2,
32,
-2,
31,
-1,
1200,
-2,
32,
-2,
31,
